   1.444  -0.144  18.867
   1.427  -0.142  19.400
   1.422  -0.137  19.933
   1.417  -0.111  20.483
   1.401  -0.117  21.017
   1.397  -0.107  21.550
   1.423  -0.086  22.100
   1.365  -0.111  22.633
   1.376  -0.101  23.167
   1.398  -0.101  23.700
   1.404  -0.096  24.250
   1.376  -0.099  24.783
   1.374  -0.080  25.317
   1.370  -0.063  25.867
   1.368  -0.067  26.400
   1.376  -0.062  26.933
   1.408  -0.095  27.467
   1.389  -0.076  28.017
   1.382  -0.088  28.550
   1.366  -0.084  29.083
   1.392  -0.081  29.633
   1.386  -0.069  29.800
   1.394  -0.096
