MRH 20150626
    23.49    70.01   116.51   163.00   209.48   256.01   302.48
    46.52    46.49    46.49    46.48    46.53    46.48    46.48
     0.85465622     0.57252830     0.36709005     0.22372350     0.12364525     0.06452780     0.02571136     0.00699224    -0.00369810    -0.00535104    -0.00652681    -0.00494644    -0.00416071    -0.00257776    -0.00180728    -0.00004871     0.00016224    -0.00019785
    -0.01264805    -0.03253940    -0.03489564    -0.04280962    -0.04240178    -0.04055107    -0.03489796    -0.02804932    -0.02239958    -0.01448702    -0.00880825    -0.00382151    -0.00182604     0.00078676     0.00004454     0.00177507     0.00101482     0.00096307
     1.00000000     0.66986144     0.43152022     0.26573041     0.15322468     0.08885791     0.05121826     0.03402848     0.02669382     0.01875890     0.01309601     0.00846798     0.00614321     0.00435699     0.00401628     0.00346828     0.00358726     0.00304564
     0.83249336     0.53789532     0.32918975     0.18732646     0.09815844     0.04986075     0.02316140     0.00749804     0.00243023     0.00030359    -0.00007834    -0.00063016    -0.00009403    -0.00078957    -0.00099433    -0.00091461    -0.00080459    -0.00055119
     0.04442734     0.04642228     0.03382405     0.01090343    -0.00743202    -0.01838041    -0.01961215    -0.01761532    -0.01557605    -0.01028171    -0.00633425    -0.00477594    -0.00273144     0.00092830    -0.00022679    -0.00014205    -0.00100992    -0.00187743
     1.00000000     0.64736521     0.39686960     0.22501171     0.11838781     0.06405369     0.03759390     0.02456290     0.01997706     0.01285444     0.00859783     0.00713214     0.00751467     0.00585144     0.00463039     0.00448424     0.00434921     0.00509019
     0.82869864     0.51751989     0.29652420     0.15424716     0.06724791     0.02290115     0.00294050    -0.00347932    -0.00398023    -0.00343234    -0.00337307    -0.00293157    -0.00144195    -0.00116118    -0.00067503    -0.00119274    -0.00229229    -0.00240417
     0.01463462     0.00491781    -0.00838976    -0.01940840    -0.02272540    -0.02123616    -0.01744396    -0.01220987    -0.00701414    -0.00347051    -0.00163603    -0.00069761    -0.00021760     0.00011475    -0.00113963    -0.00184636    -0.00064724    -0.00064062
     1.00000000     0.62748230     0.36260897     0.19198717     0.08867975     0.03953556     0.02281726     0.01724693     0.01157003     0.00744868     0.00640407     0.00537840     0.00500513     0.00402040     0.00430778     0.00525310     0.00624796     0.00663321
     0.81934983     0.49793771     0.27452242     0.13286793     0.05054767     0.01190703    -0.00205910    -0.00678259    -0.00574023    -0.00252030    -0.00051114     0.00014978    -0.00068243     0.00058790     0.00053623    -0.00011367    -0.00043625    -0.00023447
     0.03856358     0.03759988     0.02007087    -0.00064220    -0.01094808    -0.01501781    -0.01316884    -0.00867977    -0.00357807    -0.00043505     0.00026839     0.00286595     0.00245022     0.00151695     0.00116122     0.00107306     0.00110110     0.00075995
     1.00000000     0.60874999     0.33566085     0.16214156     0.06328140     0.02409702     0.01758020     0.01396574     0.01006843     0.00569893     0.00467159     0.00614703     0.00526798     0.00445566     0.00424258     0.00437074     0.00428959     0.00378865
     0.81372559     0.47786993     0.24560447     0.10619619     0.03226669     0.00279253    -0.00679995    -0.00561106    -0.00272500    -0.00146105    -0.00089881    -0.00027770     0.00025828    -0.00006049     0.00012553     0.00045689     0.00119701     0.00054749
     0.05214082     0.05018226     0.02622969     0.00523367    -0.00708635    -0.01300508    -0.01082432    -0.00754906    -0.00433833    -0.00136844     0.00054396     0.00052883     0.00008491    -0.00059907    -0.00145389     0.00021219    -0.00009926    -0.00030566
     1.00000000     0.59245843     0.30786854     0.13416708     0.04267861     0.01730550     0.01709722     0.01309639     0.00884675     0.00406492     0.00458875     0.00416491     0.00342717     0.00413757     0.00581998     0.00397756     0.00427150     0.00351669
     0.81226283     0.46121916     0.22437486     0.08491506     0.01560066    -0.00602604    -0.01188413    -0.01097134    -0.00451925    -0.00059649    -0.00200752    -0.00019754    -0.00024193    -0.00260675    -0.00259597     0.00011060    -0.00073720    -0.00137524
     0.03482346     0.03165635     0.01400524    -0.00038160    -0.00554064    -0.00586047    -0.00668002    -0.00433090    -0.00027072    -0.00066103    -0.00118961    -0.00021205    -0.00343005    -0.00363671    -0.00232293    -0.00282612    -0.00319760     0.00033296
     1.00000000     0.56852281     0.27657723     0.10477629     0.02291871     0.01243912     0.01788570     0.01497572     0.00748021     0.00556420     0.00534558     0.00530524     0.00620713     0.00695882     0.00721640     0.00634471     0.00529231     0.00554456
     0.80277151     0.43746722     0.19951379     0.06121442    -0.00008837    -0.01082436    -0.01038095    -0.00514146     0.00195506     0.00298524     0.00002954     0.00060623    -0.00053177    -0.00288521    -0.00179963    -0.00198156    -0.00196342    -0.00217399
     0.03775042     0.04278482     0.01989420     0.00250487    -0.00214928    -0.00477075    -0.00800281    -0.00225437    -0.00130799    -0.00030039     0.00299648     0.00370102     0.00137900     0.00161905     0.00029423     0.00020075     0.00065887     0.00073130
     1.00000000     0.55034572     0.25371948     0.07904524     0.00990153     0.02007451     0.01954938     0.00910440     0.00652991     0.00773101     0.00858938     0.00777093     0.00785464     0.01068813     0.00969774     0.01255429     0.01327563     0.01472089
   1.394  -0.096  400    2    0    0    0  0.000 18.000
