                 MRH
   26    6 2015
    18.5019        NaN        NaN        NaN        NaN     873.06      74.89  102.5   -0.0  630.0  180.0
    19.0402        NaN        NaN        NaN        NaN     717.32     137.84  102.5   -0.0  630.0  180.0
    19.5785        NaN        NaN        NaN        NaN     435.92     206.02  102.5   -0.0  630.0  180.0
    20.1169        NaN        NaN        NaN        NaN     338.08     237.84  102.5   -0.0  630.0  180.0
    20.6549        NaN        NaN        NaN        NaN     606.48     318.99  102.5   -0.0  630.0  180.0
    21.1932        NaN        NaN        NaN        NaN     643.46     229.41  102.5   -0.0  630.0  180.0
    21.7314        NaN        NaN        NaN        NaN     650.17     131.81  102.5   -0.0  630.0  180.0
    22.2697        NaN        NaN        NaN        NaN     649.95     143.66  102.5   -0.0  630.0  180.0
    22.8080        NaN        NaN        NaN        NaN     573.08     146.73  102.5   -0.0  630.0  180.0
    23.3463        NaN        NaN        NaN        NaN     678.15     142.75  102.5   -0.0  630.0  180.0
    23.8846        NaN        NaN        NaN        NaN     703.21      77.26  102.5   -0.0  630.0  180.0
    24.4229        NaN        NaN        NaN        NaN     721.93      43.66  102.5   -0.0  630.0  180.0
    24.9612        NaN        NaN        NaN        NaN     668.82      72.45  102.5   -0.0  630.0  180.0
    25.4995        NaN        NaN        NaN        NaN     763.41      61.32  102.5   -0.0  630.0  180.0
    26.0378        NaN        NaN        NaN        NaN     675.75      61.87  102.5   -0.0  630.0  180.0
    26.5760        NaN        NaN        NaN        NaN     629.72      84.57  102.5   -0.0  630.0  180.0
    27.1144        NaN        NaN        NaN        NaN     640.84     159.81  102.5   -0.0  630.0  180.0
    27.6527        NaN        NaN        NaN        NaN     685.96     181.90  102.5   -0.0  630.0  180.0
    28.1909        NaN        NaN        NaN        NaN     555.26     231.82  102.5   -0.0  630.0  180.0
    28.7293        NaN        NaN        NaN        NaN     590.32     150.67  102.5   -0.0  630.0  180.0
    29.2676        NaN        NaN        NaN        NaN     424.10     160.61  102.5   -0.0  630.0  180.0
    18.6072      -7.02      32.45        NaN        NaN     859.63     121.03   89.9  -45.0  630.0  180.0
    19.1454      76.23      52.54        NaN        NaN     468.71     156.73   89.9  -45.0  630.0  180.0
    19.6837     129.49      67.93        NaN        NaN     890.31     446.77   89.9  -45.0  630.0  180.0
    20.2219     -20.44     100.15        NaN        NaN     379.82     300.84   89.9  -45.0  630.0  180.0
    20.7601      85.56     105.35        NaN        NaN     547.74     397.65   89.9  -45.0  630.0  180.0
    21.2984     -32.44      65.74        NaN        NaN     548.68     200.53   89.9  -45.0  630.0  180.0
    21.8367      -4.39      41.02        NaN        NaN     657.22     132.41   89.9  -45.0  630.0  180.0
    22.3749       8.04      39.06        NaN        NaN     696.44     132.78   89.9  -45.0  630.0  180.0
    22.9132      33.94      51.84        NaN        NaN     666.92     170.57   89.9  -45.0  630.0  180.0
    23.4515      -1.64      30.25        NaN        NaN     694.31     100.94   89.9  -45.0  630.0  180.0
    23.9898      13.28      33.64        NaN        NaN     744.78     117.03   89.9  -45.0  630.0  180.0
    24.5282      -7.94      21.66        NaN        NaN     673.59      70.47   89.9  -45.0  630.0  180.0
    25.0665     -13.41      13.41        NaN        NaN     691.85      43.83   89.9  -45.0  630.0  180.0
    25.6047       1.86      35.91        NaN        NaN     660.51     116.42   89.9  -45.0  630.0  180.0
    26.1430       8.23      30.56        NaN        NaN     735.56     106.42   89.9  -45.0  630.0  180.0
    26.6813       9.75      28.30        NaN        NaN     613.72      87.13   89.9  -45.0  630.0  180.0
    27.2196     -26.10      67.75        NaN        NaN     812.45     250.62   89.9  -45.0  630.0  180.0
    27.7579      -7.58      67.82        NaN        NaN     763.58     242.38   89.9  -45.0  630.0  180.0
    28.2962      26.99      98.18        NaN        NaN     716.74     379.02   89.9  -45.0  630.0  180.0
    28.8346      42.62      67.34        NaN        NaN     580.84     205.55   89.9  -45.0  630.0  180.0
    29.3729      34.45      70.00        NaN        NaN     568.35     214.97   89.9  -45.0  630.0  180.0
