                 MRH
   26    6 2015
    18.5019      -5.27      13.98     873.06      74.89     660.33      22.67  102.5   -0.0  630.0  180.0
    19.0402       3.57      28.15     717.32     137.84     216.46      14.99  102.5   -0.0  630.0  180.0
    19.5785      -8.31      50.14     435.92     206.02      77.39       9.33  102.5   -0.0  630.0  180.0
    20.1169      62.30      72.97     338.08     237.84      81.79      13.48  102.5   -0.0  630.0  180.0
    20.6549     -21.31      63.14     606.48     318.99     103.04      16.60  102.5   -0.0  630.0  180.0
    21.1932      17.74      50.00     643.46     229.41     182.08      21.96  102.5   -0.0  630.0  180.0
    21.7314      22.93      29.25     650.17     131.81     307.64      21.15  102.5   -0.0  630.0  180.0
    22.2697      -0.53      31.64     649.95     143.66     277.02      20.89  102.5   -0.0  630.0  180.0
    22.8080      -2.91      34.30     573.08     146.73     241.31      19.41  102.5   -0.0  630.0  180.0
    23.3463     -20.70      30.57     678.15     142.75     273.39      20.15  102.5   -0.0  630.0  180.0
    23.8846     -19.13      16.36     703.21      77.26     295.07      11.40  102.5   -0.0  630.0  180.0
    24.4229       7.22       9.23     721.93      43.66     564.15      12.07  102.5   -0.0  630.0  180.0
    24.9612      14.25      15.80     668.82      72.45     504.85      18.78  102.5   -0.0  630.0  180.0
    25.4995      16.88      12.40     763.41      61.32     357.37      10.52  102.5   -0.0  630.0  180.0
    26.0378      -2.64      13.51     675.75      61.87     317.38       9.99  102.5   -0.0  630.0  180.0
    26.5760      -3.39      18.90     629.72      84.57     335.89      15.05  102.5   -0.0  630.0  180.0
    27.1144       1.44      35.02     640.84     159.81     206.64      17.35  102.5   -0.0  630.0  180.0
    27.6527       4.35      38.16     685.96     181.90     196.35      18.23  102.5   -0.0  630.0  180.0
    28.1909      19.05      55.28     555.26     231.82     123.73      16.03  102.5   -0.0  630.0  180.0
    28.7293     -11.37      34.79     590.32     150.67     194.07      16.07  102.5   -0.0  630.0  180.0
    29.2676       5.79      42.88     424.10     160.61     150.51      15.18  102.5   -0.0  630.0  180.0
    18.3965       0.93      15.32     916.94      85.00     673.09      25.49   12.8  -50.2  630.0  180.0
    18.8820     -15.37      27.00     805.69     145.16     245.92      17.15   12.8  -50.2  630.0  180.0
    19.4203       3.90      51.74     471.43     206.58      88.17      10.92   12.8  -50.2  630.0  180.0
    19.9585      -2.98      58.18     296.65     273.89      52.33       9.50   12.8  -50.2  630.0  180.0
    20.4967     -31.00      80.55     559.08     337.57      89.56      17.08   12.8  -50.2  630.0  180.0
    21.0349     -15.09      63.95     586.60     312.28     135.35      22.55   12.8  -50.2  630.0  180.0
    21.5732      43.19      40.26     590.15     171.73     217.50      20.14   12.8  -50.2  630.0  180.0
    22.1114       1.72      25.68     663.68     118.51     234.89      14.43   12.8  -50.2  630.0  180.0
    22.6498     -26.27      33.38     700.98     161.83     197.19      16.13   12.8  -50.2  630.0  180.0
    23.1880     -26.47      25.22     725.48     122.98     213.48      12.90   12.8  -50.2  630.0  180.0
    23.7263      -5.85      26.97     702.90     128.73     275.74      17.97   12.8  -50.2  630.0  180.0
    24.2647     -10.08      13.48     719.32      64.64     344.25      10.92   12.8  -50.2  630.0  180.0
    24.8030      23.43      17.01     748.11      83.65     476.81      19.53   12.8  -50.2  630.0  180.0
    25.3412      21.61      14.43     698.86      67.62     304.26      10.24   12.8  -50.2  630.0  180.0
    25.8796       7.21      22.63     723.13     110.12     330.14      18.01   12.8  -50.2  630.0  180.0
    26.4178      -5.55      29.02     724.47     140.93     269.48      18.98   12.8  -50.2  630.0  180.0
    26.9564     -16.86      22.77     655.83     104.85     179.84       9.70   12.8  -50.2  630.0  180.0
    27.4946      17.27      43.87     663.16     204.88     162.66      17.25   12.8  -50.2  630.0  180.0
    28.0327      39.51      57.05     486.29     226.37     109.44      14.94   12.8  -50.2  630.0  180.0
    28.5711      23.50      64.73     557.88     280.25     104.30      16.71   12.8  -50.2  630.0  180.0
    29.1094     -94.90      55.12     592.44     257.06     130.13      18.44   12.8  -50.2  630.0  180.0
    29.6477       2.26      28.55     742.51     142.26     296.95      20.85   12.8  -50.2  630.0  180.0
    18.4494       2.00      17.08     926.13      95.73     585.98      25.02  102.5   50.2  630.0  180.0
    18.9876      16.11      32.75     586.49     144.68     170.88      13.57  102.5   50.2  630.0  180.0
    19.5260     -32.94      58.94     615.75     271.95      80.70      11.90  102.5   50.2  630.0  180.0
    20.0642     -42.86      82.52     394.96     404.60      58.43      11.92  102.5   50.2  630.0  180.0
    20.6024       1.25      75.31     478.16     289.45      97.45      17.34  102.5   50.2  630.0  180.0
    21.1406      31.55      57.48     571.86     250.15     144.44      20.01  102.5   50.2  630.0  180.0
    21.6789      14.55      32.54     674.56     150.69     257.90      20.29  102.5   50.2  630.0  180.0
    22.2171      -5.11      38.54     601.67     172.82     215.71      19.91  102.5   50.2  630.0  180.0
    22.7555       1.62      26.52     643.86     122.50     202.05      12.87  102.5   50.2  630.0  180.0
    23.2937      -3.24      39.58     654.83     180.14     204.20      19.22  102.5   50.2  630.0  180.0
    23.8320      -3.24      21.58     644.15      97.12     209.79      10.63  102.5   50.2  630.0  180.0
    24.3704      17.58      16.88     685.94      78.78     401.93      16.07  102.5   50.2  630.0  180.0
    24.9087      22.10      12.01     666.98      54.47     392.14      10.86  102.5   50.2  630.0  180.0
    25.4470      21.57      26.00     731.37     126.54     304.84      19.13  102.5   50.2  630.0  180.0
    25.9853       2.75      24.49     745.25     121.38     314.49      18.76  102.5   50.2  630.0  180.0
    26.5235       4.15      24.23     730.19     118.28     304.06      17.88  102.5   50.2  630.0  180.0
    27.0619       8.16      35.86     616.12     162.79     198.19      17.15  102.5   50.2  630.0  180.0
    27.6001     -16.00      47.94     684.44     227.28     144.29      16.84  102.5   50.2  630.0  180.0
    28.1384     -19.27      65.26     497.63     276.11      96.92      15.57  102.5   50.2  630.0  180.0
    28.6768       4.18      48.22     591.17     212.47     150.96      17.59  102.5   50.2  630.0  180.0
    29.2151      14.50      55.42     670.07     263.60     134.54      18.22  102.5   50.2  630.0  180.0
    29.7534      20.81      27.12     737.71     134.05     412.39      27.26  102.5   50.2  630.0  180.0
    18.5546      11.01      16.49     881.45      89.14     499.84      20.23   45.0  -45.0  630.0  180.0
    19.0929      -7.84      36.53     668.63     180.54     177.33      16.36   45.0  -45.0  630.0  180.0
    19.6312     -13.22      44.31     527.01     294.37      56.83       7.41   45.0  -45.0  630.0  180.0
    20.1694     -87.66      83.42     317.83     411.65      64.92      13.04   45.0  -45.0  630.0  180.0
    20.7076      18.43      85.03     774.65     420.63     113.62      23.97   45.0  -45.0  630.0  180.0
    21.2461      -2.03      50.58     742.33     251.52     185.66      23.20   45.0  -45.0  630.0  180.0
    21.7841      10.67      34.75     738.93     175.31     267.41      22.99   45.0  -45.0  630.0  180.0
    22.3224      25.68      26.79     604.84     116.80     245.41      15.40   45.0  -45.0  630.0  180.0
    22.8607      19.75      38.45     573.49     161.09     207.77      18.65   45.0  -45.0  630.0  180.0
    23.3990       9.26      23.57     695.57     111.72     250.35      14.22   45.0  -45.0  630.0  180.0
    23.9373       6.12      33.04     723.65     160.10     245.68      19.65   45.0  -45.0  630.0  180.0
    24.4756       4.13      16.44     770.17      82.49     501.23      19.88   45.0  -45.0  630.0  180.0
    25.0140       1.69      14.42     733.46      69.85     534.55      18.42   45.0  -45.0  630.0  180.0
    25.5522      17.49      28.19     710.32     134.51     281.07      19.12   45.0  -45.0  630.0  180.0
    26.0905      -5.01      22.51     717.22     108.52     284.12      15.50   45.0  -45.0  630.0  180.0
    26.6287       2.40      24.31     711.53     116.85     323.41      19.01   45.0  -45.0  630.0  180.0
    27.1671      -3.49      41.56     555.34     172.93     141.12      13.62   45.0  -45.0  630.0  180.0
    27.7054     -10.27      43.78     703.82     214.33     171.43      18.92   45.0  -45.0  630.0  180.0
    28.2437     -15.09      83.86     651.71     399.91      78.41      16.37   45.0  -45.0  630.0  180.0
    28.7820     -19.13      45.90     651.66     212.51     162.52      18.13   45.0  -45.0  630.0  180.0
    29.3203     -26.38      57.34     815.75     305.12     143.33      20.76   45.0  -45.0  630.0  180.0
    18.6072       4.97      22.95     859.63     121.03     387.45      21.68   89.9  -45.0  630.0  180.0
    19.1454     -53.90      37.15     468.71     156.73     137.12      12.48   89.9  -45.0  630.0  180.0
    19.6837     -91.56      48.03     890.31     446.77      64.14       8.68   89.9  -45.0  630.0  180.0
    20.2219      14.45      70.82     379.82     300.84      64.86      11.12   89.9  -45.0  630.0  180.0
    20.7601     -60.50      74.50     547.74     397.65      96.06      16.46   89.9  -45.0  630.0  180.0
    21.2984      22.94      46.49     548.68     200.53     184.00      20.41   89.9  -45.0  630.0  180.0
    21.8367       3.11      29.00     657.22     132.41     259.19      17.82   89.9  -45.0  630.0  180.0
    22.3749      -5.68      27.62     696.44     132.78     257.27      17.28   89.9  -45.0  630.0  180.0
    22.9132     -24.00      36.66     666.92     170.57     209.05      18.58   89.9  -45.0  630.0  180.0
    23.4515       1.16      21.39     694.31     100.94     246.60      12.55   89.9  -45.0  630.0  180.0
    23.9898      -9.39      23.79     744.78     117.03     309.53      17.78   89.9  -45.0  630.0  180.0
    24.5282       5.61      15.31     673.59      70.47     539.44      19.56   89.9  -45.0  630.0  180.0
    25.0665       9.48       9.48     691.85      43.83     478.45      10.46   89.9  -45.0  630.0  180.0
    25.6047      -1.32      25.39     660.51     116.42     256.63      15.48   89.9  -45.0  630.0  180.0
    26.1430      -5.82      21.61     735.56     106.42     357.05      18.77   89.9  -45.0  630.0  180.0
    26.6813      -6.89      20.01     613.72      87.13     318.42      14.91   89.9  -45.0  630.0  180.0
    27.2196      18.45      47.91     812.45     250.62     170.52      20.44   89.9  -45.0  630.0  180.0
    27.7579       5.36      47.95     763.58     242.38     166.41      19.99   89.9  -45.0  630.0  180.0
    28.2962     -19.08      69.43     716.74     379.02     113.47      20.91   89.9  -45.0  630.0  180.0
    28.8346     -30.14      47.62     580.84     205.55     145.52      16.52   89.9  -45.0  630.0  180.0
    29.3729     -24.36      49.50     568.35     214.97     143.74      17.21   89.9  -45.0  630.0  180.0
    18.6597      -7.44      23.40     826.01     121.96     372.11      21.41  135.0  -45.0  630.0  180.0
    18.7119       0.71      23.88     783.83     119.60     367.80      21.12  135.0  -45.0  630.0  180.0
    18.7641       4.09      28.89     943.77     163.54     340.71      24.69  135.0  -45.0  630.0  180.0
    18.8163     -17.25      28.95     804.43     150.60     291.91      20.82  135.0  -45.0  630.0  180.0
    19.1980     -10.28      37.51     831.06     202.67     145.73      14.05  135.0  -45.0  630.0  180.0
    19.2502     -25.19      38.67     690.84     185.51     136.13      12.89  135.0  -45.0  630.0  180.0
    19.3024     -10.39      38.78     530.34     155.66     121.88      11.06  135.0  -45.0  630.0  180.0
    19.3546      -5.28      46.30     519.94     214.67     109.62      12.54  135.0  -45.0  630.0  180.0
    19.7363     -44.76      66.12     466.54     291.51      62.84       9.19  135.0  -45.0  630.0  180.0
    19.7885     -56.58      74.42     468.45     361.09      71.57      14.34  135.0  -45.0  630.0  180.0
    19.8407      12.18      59.49     460.98     312.53      69.56      10.09  135.0  -45.0  630.0  180.0
    19.8929     -55.43      68.46     414.85     303.59      61.50       9.44  135.0  -45.0  630.0  180.0
    20.2745      57.18      82.74     281.84     274.86      72.10      15.17  135.0  -45.0  630.0  180.0
    20.3268      22.74      80.26     371.58     314.30      57.63      10.68  135.0  -45.0  630.0  180.0
    20.3790     -33.01      54.87     207.19     244.67      69.39      10.48  135.0  -45.0  630.0  180.0
    20.4313      13.47      82.97     406.57     333.27      78.72      15.28  135.0  -45.0  630.0  180.0
    20.8127     -20.17      65.10     642.27     316.81     126.04      21.51  135.0  -45.0  630.0  180.0
    20.8649     -39.41      64.85     637.07     358.56      96.04      15.56  135.0  -45.0  630.0  180.0
    20.9171      16.47      60.44     609.59     270.29     135.31      19.99  135.0  -45.0  630.0  180.0
    20.9694     -12.28      63.45     563.12     314.39     128.78      22.14  135.0  -45.0  630.0  180.0
    21.3509       3.90      45.17     650.29     206.07     200.68      21.81  135.0  -45.0  630.0  180.0
    21.4031      41.53      45.70     712.17     220.74     200.96      22.28  135.0  -45.0  630.0  180.0
    21.4554      22.32      42.78     740.46     209.00     223.22      23.02  135.0  -45.0  630.0  180.0
    21.5076       6.07      35.47     575.82     152.35     236.65      19.84  135.0  -45.0  630.0  180.0
    21.8894      12.39      33.80     648.79     154.12     239.36      19.39  135.0  -45.0  630.0  180.0
    21.9415      29.64      25.30     554.96     104.37     261.18      15.29  135.0  -45.0  630.0  180.0
    21.9938      51.25      24.20     595.35     103.53     262.25      14.67  135.0  -45.0  630.0  180.0
    22.0460      33.87      23.97     612.98     104.70     262.67      14.66  135.0  -45.0  630.0  180.0
    22.4274      16.58      27.51     537.18     113.79     231.05      14.76  135.0  -45.0  630.0  180.0
    22.4797       7.15      27.32     735.61     132.81     234.34      15.55  135.0  -45.0  630.0  180.0
    22.5319     -14.55      36.01     551.76     153.99     215.54      18.53  135.0  -45.0  630.0  180.0
    22.5841       4.29      37.07     628.40     165.49     224.01      19.83  135.0  -45.0  630.0  180.0
    22.9658     -18.88      32.56     613.91     146.02     192.58      14.98  135.0  -45.0  630.0  180.0
    23.0180     -28.30      25.89     535.14     108.53     189.55      11.49  135.0  -45.0  630.0  180.0
    23.0702       4.22      39.00     649.73     176.57     204.50      18.93  135.0  -45.0  630.0  180.0
    23.1224     -25.06      39.62     658.55     186.08     210.29      20.30  135.0  -45.0  630.0  180.0
    23.5041     -10.09      32.79     668.37     153.62     234.97      18.58  135.0  -45.0  630.0  180.0
    23.5563       6.43      32.47     684.86     152.00     254.20      19.85  135.0  -45.0  630.0  180.0
    23.6085       5.52      27.07     656.14     124.65     267.36      17.09  135.0  -45.0  630.0  180.0
    23.6607      -1.43      20.15     697.33      94.34     246.22      11.71  135.0  -45.0  630.0  180.0
    24.0423      17.93      23.23     727.19     112.27     301.89      16.93  135.0  -45.0  630.0  180.0
    24.0946      10.53      20.76     702.88      98.47     320.91      15.84  135.0  -45.0  630.0  180.0
    24.1468      -7.83      23.22     730.86     112.83     349.90      19.66  135.0  -45.0  630.0  180.0
    24.1990      -3.24      13.53     672.48      62.01     396.14      12.50  135.0  -45.0  630.0  180.0
    24.5807       3.33       8.81     726.54      41.92     578.53      11.72  135.0  -45.0  630.0  180.0
    24.6330      13.22      13.00     678.88      59.93     628.03      19.30  135.0  -45.0  630.0  180.0
    24.6852       8.71      11.64     756.28      57.30     677.92      18.92  135.0  -45.0  630.0  180.0
    24.7374      11.24       8.80     665.82      39.58     580.93      11.63  135.0  -45.0  630.0  180.0
    25.1190       6.61      18.06     707.64      86.10     441.27      19.17  135.0  -45.0  630.0  180.0
    25.1712       5.91      17.94     732.85      87.30     446.45      19.30  135.0  -45.0  630.0  180.0
    25.2235      12.66      10.37     690.79      47.96     438.26      10.48  135.0  -45.0  630.0  180.0
    25.2757      10.12      20.33     747.95     100.23     395.49      19.48  135.0  -45.0  630.0  180.0
    25.6574      12.60      18.98     647.28      85.20     249.16      11.08  135.0  -45.0  630.0  180.0
    25.7097      -2.59      23.38     715.08     113.00     319.61      18.09  135.0  -45.0  630.0  180.0
    25.7618      -7.09      14.06     674.76      65.41     290.01       9.48  135.0  -45.0  630.0  180.0
    25.8139       7.38      22.39     625.45      99.27     296.62      15.64  135.0  -45.0  630.0  180.0
    26.1956      -0.99      12.90     764.17      64.10     331.22      10.17  135.0  -45.0  630.0  180.0
    26.2480     -16.84      23.15     731.67     113.87     333.18      18.83  135.0  -45.0  630.0  180.0
    26.3000     -10.57      22.71     638.79     102.51     282.01      15.23  135.0  -45.0  630.0  180.0
    26.3525       2.12      22.69     672.10     105.51     285.54      15.53  135.0  -45.0  630.0  180.0
    26.7338       9.73      21.18     666.63      97.49     335.03      16.94  135.0  -45.0  630.0  180.0
    26.7860      -6.18      27.75     704.91     132.65     282.81      19.09  135.0  -45.0  630.0  180.0
    26.8383       9.17      17.81     687.24      83.00     251.28      10.52  135.0  -45.0  630.0  180.0
    26.8905      20.84      34.30     690.08     161.01     222.86      18.34  135.0  -45.0  630.0  180.0
    27.2722       1.31      51.58     625.45     242.55     145.48      18.40  135.0  -45.0  630.0  180.0
    27.3244      29.02      37.23     650.87     169.02     130.14      11.59  135.0  -45.0  630.0  180.0
    27.3766      -6.23      45.85     562.84     197.98     150.69      16.76  135.0  -45.0  630.0  180.0
    27.4288      -0.49      43.91     672.96     205.84     159.50      16.95  135.0  -45.0  630.0  180.0
    27.8105      19.00      49.82     726.26     247.94     159.08      19.55  135.0  -45.0  630.0  180.0
    27.8627     -15.06      50.07     615.56     221.55     145.06      17.54  135.0  -45.0  630.0  180.0
    27.9149     -14.50      55.89     637.55     262.92     118.04      16.74  135.0  -45.0  630.0  180.0
    27.9671     -25.49      54.46     630.80     251.64     125.21      16.75  135.0  -45.0  630.0  180.0
    28.3487     -13.65      78.18     579.93     380.11      65.36      12.06  135.0  -45.0  630.0  180.0
    28.4009      27.12      67.44     673.87     316.59     104.97      17.13  135.0  -45.0  630.0  180.0
    28.4532     -69.00      67.30     659.39     324.78     112.47      19.34  135.0  -45.0  630.0  180.0
    28.5054      30.48      56.53     495.48     226.40     113.25      14.86  135.0  -45.0  630.0  180.0
    28.8871     -26.19      62.86     759.38     332.89     122.93      20.14  135.0  -45.0  630.0  180.0
    28.9393     -34.44      62.44     562.52     277.59     114.52      17.73  135.0  -45.0  630.0  180.0
    28.9915      14.88      59.80     576.45     260.16     121.21      17.42  135.0  -45.0  630.0  180.0
    29.0438     -22.60      58.89     739.41     292.99     130.90      19.11  135.0  -45.0  630.0  180.0
    29.4254      -7.16      44.44     767.96     225.25     180.47      19.71  135.0  -45.0  630.0  180.0
    29.4777      -7.64      31.82     696.66     155.09     233.58      18.15  135.0  -45.0  630.0  180.0
    29.5299      -3.50      31.87     663.89     147.13     247.66      18.91  135.0  -45.0  630.0  180.0
    29.5821      -4.96      25.39     684.81     119.78     317.36      19.30  135.0  -45.0  630.0  180.0
    18.9351      -6.36      26.09     717.20     125.09     214.50      13.29  147.5   39.9  630.0  180.0
    19.4734      25.19      53.43     460.87     213.77      78.54       9.68  147.5   39.9  630.0  180.0
    20.0116     -10.24      74.26     415.32     373.66      56.83      10.45  147.5   39.9  630.0  180.0
    20.5499       8.67      82.55     450.62     364.55      86.87      17.26  147.5   39.9  630.0  180.0
    21.0881     -10.54      60.01     796.07     310.71     153.97      23.29  147.5   39.9  630.0  180.0
    21.6263      21.48      36.24     620.77     161.92     245.38      21.05  147.5   39.9  630.0  180.0
    22.1646      -9.75      32.30     682.32     151.83     263.87      20.60  147.5   39.9  630.0  180.0
    22.7030      -9.29      29.05     672.47     134.35     212.09      14.67  147.5   39.9  630.0  180.0
    23.2412      14.30      22.60     694.41     105.31     226.70      12.00  147.5   39.9  630.0  180.0
    23.7796      -2.76      27.81     774.26     140.48     260.31      17.85  147.5   39.9  630.0  180.0
    24.3179       8.94      18.47     776.34      93.50     432.45      19.45  147.5   39.9  630.0  180.0
    24.8562      19.61      18.87     709.91      89.85     434.67      19.58  147.5   39.9  630.0  180.0
    25.3944       7.98      21.86     719.13     105.13     358.70      18.77  147.5   39.9  630.0  180.0
    25.9327      -7.64      22.92     614.52     100.36     282.14      15.23  147.5   39.9  630.0  180.0
    26.4710       4.20      12.93     726.99      62.09     305.28       9.20  147.5   39.9  630.0  180.0
    27.0093       4.74      32.05     682.09     150.26     228.18      17.63  147.5   39.9  630.0  180.0
    27.5476      -7.08      35.66     712.44     172.94     164.66      14.56  147.5   39.9  630.0  180.0
    28.0859     -18.82      54.21     657.80     261.56     135.31      18.66  147.5   39.9  630.0  180.0
    28.6242       7.76      46.56     733.64     226.87     157.59      17.72  147.5   39.9  630.0  180.0
    29.1626     -25.96      54.53     626.69     256.38     134.62      18.13  147.5   39.9  630.0  180.0
    29.7010      14.67      25.92     727.09     127.12     382.55      24.38  147.5   39.9  630.0  180.0
