                 MRH
   26    6 2015
      18.75     -7.02     32.45       NaN       NaN    866.35     71.16    630.0   1800
      19.25     76.23     52.54       NaN       NaN    593.01    104.36    630.0   1800
      19.75    129.49     67.93       NaN       NaN    663.11    245.99    630.0   1800
      20.25    -20.44    100.15       NaN       NaN    358.95    191.75    630.0   1800
      20.75     85.56    105.35       NaN       NaN    577.11    254.89    630.0   1800
      21.25    -32.44     65.74       NaN       NaN    596.07    152.35    630.0   1800
      21.75     -4.39     41.02       NaN       NaN    653.69     93.42    630.0   1800
      22.25      8.04     39.06       NaN       NaN    673.20     97.81    630.0   1800
      22.75     33.94     51.84       NaN       NaN    620.00    112.50    630.0   1800
      23.25     -1.64     30.25       NaN       NaN    686.23     87.42    630.0   1800
      23.75     13.28     33.64       NaN       NaN    724.00     70.11    630.0   1800
      24.25       NaN       NaN       NaN       NaN    721.93     43.66    630.0   1800
      24.75     -7.94     21.66       NaN       NaN    671.21     50.54    630.0   1800
      25.25    -13.41     13.41       NaN       NaN    727.63     37.69    630.0   1800
      25.75      1.86     35.91       NaN       NaN    660.51    116.42    630.0   1800
      26.25      8.23     30.56       NaN       NaN    705.65     61.55    630.0   1800
      26.75      9.75     28.30       NaN       NaN    621.72     60.71    630.0   1800
      27.25    -26.10     67.75       NaN       NaN    726.64    148.62    630.0   1800
      27.75     -7.58     67.82       NaN       NaN    724.77    151.52    630.0   1800
      28.25     26.99     98.18       NaN       NaN    636.00    222.15    630.0   1800
      28.75     42.62     67.34       NaN       NaN    585.58    127.43    630.0   1800
      29.25     34.45     70.00       NaN       NaN    496.22    134.17    630.0   1800
