  Image    fringe1  fringe2  fringe3  fringe4  fringe5  fringe6  fringe7
-----------------------------------------------------------------------------
    1     0.718533 0.719924 0.718035 0.706676 0.701648 0.702958 0.702460
    2     0.717965 0.720791 0.719999 0.706504 0.703608 0.697259 0.702280
    3     0.716700 0.717381 0.718300 0.708524 0.707279 0.705169 0.705356
    4     0.715204 0.719531 0.715970 0.707416 0.702571 0.692845 0.705836
    5     0.716383 0.712943 0.712970 0.703341 0.705185 0.708693 0.710452
    6     0.716337 0.722435 0.723567 0.711322 0.703267 0.698662 0.704418
    7     0.714775 0.713933 0.725592 0.712458 0.700028 0.698501 0.709185
    8     0.715417 0.713109 0.718782 0.710447 0.705624 0.697609 0.708138
    9     0.710400 0.724741 0.720454 0.716653 0.704640 0.708248 0.711231
   10     0.715285 0.714089 0.727290 0.699294 0.702509 0.714765 0.718605
   11     0.712417 0.713337 0.722044 0.709675 0.712493 0.703611 0.710948
   12     0.717614 0.718585 0.720090 0.687034 0.713330 0.690484 0.706467
   13     0.703175 0.717372 0.712756 0.712811 0.717925 0.699741 0.718110
   14     0.718409 0.720292 0.712020 0.707774 0.707092 0.701426 0.716415
   15     0.717946 0.733281 0.725645 0.708413 0.717466 0.718379 0.727807
   16     0.704547 0.715626 0.728497 0.708926 0.717239 0.694878 0.728261
   17     0.724578 0.726660 0.717928 0.710878 0.714140 0.686052 0.733139
   18     0.715187 0.714224 0.734731 0.712964 0.697709 0.709271 0.720077
   19     0.705501 0.707340 0.730965 0.720183 0.718473 0.691789 0.733808
   20     0.708915 0.694130 0.738231 0.718271 0.708421 0.705151 0.738745
   21     0.725079 0.709585 0.728427 0.696700 0.702563 0.685526 0.750082
   22     0.708749 0.703460 0.760398 0.706599 0.720784 0.701701 0.745547
   23     0.698215 0.733649 0.728910 0.696195 0.707212 0.712693 0.722485
   24     0.692676 0.701179 0.724105 0.737360 0.689997 0.689194 0.754985
   25     0.719272 0.708983 0.723472 0.703255 0.731884 0.704938 0.772022
   26     0.735288 0.725057 0.729587 0.700527 0.708474 0.714147 0.674589
   27     0.706800 0.721449 0.733363 0.713752 0.752032 0.710436 0.818225
   28     0.688153 0.705137 0.724244 0.704564 0.719943 0.720469 0.740883
   29     0.723915 0.743001 0.724202 0.715828 0.716631 0.712991 0.968852
   30     0.700593 0.735182 0.724842 0.719893 0.751869 0.741601 0.791244
   31     0.706091 0.697652 0.712862 0.713385 0.724445 0.710353 0.866413
   32     0.709527 0.736734 0.714745 0.725018 0.723913 0.711984 0.765971
   33     0.705932 0.701092 0.752704 0.697676 0.685847 0.712609 0.961442
   34     0.709505 0.720401 0.749320 0.717077 0.722690 0.730564 0.764082
   35     0.712975 0.720931 0.701520 0.708056 0.716078 0.724055 0.692262
   36     0.712854 0.690388 0.717494 0.723727 0.698977 0.704627 0.743771
   37     0.723286 0.703996 0.735018 0.729115 0.675456 0.704747 0.709177
   38     0.707171 0.713484 0.736359 0.741870 0.716446 0.698996 0.695584
   39     0.696157 0.720547 0.755625 0.692882 0.712769 0.699643 0.755911
   40     0.709006 0.721057 0.748857 0.740326 0.700716 0.717397 0.804258
   41     0.719120 0.713087 0.730768 0.730020 0.720651 0.679574 0.689336
   42     0.712612 0.713245 0.730373 0.708737 0.721405 0.702263 0.761167
   43     0.716602 0.707848 0.732445 0.710826 0.717719 0.695365 0.729544
   44     0.712390 0.716303 0.723018 0.714142 0.721459 0.698513 0.763374
   45     0.701330 0.730128 0.750112 0.740237 0.711747 0.716816 0.756285
   46     0.722993 0.698598 0.737351 0.719114 0.721536 0.695808 0.727656
   47     0.698052 0.733463 0.735600 0.723855 0.705669 0.694321 0.739263
   48     0.712620 0.721780 0.740515 0.697402 0.691934 0.699151 0.712110
   49     0.700411 0.724181 0.735205 0.718484 0.708835 0.701738 0.728138
   50     0.713475 0.718796 0.728081 0.710367 0.707059 0.712037 0.746024
   51     0.724059 0.725309 0.733619 0.719001 0.694824 0.708492 0.712512
   52     0.702666 0.716716 0.715137 0.703476 0.707751 0.701023 0.723800
   53     0.717077 0.723654 0.723055 0.701741 0.706867 0.702443 0.708895
   54     0.703633 0.718812 0.727491 0.714074 0.706008 0.719892 0.722716
   55     0.713227 0.717339 0.714055 0.709458 0.710562 0.698134 0.723666
   56     0.711789 0.723195 0.727890 0.704772 0.699270 0.716147 0.732405
   57     0.719462 0.715161 0.714197 0.704857 0.707651 0.696651 0.700165
   58     0.720126 0.724892 0.723939 0.699829 0.699784 0.701017 0.717526
   59     0.723914 0.716358 0.732322 0.711230 0.702064 0.697838 0.722234
   60     0.709657 0.715263 0.717609 0.703280 0.705319 0.708367 0.703101
   61     0.716044 0.723395 0.718969 0.715795 0.702469 0.707723 0.697872
   62     0.718694 0.715184 0.727390 0.707452 0.707816 0.707851 0.715941
   63     0.711157 0.723832 0.723643 0.710890 0.702983 0.701480 0.713478
   64     0.717430 0.722601 0.719801 0.701734 0.717691 0.706710 0.720408
   65     0.716560 0.720796 0.720834 0.717990 0.717891 0.701361 0.721229
   66     0.711872 0.727303 0.727547 0.718047 0.702873 0.699764 0.713023
   67     0.717148 0.715358 0.717645 0.714138 0.705063 0.702050 0.714109
   68     0.711714 0.714222 0.725911 0.705630 0.710105 0.688899 0.707497
   69     0.717834 0.719150 0.715719 0.712734 0.709972 0.686955 0.717724
   70     0.719276 0.723080 0.726142 0.713473 0.709402 0.712542 0.715145
   71     0.729766 0.718779 0.731076 0.715324 0.709497 0.699488 0.728087
   72     0.720890 0.731521 0.723114 0.717306 0.707899 0.708921 0.719018
   73     0.726448 0.715102 0.721911 0.715766 0.714260 0.710017 0.723625
   74     0.714489 0.726837 0.722012 0.708868 0.701148 0.704125 0.722475
   75     0.723633 0.722567 0.726354 0.704020 0.715401 0.719480 0.722795
   76     0.720232 0.716130 0.724751 0.720500 0.719493 0.701924 0.704148
   77     0.719904 0.720734 0.724505 0.715041 0.720421 0.708393 0.707592
   78     0.719161 0.726202 0.727502 0.709401 0.723373 0.713121 0.725193
   79     0.718891 0.724570 0.731822 0.712315 0.700408 0.717707 0.717755
   80     0.726180 0.726239 0.731699 0.720559 0.715867 0.712658 0.724921
   81     0.724793 0.718745 0.734977 0.724338 0.711443 0.703097 0.721562
   82     0.717797 0.727999 0.734596 0.717401 0.715276 0.701503 0.714648
   83     0.727138 0.718263 0.719463 0.711629 0.720091 0.709133 0.729941
   84     0.723650 0.719931 0.714624 0.719650 0.715630 0.696657 0.717164
   85     0.717790 0.726273 0.728630 0.716713 0.729909 0.722620 0.722804
   86     0.717390 0.734670 0.741463 0.723299 0.702857 0.705751 0.723332
   87     0.740926 0.727730 0.737278 0.714217 0.708364 0.712436 0.723520
   88     0.721508 0.722527 0.729669 0.712204 0.712322 0.710879 0.724059
   89     0.727563 0.726123 0.726269 0.722160 0.713872 0.716429 0.733944
   90     0.732932 0.727488 0.731805 0.719779 0.714454 0.715845 0.722420
   91     0.727183 0.720581 0.723542 0.718703 0.709546 0.716823 0.703537
   92     0.727512 0.730195 0.727590 0.715346 0.710630 0.709614 0.721754
   93     0.731319 0.728259 0.722442 0.715228 0.716050 0.723893 0.726900
   94     0.728965 0.723860 0.724256 0.715050 0.713417 0.706062 0.716853
   95     0.734609 0.726733 0.728128 0.712747 0.702023 0.720351 0.713575
   96     0.733975 0.728913 0.725409 0.713594 0.712717 0.708281 0.730264
   97     0.728563 0.726876 0.728113 0.716434 0.713203 0.708991 0.709613
   98     0.728073 0.727347 0.721649 0.717490 0.716647 0.712191 0.713695
   99     0.732795 0.719569 0.728502 0.719928 0.715970 0.705781 0.723087
  100     0.731253 0.728508 0.727307 0.721200 0.708697 0.712458 0.721460
  101     0.736285 0.725333 0.724367 0.717890 0.715938 0.708561 0.717216
  102     0.724764 0.725882 0.728883 0.720162 0.718491 0.712230 0.721898
  103     0.733766 0.728646 0.730472 0.723573 0.714997 0.711519 0.723522
  104     0.726239 0.732726 0.730415 0.716414 0.709443 0.707658 0.715318
  105     0.729309 0.727561 0.729087 0.723206 0.717001 0.714428 0.717830
  106     0.722725 0.724176 0.729057 0.717092 0.713796 0.708588 0.711323
  107     0.725715 0.729740 0.733280 0.712665 0.713857 0.709606 0.712840
  108     0.728977 0.733893 0.729839 0.719649 0.717141 0.712064 0.716582
  109     0.729767 0.730090 0.720485 0.727226 0.719329 0.711052 0.714748
  110     0.732237 0.733357 0.730395 0.718851 0.718696 0.715612 0.711628
  111     0.729678 0.731597 0.727430 0.715703 0.715644 0.709082 0.710670
  112     0.729811 0.726834 0.723588 0.718652 0.712403 0.709321 0.709988
  113     0.732087 0.729886 0.725218 0.720789 0.716684 0.709957 0.705966
  114     0.730458 0.727923 0.726465 0.719015 0.717655 0.709381 0.717375
  115     0.729223 0.730339 0.723589 0.721249 0.716272 0.710842 0.714081
  116     0.731569 0.729584 0.728412 0.721504 0.714136 0.712479 0.709137
  117     0.730998 0.728948 0.723226 0.717903 0.715075 0.710568 0.710749
  118     0.726806 0.728447 0.724650 0.721220 0.717412 0.712637 0.713607
  119     0.734704 0.725614 0.726389 0.717543 0.713723 0.709582 0.713053
  120     0.727654 0.725187 0.723913 0.718626 0.712879 0.707073 0.713799
  121     0.732696 0.724895 0.726012 0.716680 0.713032 0.708000 0.710535
  122     0.729682 0.726406 0.724146 0.716173 0.712364 0.708997 0.713865
  123     0.728544 0.728481 0.726313 0.720065 0.714285 0.710319 0.712103
  124     0.735663 0.727051 0.726815 0.717286 0.720965 0.712098 0.714697
  125     0.731172 0.727530 0.727335 0.719795 0.716557 0.709292 0.714829
  126     0.732537 0.731216 0.725026 0.719469 0.715008 0.710029 0.716788
  127     0.730385 0.729243 0.723435 0.717360 0.716584 0.715597 0.720166
  128     0.729239 0.728916 0.727414 0.716230 0.715728 0.711409 0.716074
  129     0.733090 0.728050 0.726761 0.719287 0.718107 0.707404 0.713430
  130     0.730236 0.728988 0.722946 0.717731 0.716274 0.706887 0.711396
  131     0.734243 0.729800 0.722704 0.719381 0.715547 0.714764 0.714856
  132     0.726390 0.729978 0.722752 0.717323 0.713742 0.712912 0.714100
  133     0.729633 0.728425 0.723385 0.715908 0.715719 0.713322 0.716529
  134     0.725907 0.730296 0.724970 0.717098 0.719444 0.707462 0.718401
  135     0.733083 0.733002 0.731113 0.723121 0.718200 0.707301 0.717064
  136     0.732089 0.725332 0.727391 0.719629 0.717382 0.706608 0.720298
  137     0.733178 0.732081 0.728427 0.715733 0.718415 0.719112 0.719049
  138     0.735895 0.728674 0.729451 0.725479 0.716637 0.714343 0.721173
  139     0.728731 0.726744 0.733651 0.719990 0.718114 0.707199 0.722896
  140     0.735681 0.723677 0.721838 0.721557 0.718935 0.711203 0.723928
  141     0.729126 0.729611 0.733239 0.729160 0.717956 0.714394 0.720701
  142     0.737255 0.725733 0.730088 0.722663 0.713877 0.711099 0.720794
  143     0.733974 0.735246 0.727474 0.719965 0.721552 0.711134 0.718685
  144     0.731957 0.729481 0.728553 0.722993 0.721120 0.719488 0.718908
  145     0.735825 0.734404 0.723971 0.724360 0.719588 0.711370 0.723471
  146     0.735176 0.731395 0.725846 0.724087 0.720790 0.711227 0.717457
  147     0.735881 0.729966 0.727761 0.726343 0.724500 0.713744 0.728781
  148     0.733411 0.734372 0.728909 0.722211 0.719367 0.715547 0.724670
  149     0.731266 0.730467 0.732872 0.723670 0.717992 0.705886 0.720552
  150     0.736838 0.730166 0.722792 0.725231 0.717805 0.716641 0.725242
  151     0.732254 0.732699 0.728199 0.721726 0.718963 0.713105 0.715692
  152     0.733542 0.733459 0.722343 0.720030 0.721244 0.711007 0.721679
  153     0.733869 0.735428 0.726360 0.724641 0.721093 0.711261 0.716923
  154     0.733088 0.731760 0.725850 0.723541 0.722267 0.710397 0.717818
  155     0.729897 0.733607 0.729718 0.724621 0.723636 0.715173 0.720262
  156     0.732905 0.728103 0.724732 0.724058 0.716343 0.711244 0.719749
  157     0.735324 0.733554 0.730855 0.722493 0.715710 0.711698 0.724683
  158     0.728690 0.730683 0.725857 0.718414 0.716610 0.717691 0.722189
  159     0.725108 0.727294 0.728063 0.728894 0.713472 0.710985 0.715302
  160     0.730467 0.727677 0.738597 0.725981 0.717460 0.728044 0.721714
  161     0.729903 0.731764 0.725374 0.727658 0.716075 0.711828 0.723754
  162     0.730569 0.736571 0.723412 0.719873 0.713318 0.710920 0.729746
  163     0.731436 0.732340 0.724033 0.723270 0.715510 0.714407 0.728880
  164     0.730405 0.730683 0.733922 0.721889 0.722881 0.702873 0.738325
  165     0.727787 0.729951 0.726049 0.714976 0.717653 0.714305 0.722576
  166     0.726884 0.727684 0.713320 0.723464 0.710899 0.723117 0.749077
  167     0.731224 0.723967 0.721251 0.713516 0.714262 0.708138 0.734720
  168     0.741698 0.725613 0.729503 0.714384 0.719250 0.713615 0.737502
  169     0.732295 0.730005 0.727050 0.720855 0.718153 0.716387 0.734994
  170     0.731753 0.734742 0.724810 0.721010 0.706340 0.700094 0.734392
  171     0.738139 0.731200 0.733625 0.718396 0.707874 0.719761 0.738349
  172     0.729059 0.731343 0.733849 0.726839 0.721974 0.718486 0.729537
  173     0.733022 0.732677 0.728413 0.720852 0.715672 0.703041 0.732471
  174     0.738464 0.737108 0.727284 0.710710 0.715729 0.714445 0.736407
  175     0.733104 0.721661 0.719148 0.719981 0.732377 0.706174 0.736646
  176     0.730802 0.726063 0.724998 0.706209 0.713297 0.720378 0.736161
  177     0.730190 0.727745 0.723600 0.732719 0.725848 0.721867 0.732184
  178     0.728335 0.737685 0.731600 0.721615 0.706438 0.714143 0.753796
  179     0.738444 0.736070 0.738230 0.726817 0.708746 0.721609 0.732513
  180     0.721121 0.723297 0.726252 0.723179 0.693877 0.709234 0.744747
  181     0.745124 0.723017 0.727168 0.706775 0.739202 0.718499 0.736727
  182     0.756746 0.731788 0.733216 0.713915 0.722257 0.702155 0.726941
  183     0.725396 0.725612 0.732731 0.720196 0.703787 0.720441 0.719179
  184     0.725024 0.729713 0.737888 0.719985 0.722594 0.707957 0.758957
  185     0.738461 0.738081 0.732951 0.718515 0.707720 0.720060 0.746260
  186     0.758872 0.724525 0.726521 0.716981 0.713707 0.704036 0.756454
  187     0.728067 0.733090 0.727280 0.706282 0.721504 0.699528 0.719957
  188     0.735528 0.730316 0.741251 0.753494 0.733557 0.716384 0.751423
  189     0.722170 0.712798 0.724652 0.710512 0.717501 0.718777 0.742633
  190     0.719553 0.725890 0.744366 0.713024 0.709356 0.705561 0.728905
  191     0.719244 0.720533 0.731599 0.733948 0.721837 0.710472 0.731211
  192     0.727929 0.734371 0.730476 0.720331 0.717869 0.715644 0.720281
  193     0.728693 0.721672 0.727163 0.727998 0.724039 0.718705 0.738890
  194     0.732481 0.731743 0.726507 0.725388 0.728203 0.711504 0.743944
  195     0.741594 0.736142 0.738307 0.731419 0.707258 0.709144 0.743324
  196     0.735210 0.740174 0.731877 0.712669 0.730772 0.715749 0.729301
  197     0.746899 0.729829 0.728382 0.720403 0.715642 0.713017 0.761019
  198     0.731136 0.728861 0.723633 0.725486 0.714041 0.712961 0.721355
  199     0.720390 0.732630 0.724072 0.731028 0.733806 0.724909 0.742187
  200     0.761148 0.755099 0.721977 0.723973 0.756268 0.716726 0.746452
  201     0.727121 0.739746 0.737215 0.734833 0.714351 0.717750 0.729482
  202     0.717453 0.735840 0.720201 0.731786 0.709313 0.714055 0.730828
  203     0.733590 0.734768 0.718198 0.721368 0.721838 0.708820 0.734644
  204     0.738188 0.732623 0.735697 0.731331 0.728100 0.707584 0.738624
  205     0.740312 0.729871 0.732780 0.725910 0.722074 0.715880 0.741874
  206     0.738326 0.727826 0.727879 0.731719 0.714064 0.714508 0.729155
  207     0.734411 0.737963 0.725885 0.723786 0.723643 0.716283 0.721519
  208     0.732796 0.729149 0.728338 0.723203 0.717430 0.719211 0.733147
  209     0.737841 0.726849 0.727659 0.727546 0.719470 0.717479 0.723880
  210     0.727866 0.733840 0.733472 0.720401 0.714509 0.718220 0.727151
  211     0.725370 0.728282 0.733109 0.724507 0.717096 0.709910 0.721686
  212     0.723793 0.733314 0.736533 0.719745 0.719299 0.697758 0.725854
