   1.607  -0.091  18.817
   1.596  -0.083  19.367
   1.605  -0.088  19.900
   1.610  -0.098  20.433
   1.586  -0.058  20.983
   1.586  -0.050  21.517
   1.581  -0.033  22.050
   1.573  -0.046  22.600
   1.577  -0.049  23.133
   1.601  -0.040  23.667
   1.580  -0.048  24.200
   1.562  -0.055  24.750
   1.564  -0.030  25.283
   1.559  -0.049  25.817
   1.558  -0.023  26.367
   1.565  -0.021  26.900
   1.551  -0.023  27.433
   1.555  -0.043  27.983
   1.540  -0.018  28.517
   1.601  -0.019  29.050
   1.548  -0.033  29.600
   1.527  -0.013  29.717
   1.574  -0.046
