MRH 20150613
    23.87    70.37   116.83   163.32   209.78   256.27   302.73
    46.50    46.46    46.49    46.46    46.49    46.47    46.47
     0.84446627     0.56505579     0.36189514     0.21876366     0.12299374     0.06166252     0.02719502     0.00639282    -0.00258353    -0.00739633    -0.00759489    -0.00550043    -0.00383610    -0.00202842    -0.00173886    -0.00058824    -0.00117897    -0.00043287
    -0.01873051    -0.02628085    -0.03512476    -0.04325071    -0.04496636    -0.04194752    -0.03503724    -0.02584546    -0.01970359    -0.01336771    -0.00926066    -0.00480006    -0.00334286     0.00003854     0.00093814     0.00173662     0.00150296     0.00082002
     1.00000000     0.66905642     0.43029007     0.26423946     0.15589783     0.08853538     0.05285009     0.03234640     0.02525249     0.01959394     0.01440737     0.00903475     0.00699641     0.00471438     0.00442027     0.00411503     0.00347072     0.00368171
     0.94256765     0.62079877     0.37298527     0.21873461     0.10897876     0.05494987     0.02257773     0.00756892     0.00006972    -0.00134371     0.00096288    -0.00117023    -0.00041437     0.00067554     0.00090404     0.00045491     0.00086762     0.00255082
     0.04523905     0.04939549     0.03621794     0.01123171    -0.00476068    -0.01977873    -0.02110137    -0.01761023    -0.01606791    -0.00940288    -0.00917554     0.00196655    -0.00528755     0.00528219    -0.00336689     0.00594724    -0.00584569     0.00284066
     1.00000000     0.65266848     0.39830452     0.22737400     0.11816575     0.06013531     0.03211720     0.02196197     0.01625716     0.01158530     0.00779609     0.00537280     0.00465486     0.00396378     0.00394566     0.00527101     0.00476604     0.00433895
     0.91109151     0.58520907     0.32125345     0.17919600     0.07367868     0.03715074     0.00848015     0.00146772    -0.00001160    -0.00577313     0.00322159    -0.00514395     0.00613470    -0.00498064     0.00722966    -0.00326434     0.00342484    -0.00215311
     0.07015204     0.08928553     0.05186619     0.03235545    -0.00996599    -0.00688572    -0.02450644    -0.00649510    -0.01655207     0.00207517    -0.00766570     0.00358551    -0.00085682     0.00188107     0.00190099    -0.00011849     0.00469385    -0.00437398
     1.00000000     0.63767993     0.36339930     0.19448598     0.08965755     0.04212243     0.02695255     0.01958375     0.01542490     0.01028168     0.00785347     0.00707583     0.00619197     0.00712279     0.00694620     0.00630741     0.00591096     0.00483115
     0.86081469     0.53099680     0.28945366     0.14173709     0.05297406     0.01314177    -0.00488853    -0.00584707    -0.00487441    -0.00303126    -0.00252118    -0.00179548    -0.00031671     0.00036024     0.00008309     0.00118115     0.00036997     0.00067566
     0.03569667     0.03083671     0.01331099    -0.00401473    -0.01493836    -0.01750919    -0.01859463    -0.01182381    -0.00986850    -0.00285046    -0.00111813     0.00309917     0.00186510     0.00263481     0.00070493     0.00233212    -0.00024443     0.00055696
     1.00000000     0.61599189     0.33645940     0.16391031     0.06439016     0.02606170     0.02225710     0.01589892     0.01266244     0.00696006     0.00488407     0.00474689     0.00550498     0.00439427     0.00455872     0.00388150     0.00401311     0.00398754
     0.83025241     0.48658329     0.25133440     0.11233090     0.03791708     0.00708624    -0.00174724    -0.00099727    -0.00235490    -0.00114181     0.00016710    -0.00062757    -0.00032460    -0.00201666    -0.00213838    -0.00260225    -0.00268854    -0.00368645
     0.07754924     0.08405074     0.05444507     0.02021304    -0.00403576    -0.01219739    -0.01344873    -0.01011099    -0.00794601    -0.00176447    -0.00135385     0.00052682     0.00009701     0.00230942     0.00219394     0.00259426     0.00083863    -0.00088137
     1.00000000     0.59278214     0.30959243     0.13781044     0.04659981     0.01849490     0.01773586     0.01394931     0.01139564     0.00566347     0.00518668     0.00392750     0.00390982     0.00601350     0.00536264     0.00589605     0.00543222     0.00587257
     0.81958479     0.46985030     0.22795895     0.08785056     0.01831616    -0.00896865    -0.01369634    -0.00779822    -0.00580020    -0.00264264    -0.00506607    -0.00151646    -0.00227394    -0.00217068    -0.00363960    -0.00585322    -0.00471551    -0.00364339
     0.01915777     0.02055203    -0.00000552    -0.00633165    -0.01165084    -0.00929413    -0.00952259    -0.00553034    -0.00105228    -0.00001252     0.00071151     0.00063426    -0.00170677     0.00134926     0.00169620     0.00263944     0.00216965     0.00417931
     1.00000000     0.57329863     0.27840841     0.10789610     0.02772763     0.01660850     0.02085647     0.01209945     0.00864730     0.00577739     0.00772930     0.00541689     0.00683281     0.00522179     0.00748969     0.00924048     0.00885887     0.00925873
     0.82078433     0.45373076     0.20400004     0.06820098     0.00853437    -0.00698841    -0.00901542    -0.00563868    -0.00388043    -0.00510648    -0.00445335    -0.00527496    -0.00709507    -0.00794962    -0.00821588    -0.00767926    -0.00667574    -0.00380695
     0.07286797     0.07528801     0.04394309     0.01387300    -0.00555977    -0.01064120    -0.00955485    -0.00515577    -0.00344074    -0.00134150    -0.00513809    -0.00223908    -0.00231666    -0.00044989    -0.00154344    -0.00132557    -0.00171526    -0.00353484
     1.00000000     0.55800599     0.25335279     0.08461206     0.01376875     0.01605174     0.01642041     0.00986208     0.00699413     0.00749646     0.00916590     0.00798461     0.01030632     0.01096783     0.01197837     0.01115304     0.00999532     0.00781550
   1.574  -0.046  400    2    0    0    0  0.000 18.000
