                 MRH
   13    6 2015
    18.4631      -9.45       7.86    1008.60      46.58    1215.89      24.34  102.5   -0.0  630.0  180.0
    19.0016     -20.44      33.14     779.20     168.42     229.22      18.85  102.5   -0.0  630.0  180.0
    19.5400     -31.73      57.52     501.63     228.66      88.04      11.92  102.5   -0.0  630.0  180.0
    20.0784       7.20      58.26     361.54     216.05      53.17       7.79  102.5   -0.0  630.0  180.0
    20.6168      -2.65      68.27     582.79     302.79      83.47      14.24  102.5   -0.0  630.0  180.0
    21.1554     -33.81      39.33     784.46     209.33     215.15      21.65  102.5   -0.0  630.0  180.0
    21.6937       0.52       9.72     918.83      54.06     728.91      17.67  102.5   -0.0  630.0  180.0
    22.2323       3.87       6.94     911.79      38.37    1275.28      21.90  102.5   -0.0  630.0  180.0
    22.7708       5.17       4.59     925.94      25.07    1441.23      15.74  102.5   -0.0  630.0  180.0
    23.3092      -6.56       5.68     886.36      30.84    1340.65      18.51  102.5   -0.0  630.0  180.0
    23.8476      -6.52       6.00     976.63      34.77    1122.81      16.72  102.5   -0.0  630.0  180.0
    24.3861      -0.81      11.23     905.98      63.03     796.01      22.69  102.5   -0.0  630.0  180.0
    24.9246       3.72      13.39     845.78      71.66     652.42      21.91  102.5   -0.0  630.0  180.0
    25.4631       9.89      10.70     838.36      56.71     705.05      18.74  102.5   -0.0  630.0  180.0
    26.0016       0.07      15.24     832.90      80.84     569.60      21.84  102.5   -0.0  630.0  180.0
    26.5400      15.43      15.92     837.68      84.68     535.90      21.34  102.5   -0.0  630.0  180.0
    27.0785      13.20      14.13     788.90      72.37     513.73      18.02  102.5   -0.0  630.0  180.0
    27.6168       1.16      29.76     749.07     149.05     273.66      20.33  102.5   -0.0  630.0  180.0
    28.1552     -17.59      38.30     707.49     186.81     203.61      19.49  102.5   -0.0  630.0  180.0
    28.6935       0.63      43.31     762.04     217.42     185.05      19.86  102.5   -0.0  630.0  180.0
    29.2319     -25.86      20.00     834.06     108.69     286.83      14.50  102.5   -0.0  630.0  180.0
    18.3577      27.12       5.25    1004.38      30.42    2194.65      28.43   12.7  -50.2  630.0  180.0
    18.8433      36.49      15.44     942.62      87.11     558.12      21.60   12.7  -50.2  630.0  180.0
    19.3818      47.74      24.06     775.95     118.95     295.96      17.13   12.7  -50.2  630.0  180.0
    19.9201      18.43      31.44     668.25     144.96     103.01       7.66   12.7  -50.2  630.0  180.0
    20.4585     -23.14      86.07     365.54     318.10      60.08      13.65   12.7  -50.2  630.0  180.0
    20.9970     -43.06      69.60     704.76     373.55     112.00      21.48   12.7  -50.2  630.0  180.0
    21.5355     -16.94      16.57     935.68      94.50     542.79      22.99   12.7  -50.2  630.0  180.0
    22.0740     -23.34       4.95     949.63      27.93    1456.73      17.75   12.7  -50.2  630.0  180.0
    22.6125     -13.37       4.24     968.62      24.34    2142.96      22.49   12.7  -50.2  630.0  180.0
    23.1509      -8.47       3.53     901.39      18.95    2142.90      17.72   12.7  -50.2  630.0  180.0
    23.6894      -3.28       3.85     966.21      21.77    1895.44      17.53   12.7  -50.2  630.0  180.0
    24.2278       6.29      13.40     929.30      76.84     650.16      22.44   12.7  -50.2  630.0  180.0
    24.7663       9.26      16.08     881.52      88.51     545.21      22.20   12.7  -50.2  630.0  180.0
    25.3048       7.11      13.38     837.13      71.07     555.88      18.58   12.7  -50.2  630.0  180.0
    25.8433      -2.26      17.97     913.09     102.50     478.08      22.30   12.7  -50.2  630.0  180.0
    26.3817       0.22      15.98     959.58      94.64     544.34      22.90   12.7  -50.2  630.0  180.0
    26.9202       8.47      17.46     820.50      91.74     491.25      21.41   12.7  -50.2  630.0  180.0
    27.4586      26.98      18.99     872.04     104.33     425.98      20.51   12.7  -50.2  630.0  180.0
    27.9969      -4.06      32.07     790.00     168.36     252.54      20.62   12.7  -50.2  630.0  180.0
    28.5352      -9.33      36.83     706.21     180.12     211.97      19.48   12.7  -50.2  630.0  180.0
    29.0736     -26.64      33.01     851.86     182.17     257.78      22.24   12.7  -50.2  630.0  180.0
    29.6120     -15.93       8.43     948.07      49.12    1013.16      21.93   12.7  -50.2  630.0  180.0
    18.4106      59.75       9.03    1065.04      54.80    1165.54      26.64  102.5   50.2  630.0  180.0
    18.9490      61.45      25.26     777.24     125.21     304.60      18.41  102.5   50.2  630.0  180.0
    19.4874      38.08      56.17     488.16     217.03     101.75      13.11  102.5   50.2  630.0  180.0
    20.0258     -79.13      55.07     436.68     246.09      59.93       7.93  102.5   50.2  630.0  180.0
    20.5643     -92.67      99.02     472.77     400.64      56.65      14.03  102.5   50.2  630.0  180.0
    21.1027     -47.36      55.29     744.15     294.35     145.69      21.54  102.5   50.2  630.0  180.0
    21.6412       4.46      11.70     814.12      59.98     616.43      17.46  102.5   50.2  630.0  180.0
    22.1799      69.89       6.17     964.99      34.93    1598.01      24.22  102.5   50.2  630.0  180.0
    22.7182      66.77       4.62     958.65      25.76    1837.29      20.31  102.5   50.2  630.0  180.0
    23.2569      57.49       5.95     985.65      34.41    1663.78      24.57  102.5   50.2  630.0  180.0
    23.7951      56.40       7.06     940.48      39.71    1268.81      22.08  102.5   50.2  630.0  180.0
    24.3335       4.23      11.97     964.59      70.47     700.90      21.78  102.5   50.2  630.0  180.0
    24.8721      10.68      14.78     979.74      87.95     575.76      22.26  102.5   50.2  630.0  180.0
    25.4105      28.49      18.40     855.50      99.06     470.90      21.74  102.5   50.2  630.0  180.0
    25.9490       1.12      18.58     922.63     106.71     464.28      22.37  102.5   50.2  630.0  180.0
    26.4874      23.99      18.54     847.19      99.25     455.73      21.18  102.5   50.2  630.0  180.0
    27.0259      25.15      18.66     843.72      99.72     464.91      21.74  102.5   50.2  630.0  180.0
    27.5643      62.12      22.49     796.90     115.64     344.10      19.03  102.5   50.2  630.0  180.0
    28.1026      55.08      34.34     649.02     155.30     220.41      18.12  102.5   50.2  630.0  180.0
    28.6410      41.24      41.88     739.67     206.56     189.26      19.81  102.5   50.2  630.0  180.0
    29.1793      -6.64      22.73     816.15     119.78     370.23      21.32  102.5   50.2  630.0  180.0
    18.5158     -14.12       6.22    1006.76      36.77    1576.28      24.80   45.1  -45.0  630.0  180.0
    19.0543     -44.82      24.97     826.49     132.27     315.87      19.95   45.1  -45.0  630.0  180.0
    19.5927     -13.38      28.71     603.72     126.62     161.16      11.02   45.1  -45.0  630.0  180.0
    20.1311     -11.06      54.35     455.41     217.11      63.65       8.45   45.1  -45.0  630.0  180.0
    20.6696     -54.14      79.77     488.80     355.88      69.07      14.06   45.1  -45.0  630.0  180.0
    21.2080     -12.35      35.76     835.79     191.51     241.86      21.98   45.1  -45.0  630.0  180.0
    21.7464      -7.29       9.53     948.98      54.56     751.49      18.03   45.1  -45.0  630.0  180.0
    22.2850     -52.56       4.99     950.96      28.55    1674.76      20.81   45.1  -45.0  630.0  180.0
    22.8235     -38.51       4.68     930.32      26.34    1930.90      22.37   45.1  -45.0  630.0  180.0
    23.3620     -40.88       5.63    1040.90      34.89    1843.03      27.19   45.1  -45.0  630.0  180.0
    23.9003     -25.27       6.81     967.82      40.10    1421.62      24.93   45.1  -45.0  630.0  180.0
    24.4388      -5.80      13.41     881.20      73.86     659.08      22.47   45.1  -45.0  630.0  180.0
    24.9773      10.42      13.46     884.18      74.33     645.94      22.07   45.1  -45.0  630.0  180.0
    25.5158       1.32      15.94     834.49      84.83     542.06      21.64   45.1  -45.0  630.0  180.0
    26.0543      -2.62      14.70     871.84      81.00     524.31      19.74   45.1  -45.0  630.0  180.0
    26.5927       5.18      16.63     903.00      93.48     514.80      22.03   45.1  -45.0  630.0  180.0
    27.1312       2.21      17.00     798.91      87.97     499.71      21.07   45.1  -45.0  630.0  180.0
    27.6695     -11.54      23.04     794.47     120.20     336.08      19.46   45.1  -45.0  630.0  180.0
    28.2079     -38.73      29.58     680.34     141.30     266.51      19.70   45.1  -45.0  630.0  180.0
    28.7462     -44.97      41.28     729.03     210.84     189.17      19.81   45.1  -45.0  630.0  180.0
    29.2846     -37.48      32.57     777.96     168.65     251.46      20.83   45.1  -45.0  630.0  180.0
    18.5686     -62.39       5.78    1034.18      35.42    1708.78      25.56   89.9  -45.0  630.0  180.0
    19.1068     -94.28      25.86     877.89     145.92     307.19      20.92   89.9  -45.0  630.0  180.0
    19.6452    -122.21      44.25     731.61     229.64     114.39      13.33   89.9  -45.0  630.0  180.0
    20.1837     -18.31      72.24     270.34     232.34      49.91       8.62   89.9  -45.0  630.0  180.0
    20.7221     -15.05      97.84     583.20     456.51      62.12      15.80   89.9  -45.0  630.0  180.0
    21.2606     -17.26      32.85     765.00     164.40     250.30      20.31   89.9  -45.0  630.0  180.0
    21.7990     -23.03      10.45     904.99      58.28     885.00      23.29   89.9  -45.0  630.0  180.0
    22.3376     -70.01       5.36     874.06      28.93    1344.13      17.53   89.9  -45.0  630.0  180.0
    22.8760     -63.99       5.86     993.37      35.33    1694.37      25.79   89.9  -45.0  630.0  180.0
    23.4145     -62.19       5.73     912.97      32.32    1621.68      23.44   89.9  -45.0  630.0  180.0
    23.9529     -41.64       7.20     994.70      43.40    1371.35      25.83   89.9  -45.0  630.0  180.0
    24.4914       2.87      13.41    1038.01      84.00     658.99      23.66   89.9  -45.0  630.0  180.0
    25.0299      -1.69      13.07     857.28      70.56     663.24      21.68   89.9  -45.0  630.0  180.0
    25.5684       1.45      12.81     919.51      72.85     622.50      20.36   89.9  -45.0  630.0  180.0
    26.1068      -4.25      19.04     888.30     105.87     453.59      22.07   89.9  -45.0  630.0  180.0
    26.6453      14.45      18.98     830.71     100.46     449.00      21.32   89.9  -45.0  630.0  180.0
    27.1837      -6.95      16.63     781.84      85.28     435.09      17.89   89.9  -45.0  630.0  180.0
    27.7221     -41.43      27.49     734.65     136.53     296.89      20.30   89.9  -45.0  630.0  180.0
    28.2604     -23.06      39.16     765.07     203.27     202.58      20.21   89.9  -45.0  630.0  180.0
    28.7987     -37.18      42.11     749.61     213.61     193.26      20.52   89.9  -45.0  630.0  180.0
    29.3372     -40.60      24.62     846.78     136.51     277.16      17.70   89.9  -45.0  630.0  180.0
    18.6209     -80.26       6.82    1006.02      41.18    1367.96      24.31  135.0  -45.0  630.0  180.0
    18.6732     -90.00       8.08    1046.26      50.77    1144.60      24.61  135.0  -45.0  630.0  180.0
    18.7254    -101.77       9.30    1087.03      60.75     982.17      24.87  135.0  -45.0  630.0  180.0
    18.7776     -98.07      11.12    1093.33      73.38     820.50      25.14  135.0  -45.0  630.0  180.0
    19.1594    -119.11      32.11     808.28     169.62     241.46      19.64  135.0  -45.0  630.0  180.0
    19.2116    -143.73      34.43     771.32     187.72     220.18      20.37  135.0  -45.0  630.0  180.0
    19.2638    -134.73      38.47     823.63     207.75     201.53      19.99  135.0  -45.0  630.0  180.0
    19.3161    -120.17      40.74     745.85     213.30     184.33      19.33  135.0  -45.0  630.0  180.0
    19.6979     -97.10      34.96     506.41     137.27      94.96       7.64  135.0  -45.0  630.0  180.0
    19.7503     -72.76      36.92     451.36     137.83      80.96       6.99  135.0  -45.0  630.0  180.0
    19.8023     -91.40      31.12     369.15     116.34      78.73       5.75  135.0  -45.0  630.0  180.0
    19.8545     -90.44      38.95     343.49     141.21      72.78       6.71  135.0  -45.0  630.0  180.0
    20.2362     -83.04     100.59     423.12     475.57      41.93      12.22  135.0  -45.0  630.0  180.0
    20.2884     -88.53      99.26     511.73     551.62      41.72      11.34  135.0  -45.0  630.0  180.0
    20.3406      -8.84      80.81     313.84     327.18      40.19       7.07  135.0  -45.0  630.0  180.0
    20.3929       3.01      82.40     412.72     309.01      55.70      10.84  135.0  -45.0  630.0  180.0
    20.7747      29.70     101.30     747.10     496.27      69.76      17.51  135.0  -45.0  630.0  180.0
    20.8269      28.74      58.86     356.59     315.44      67.14      11.82  135.0  -45.0  630.0  180.0
    20.8791     -62.77      83.23     486.43     358.90      78.21      16.51  135.0  -45.0  630.0  180.0
    20.9314     -68.37      69.42     703.73     349.33     108.63      19.59  135.0  -45.0  630.0  180.0
    21.3131     -10.63      31.45     813.71     163.33     267.67      20.92  135.0  -45.0  630.0  180.0
    21.3653     -19.69      27.02     829.75     143.83     312.63      21.42  135.0  -45.0  630.0  180.0
    21.4176     -16.92      22.00     852.90     118.70     373.32      20.76  135.0  -45.0  630.0  180.0
    21.4698     -32.23      21.42     891.82     119.49     396.99      21.72  135.0  -45.0  630.0  180.0
    21.8516     -17.78       8.59     988.26      50.97     991.97      21.85  135.0  -45.0  630.0  180.0
    21.9038     -20.33       9.30     942.43      53.33    1021.49      24.19  135.0  -45.0  630.0  180.0
    21.9561     -14.43       7.21     897.62      39.57    1074.78      19.15  135.0  -45.0  630.0  180.0
    22.0083     -22.89       7.30    1013.30      44.00    1195.97      22.44  135.0  -45.0  630.0  180.0
    22.3901     -48.50       5.39     872.29      29.03    1410.88      18.54  135.0  -45.0  630.0  180.0
    22.4424     -50.72       6.97     965.45      40.98    1401.00      25.10  135.0  -45.0  630.0  180.0
    22.4946     -56.81       6.48     920.75      36.73    1369.54      22.41  135.0  -45.0  630.0  180.0
    22.5469     -48.39       5.26     924.58      29.43    1373.17      17.84  135.0  -45.0  630.0  180.0
    22.9286     -55.25       5.09     887.91      27.72    1498.10      18.68  135.0  -45.0  630.0  180.0
    22.9808     -60.90       6.42     960.36      37.66    1514.61      24.97  135.0  -45.0  630.0  180.0
    23.0331     -57.98       6.13     901.34      34.22    1466.57      22.53  135.0  -45.0  630.0  180.0
    23.0854     -60.33       5.58    1015.45      34.06    1591.51      23.11  135.0  -45.0  630.0  180.0
    23.4671     -44.18       6.00     923.40      33.98    1501.11      22.68  135.0  -45.0  630.0  180.0
    23.5193     -57.86       4.61     959.40      26.65    1537.68      17.71  135.0  -45.0  630.0  180.0
    23.5715     -56.18       5.83     979.57      34.74    1534.26      23.18  135.0  -45.0  630.0  180.0
    23.6238     -61.98       6.02     948.90      34.98    1486.74      22.91  135.0  -45.0  630.0  180.0
    24.0055     -21.66       5.73     891.04      31.11    1058.08      14.61  135.0  -45.0  630.0  180.0
    24.0577     -32.12       7.75    1010.17      47.33    1151.63      23.48  135.0  -45.0  630.0  180.0
    24.1099     -16.12       7.85     862.25      42.09     935.00      18.14  135.0  -45.0  630.0  180.0
    24.1621      -3.70      10.98     901.14      61.43     813.80      22.61  135.0  -45.0  630.0  180.0
    24.5440      -3.01      13.08     972.61      77.70     635.23      21.61  135.0  -45.0  630.0  180.0
    24.5962       3.30      15.53     929.97      89.01     566.29      22.58  135.0  -45.0  630.0  180.0
    24.6484       5.82      15.49     855.71      83.93     562.39      21.97  135.0  -45.0  630.0  180.0
    24.7006       0.92      13.93     958.46      81.80     613.54      22.25  135.0  -45.0  630.0  180.0
    25.0825       6.77      14.24     874.73      78.59     617.60      22.47  135.0  -45.0  630.0  180.0
    25.1347      15.32      12.93     951.48      75.45     643.45      21.56  135.0  -45.0  630.0  180.0
    25.1869       8.12      15.96     841.70      85.34     547.02      21.97  135.0  -45.0  630.0  180.0
    25.2391      -4.66      13.02     847.58      69.89     556.41      18.00  135.0  -45.0  630.0  180.0
    25.6209     -10.57      17.22     856.55      93.34     490.86      21.34  135.0  -45.0  630.0  180.0
    25.6731      -3.87      17.42     968.89     103.92     509.76      23.46  135.0  -45.0  630.0  180.0
    25.7254      -8.83      15.49     889.35      86.83     547.48      21.80  135.0  -45.0  630.0  180.0
    25.7776      -9.22      16.39     882.43      91.01     521.88      21.88  135.0  -45.0  630.0  180.0
    26.1594       4.54      14.15     934.42      81.65     576.56      21.08  135.0  -45.0  630.0  180.0
    26.2116       4.91      17.99     869.63      98.58     476.36      21.84  135.0  -45.0  630.0  180.0
    26.2638     -11.10      14.66     872.00      80.64     527.82      19.70  135.0  -45.0  630.0  180.0
    26.3161       3.55      17.68     834.24      94.09     484.45      21.55  135.0  -45.0  630.0  180.0
    26.6978       7.71      19.26     864.62     105.17     442.45      21.69  135.0  -45.0  630.0  180.0
    26.7501       6.76      18.00     815.67      94.38     471.24      21.25  135.0  -45.0  630.0  180.0
    26.8023       3.50      15.57     919.02      89.25     543.73      21.88  135.0  -45.0  630.0  180.0
    26.8546       0.39      17.03     840.01      91.23     492.31      21.21  135.0  -45.0  630.0  180.0
    27.2363     -10.94      20.91     809.93     109.30     404.06      21.17  135.0  -45.0  630.0  180.0
    27.2885     -14.66      15.89     851.16      85.86     479.52      19.16  135.0  -45.0  630.0  180.0
    27.3408     -17.70      20.54     732.79     100.68     395.62      19.92  135.0  -45.0  630.0  180.0
    27.3930     -18.32      18.17     854.00      98.81     429.63      19.92  135.0  -45.0  630.0  180.0
    27.7746     -24.12      25.48     693.01     121.94     263.11      16.20  135.0  -45.0  630.0  180.0
    27.8269     -10.64      36.40     728.52     178.64     218.22      19.56  135.0  -45.0  630.0  180.0
    27.8791     -14.91      28.09     877.65     157.83     286.91      21.07  135.0  -45.0  630.0  180.0
    27.9313     -26.54      34.88     731.71     173.20     226.07      19.67  135.0  -45.0  630.0  180.0
    28.3129     -26.31      46.21     835.87     259.57     185.55      22.72  135.0  -45.0  630.0  180.0
    28.3652     -40.68      43.27     795.62     235.48     183.05      21.09  135.0  -45.0  630.0  180.0
    28.4174     -39.02      46.61     759.32     237.70     172.83      20.52  135.0  -45.0  630.0  180.0
    28.4696     -64.86      42.14     822.37     231.12     195.24      21.57  135.0  -45.0  630.0  180.0
    28.8513     -38.68      38.19     776.31     197.52     213.90      20.64  135.0  -45.0  630.0  180.0
    28.9035     -54.09      37.12     846.02     204.69     223.95      21.92  135.0  -45.0  630.0  180.0
    28.9557     -67.56      34.57     776.99     179.91     236.22      20.80  135.0  -45.0  630.0  180.0
    29.0080     -77.85      30.39     835.43     172.60     266.21      21.41  135.0  -45.0  630.0  180.0
    29.3899     -19.00      22.90     833.70     123.19     373.16      21.81  135.0  -45.0  630.0  180.0
    29.4420     -26.25      16.66     919.32      96.11     480.56      20.87  135.0  -45.0  630.0  180.0
    29.4942     -31.91      16.43     825.22      87.69     517.73      21.70  135.0  -45.0  630.0  180.0
    29.5465     -26.39      13.07     966.06      77.82     692.85      23.77  135.0  -45.0  630.0  180.0
    18.8964      64.46      21.08     870.64     111.96     385.10      19.81  147.5   39.9  630.0  180.0
    19.4349      76.30      39.95     605.27     172.07     165.75      15.59  147.5   39.9  630.0  180.0
    19.9733     -23.00      41.01     346.18     141.26      71.82       7.08  147.5   39.9  630.0  180.0
    20.5117      18.14      80.90     336.99     285.70      55.58      11.07  147.5   39.9  630.0  180.0
    21.0502       2.90      54.49     831.28     287.32     153.98      21.05  147.5   39.9  630.0  180.0
    21.5886       0.58      11.59     991.10      68.67     733.14      21.91  147.5   39.9  630.0  180.0
    22.1272      28.81       5.49     933.07      30.54    1622.51      21.80  147.5   39.9  630.0  180.0
    22.6656      38.47       5.62     987.61      32.50    1800.35      25.16  147.5   39.9  630.0  180.0
    23.2041      36.78       4.88     969.03      27.71    1743.05      20.70  147.5   39.9  630.0  180.0
    23.7425      42.24       6.49     927.04      36.07    1391.64      22.19  147.5   39.9  630.0  180.0
    24.2810       0.95      15.37     926.20      87.80     570.80      22.54  147.5   39.9  630.0  180.0
    24.8195       5.29      10.54     905.16      58.64     566.26      14.85  147.5   39.9  630.0  180.0
    25.3580      19.96      12.81     861.10      68.98     562.90      17.93  147.5   39.9  630.0  180.0
    25.8965      11.55      16.73     824.38      87.96     503.17      21.01  147.5   39.9  630.0  180.0
    26.4349       9.52      15.06     923.14      86.33     571.68      22.30  147.5   39.9  630.0  180.0
    26.9734      23.40      13.67     847.19      72.95     551.58      18.71  147.5   39.9  630.0  180.0
    27.5117      62.86      24.12     757.94     119.18     339.58      19.94  147.5   39.9  630.0  180.0
    28.0501      39.63      32.96     698.79     157.51     240.00      19.54  147.5   39.9  630.0  180.0
    28.5884      28.52      39.84     708.13     202.23     197.43      19.98  147.5   39.9  630.0  180.0
    29.1268      17.28      19.85     766.52      99.36     289.02      14.03  147.5   39.9  630.0  180.0
    29.6652      -4.73       6.79     905.03      37.95    1830.06      31.45  147.5   39.9  630.0  180.0
