                 MRH
   13    6 2015
    18.4631        NaN        NaN        NaN        NaN    1008.60      46.58  102.5   -0.0  630.0  180.0
    19.0016        NaN        NaN        NaN        NaN     779.20     168.42  102.5   -0.0  630.0  180.0
    19.5400        NaN        NaN        NaN        NaN     501.63     228.66  102.5   -0.0  630.0  180.0
    20.0784        NaN        NaN        NaN        NaN     361.54     216.05  102.5   -0.0  630.0  180.0
    20.6168        NaN        NaN        NaN        NaN     582.79     302.79  102.5   -0.0  630.0  180.0
    21.1554        NaN        NaN        NaN        NaN     784.46     209.33  102.5   -0.0  630.0  180.0
    21.6937        NaN        NaN        NaN        NaN     918.83      54.06  102.5   -0.0  630.0  180.0
    22.2323        NaN        NaN        NaN        NaN     911.79      38.37  102.5   -0.0  630.0  180.0
    22.7708        NaN        NaN        NaN        NaN     925.94      25.07  102.5   -0.0  630.0  180.0
    23.3092        NaN        NaN        NaN        NaN     886.36      30.84  102.5   -0.0  630.0  180.0
    23.8476        NaN        NaN        NaN        NaN     976.63      34.77  102.5   -0.0  630.0  180.0
    24.3861        NaN        NaN        NaN        NaN     905.98      63.03  102.5   -0.0  630.0  180.0
    24.9246        NaN        NaN        NaN        NaN     845.78      71.66  102.5   -0.0  630.0  180.0
    25.4631        NaN        NaN        NaN        NaN     838.36      56.71  102.5   -0.0  630.0  180.0
    26.0016        NaN        NaN        NaN        NaN     832.90      80.84  102.5   -0.0  630.0  180.0
    26.5400        NaN        NaN        NaN        NaN     837.68      84.68  102.5   -0.0  630.0  180.0
    27.0785        NaN        NaN        NaN        NaN     788.90      72.37  102.5   -0.0  630.0  180.0
    27.6168        NaN        NaN        NaN        NaN     749.07     149.05  102.5   -0.0  630.0  180.0
    28.1552        NaN        NaN        NaN        NaN     707.49     186.81  102.5   -0.0  630.0  180.0
    28.6935        NaN        NaN        NaN        NaN     762.04     217.42  102.5   -0.0  630.0  180.0
    29.2319        NaN        NaN        NaN        NaN     834.06     108.69  102.5   -0.0  630.0  180.0
    18.5686      88.24       8.18        NaN        NaN    1034.18      35.42   89.9  -45.0  630.0  180.0
    19.1068     133.34      36.58        NaN        NaN     877.89     145.92   89.9  -45.0  630.0  180.0
    19.6452     172.82      62.58        NaN        NaN     731.61     229.64   89.9  -45.0  630.0  180.0
    20.1837      25.90     102.16        NaN        NaN     270.34     232.34   89.9  -45.0  630.0  180.0
    20.7221      21.29     138.37        NaN        NaN     583.20     456.51   89.9  -45.0  630.0  180.0
    21.2606      24.41      46.45        NaN        NaN     765.00     164.40   89.9  -45.0  630.0  180.0
    21.7990      32.57      14.78        NaN        NaN     904.99      58.28   89.9  -45.0  630.0  180.0
    22.3376      99.01       7.59        NaN        NaN     874.06      28.93   89.9  -45.0  630.0  180.0
    22.8760      90.50       8.29        NaN        NaN     993.37      35.33   89.9  -45.0  630.0  180.0
    23.4145      87.95       8.11        NaN        NaN     912.97      32.32   89.9  -45.0  630.0  180.0
    23.9529      58.89      10.18        NaN        NaN     994.70      43.40   89.9  -45.0  630.0  180.0
    24.4914      -4.06      18.97        NaN        NaN    1038.01      84.00   89.9  -45.0  630.0  180.0
    25.0299       2.39      18.48        NaN        NaN     857.28      70.56   89.9  -45.0  630.0  180.0
    25.5684      -2.05      18.11        NaN        NaN     919.51      72.85   89.9  -45.0  630.0  180.0
    26.1068       6.01      26.93        NaN        NaN     888.30     105.87   89.9  -45.0  630.0  180.0
    26.6453     -20.44      26.84        NaN        NaN     830.71     100.46   89.9  -45.0  630.0  180.0
    27.1837       9.82      23.52        NaN        NaN     781.84      85.28   89.9  -45.0  630.0  180.0
    27.7221      58.59      38.87        NaN        NaN     734.65     136.53   89.9  -45.0  630.0  180.0
    28.2604      32.62      55.38        NaN        NaN     765.07     203.27   89.9  -45.0  630.0  180.0
    28.7987      52.58      59.55        NaN        NaN     749.61     213.61   89.9  -45.0  630.0  180.0
    29.3372      57.42      34.82        NaN        NaN     846.78     136.51   89.9  -45.0  630.0  180.0
