                 MRH
   13    6 2015
      18.25       NaN       NaN       NaN       NaN   1008.60     46.58    630.0   1800
      18.75     88.24      8.18       NaN       NaN   1034.18     35.42    630.0   1800
      19.25    133.34     36.58       NaN       NaN    828.55    111.42    630.0   1800
      19.75    172.82     62.58       NaN       NaN    616.62    162.03    630.0   1800
      20.25     25.90    102.16       NaN       NaN    315.94    158.64    630.0   1800
      20.75     21.29    138.37       NaN       NaN    582.99    273.90    630.0   1800
      21.25     24.41     46.45       NaN       NaN    774.73    133.08    630.0   1800
      21.75     32.57     14.78       NaN       NaN    911.91     39.74    630.0   1800
      22.25     99.01      7.59       NaN       NaN    892.93     24.03    630.0   1800
      22.75     90.50      8.29       NaN       NaN    959.66     21.66    630.0   1800
      23.25     87.95      8.11       NaN       NaN    899.67     22.34    630.0   1800
      23.75     58.89     10.18       NaN       NaN    985.66     27.80    630.0   1800
      24.25     -4.06     18.97       NaN       NaN    971.99     52.51    630.0   1800
      24.75       NaN       NaN       NaN       NaN    845.78     71.66    630.0   1800
      25.25      2.39     18.48       NaN       NaN    847.82     45.26    630.0   1800
      25.75     -2.05     18.11       NaN       NaN    919.51     72.85    630.0   1800
      26.25      6.01     26.93       NaN       NaN    860.60     66.60    630.0   1800
      26.75    -20.44     26.84       NaN       NaN    834.19     65.69    630.0   1800
      27.25      9.82     23.52       NaN       NaN    785.37     55.92    630.0   1800
      27.75     58.59     38.87       NaN       NaN    741.86    101.07    630.0   1800
      28.25     32.62     55.38       NaN       NaN    736.28    138.04    630.0   1800
      28.75     52.58     59.55       NaN       NaN    755.82    152.40    630.0   1800
      29.25     57.42     34.82       NaN       NaN    840.42     87.25    630.0   1800
