  Image    fringe1  fringe2  fringe3  fringe4  fringe5  fringe6  fringe7
-----------------------------------------------------------------------------
    1     0.714910 0.712713 0.710847 0.705315 0.704343 0.696325 0.695992
    2     0.707163 0.708283 0.704967 0.701268 0.698087 0.692379 0.694067
    3     0.720206 0.717881 0.715818 0.712351 0.708242 0.704179 0.706666
    4     0.722013 0.721480 0.717943 0.711753 0.709353 0.704524 0.703502
    5     0.729065 0.728945 0.723519 0.721121 0.717080 0.714179 0.712340
    6     0.733639 0.731256 0.727900 0.724061 0.719942 0.715779 0.714723
    7     0.734239 0.732144 0.729870 0.725358 0.721786 0.719507 0.717083
    8     0.736262 0.735169 0.732216 0.725152 0.722632 0.721389 0.721362
    9     0.737098 0.732973 0.733815 0.725400 0.722478 0.718929 0.718619
   10     0.715563 0.712798 0.708467 0.704193 0.700310 0.698230 0.700826
   11     0.712116 0.710732 0.705294 0.703692 0.693841 0.685149 0.699360
   12     0.708340 0.703085 0.706202 0.694899 0.701640 0.699437 0.703750
   13     0.718694 0.717232 0.711886 0.717832 0.718686 0.710296 0.713805
   14     0.722717 0.723638 0.729839 0.716855 0.712827 0.710262 0.720854
   15     0.729609 0.730586 0.730569 0.721870 0.725746 0.723110 0.730920
   16     0.743082 0.742470 0.729922 0.726554 0.729464 0.717514 0.733118
   17     0.741025 0.743523 0.732345 0.728997 0.730099 0.727411 0.743183
   18     0.743109 0.735444 0.734622 0.725062 0.729999 0.726847 0.742228
   19     0.741775 0.731389 0.736054 0.738833 0.713491 0.710316 0.750515
   20     0.710376 0.712055 0.703730 0.702618 0.702437 0.695884 0.707771
   21     0.706386 0.710416 0.703725 0.695276 0.690140 0.698977 0.699363
   22     0.722326 0.714589 0.712105 0.693459 0.704060 0.685513 0.702942
   23     0.711974 0.728194 0.736105 0.676616 0.721689 0.702279 0.752831
   24     0.726085 0.717294 0.708268 0.713962 0.716265 0.710110 0.716663
   25     0.735484 0.739561 0.733199 0.739248 0.732154 0.710008 0.724162
   26     0.738502 0.728830 0.733443 0.728771 0.736707 0.701589 0.788171
   27     0.726146 0.727543 0.738612 0.730840 0.727058 0.708602 0.745871
   28     0.744595 0.731477 0.746419 0.718762 0.714319 0.708009 0.753660
   29     0.728536 0.730993 0.737914 0.720445 0.726193 0.729848 0.767857
   30     0.710958 0.720948 0.718794 0.718533 0.708170 0.695553 0.695226
   31     0.718639 0.712900 0.728072 0.732593 0.717496 0.688428 0.718179
   32     0.721175 0.736399 0.734507 0.707748 0.701027 0.730148 0.758588
   33     0.723368 0.698088 0.716654 0.685124 0.718250 0.706525 0.743380
   34     0.723221 0.712266 0.748745 0.714230 0.693987 0.699508 0.711800
   35     0.716643 0.708084 0.737173 0.701604 0.720743 0.709632 0.737550
   36     0.743647 0.724073 0.769581 0.670901 0.713309 0.729367 0.731077
   37     0.730637 0.735283 0.736469 0.704518 0.728168 0.707091 0.739677
   38     0.724107 0.700461 0.710724 0.711917 0.743963 0.699748 0.762912
   39     0.708521 0.722092 0.736043 0.714248 0.692445 0.696545 0.705744
   40     0.710882 0.714558 0.726364 0.716869 0.753700 0.708041 0.720070
   41     0.703026 0.719007 0.735171 0.716907 0.688581 0.713211 0.784223
   42     0.732255 0.721917 0.727382 0.723868 0.734624 0.723319 0.752056
   43     0.704244 0.716152 0.716167 0.723065 0.710910 0.708177 0.735234
   44     0.713695 0.724792 0.715565 0.753810 0.728785 0.696000 0.737751
   45     0.715052 0.715800 0.715221 0.711886 0.699164 0.707174 0.754885
   46     0.708757 0.715268 0.714835 0.698399 0.719885 0.704264 0.754051
   47     0.713074 0.720506 0.734927 0.715118 0.708367 0.708719 0.775149
   48     0.716914 0.729558 0.731435 0.716091 0.725340 0.718656 0.746005
   49     0.730726 0.723111 0.738284 0.712723 0.728764 0.701644 0.746030
   50     0.724555 0.708308 0.734737 0.712840 0.708752 0.719807 0.748228
   51     0.720640 0.718733 0.718429 0.704552 0.710249 0.698451 0.733687
   52     0.730996 0.726542 0.712439 0.720048 0.715774 0.710777 0.737487
   53     0.723066 0.724812 0.730737 0.713175 0.715297 0.707962 0.722899
   54     0.719967 0.722796 0.719428 0.713067 0.718046 0.707472 0.717573
   55     0.726777 0.729536 0.722160 0.713366 0.713300 0.705258 0.707815
   56     0.722913 0.723153 0.722082 0.713297 0.710062 0.703842 0.719536
   57     0.724939 0.722552 0.723197 0.712764 0.715726 0.706710 0.721589
   58     0.722581 0.720878 0.723852 0.718782 0.711065 0.714000 0.711956
   59     0.731276 0.724596 0.727879 0.717131 0.713778 0.711279 0.713793
   60     0.722880 0.724908 0.720278 0.716320 0.714116 0.713481 0.713481
   61     0.726038 0.720711 0.719729 0.716445 0.710410 0.704587 0.705668
   62     0.723296 0.717329 0.716238 0.713804 0.713044 0.708923 0.710206
   63     0.727857 0.720748 0.719206 0.715729 0.709211 0.706178 0.705562
   64     0.727067 0.725365 0.719793 0.714571 0.708588 0.708927 0.710716
   65     0.728169 0.727155 0.722050 0.717220 0.714871 0.712578 0.712372
   66     0.726950 0.726663 0.721386 0.719467 0.715018 0.711124 0.708546
   67     0.728156 0.726583 0.723645 0.719109 0.714389 0.711001 0.710411
   68     0.726307 0.727618 0.721401 0.718783 0.713398 0.710709 0.709078
   69     0.730747 0.727258 0.722368 0.720620 0.713916 0.711457 0.711308
   70     0.729406 0.726685 0.723489 0.719503 0.717527 0.712043 0.710558
   71     0.721407 0.718084 0.716583 0.711555 0.708327 0.702675 0.702836
   72     0.716110 0.712650 0.709930 0.705943 0.700088 0.696665 0.694155
   73     0.724719 0.723360 0.719942 0.716747 0.712591 0.707609 0.706963
   74     0.735211 0.731884 0.730448 0.725248 0.721803 0.716351 0.714418
   75     0.738180 0.736319 0.732350 0.728113 0.722658 0.719242 0.718821
   76     0.733969 0.732493 0.730978 0.723926 0.720096 0.716308 0.714676
   77     0.734259 0.732620 0.729437 0.725340 0.720384 0.717728 0.716658
   78     0.734903 0.732946 0.730949 0.727239 0.722170 0.718473 0.717964
   79     0.734587 0.732302 0.729097 0.724242 0.720795 0.717997 0.716721
   80     0.730492 0.726296 0.725019 0.719647 0.714822 0.710750 0.709901
   81     0.721084 0.718008 0.716487 0.710973 0.708525 0.703114 0.702199
   82     0.717259 0.714884 0.711472 0.706962 0.701716 0.700100 0.696692
   83     0.725207 0.724615 0.723600 0.715472 0.713535 0.709057 0.708000
   84     0.734769 0.732256 0.728377 0.723265 0.719319 0.716218 0.714697
   85     0.737609 0.735630 0.732703 0.727709 0.725642 0.720496 0.718883
   86     0.736310 0.735165 0.730880 0.725623 0.723332 0.719441 0.719029
   87     0.738175 0.735241 0.732231 0.727154 0.723817 0.719996 0.720720
   88     0.738281 0.735197 0.731779 0.727433 0.723224 0.719578 0.718748
   89     0.738202 0.734068 0.732728 0.728265 0.724961 0.719581 0.720007
   90     0.729979 0.727705 0.725326 0.719436 0.714513 0.712954 0.710167
   91     0.722143 0.720169 0.717924 0.712706 0.708190 0.706265 0.703619
   92     0.720772 0.716832 0.714765 0.708873 0.705060 0.702055 0.699486
   93     0.729133 0.727822 0.724364 0.718440 0.714934 0.712719 0.713910
   94     0.736116 0.733310 0.729962 0.726033 0.721444 0.716687 0.716072
   95     0.738358 0.737158 0.733520 0.728745 0.725948 0.721924 0.719349
   96     0.735726 0.733064 0.731181 0.725150 0.723721 0.719879 0.716854
   97     0.737880 0.735800 0.733361 0.728385 0.725572 0.720493 0.719822
   98     0.737905 0.734596 0.733278 0.727772 0.724906 0.721318 0.720834
   99     0.739218 0.736822 0.734394 0.728713 0.725482 0.720964 0.722064
  100     0.729799 0.727959 0.725218 0.719626 0.717122 0.712083 0.710424
  101     0.722796 0.720066 0.716650 0.711922 0.709693 0.706304 0.705490
  102     0.721965 0.718271 0.714593 0.711373 0.706989 0.703677 0.699905
  103     0.729380 0.727813 0.726017 0.721977 0.717688 0.713479 0.712972
  104     0.734052 0.733073 0.729817 0.723567 0.719722 0.714657 0.715753
  105     0.736565 0.735045 0.731980 0.725967 0.722162 0.720385 0.718273
  106     0.733508 0.731992 0.729722 0.723884 0.719567 0.714698 0.714918
  107     0.736652 0.732903 0.730834 0.721892 0.724340 0.717848 0.716488
  108     0.732448 0.732279 0.727760 0.723217 0.719086 0.712681 0.716626
  109     0.730440 0.727699 0.725455 0.722943 0.715290 0.714178 0.715550
  110     0.727221 0.730473 0.724951 0.717702 0.717377 0.712696 0.711094
  111     0.731560 0.727501 0.723609 0.720104 0.718719 0.710737 0.716213
  112     0.727983 0.729471 0.725535 0.720227 0.717099 0.710420 0.714886
  113     0.732664 0.730029 0.725561 0.720675 0.714591 0.710683 0.716495
  114     0.732089 0.729936 0.728635 0.723880 0.716029 0.713731 0.712497
  115     0.731679 0.728627 0.724491 0.719376 0.719093 0.712542 0.712812
  116     0.732800 0.730247 0.726066 0.720472 0.718453 0.711999 0.715657
  117     0.731879 0.725836 0.724373 0.717690 0.715550 0.719154 0.716361
  118     0.732188 0.729142 0.724131 0.720295 0.717315 0.710021 0.713798
  119     0.730708 0.729819 0.722847 0.722020 0.716660 0.713890 0.719055
  120     0.726784 0.729756 0.726890 0.720748 0.717503 0.711945 0.710802
  121     0.731332 0.726928 0.724259 0.720081 0.721016 0.714214 0.712109
  122     0.730557 0.727213 0.724375 0.719027 0.713667 0.714306 0.715297
  123     0.730546 0.730261 0.725289 0.720871 0.716594 0.713191 0.715781
  124     0.730971 0.725147 0.724866 0.721997 0.718507 0.709902 0.714311
  125     0.731367 0.730488 0.726861 0.721498 0.719767 0.714100 0.715102
  126     0.731837 0.729653 0.725892 0.718591 0.715586 0.710917 0.717419
  127     0.729144 0.729517 0.723816 0.716739 0.717686 0.710969 0.713413
  128     0.730985 0.729530 0.726677 0.716279 0.717656 0.713422 0.714941
  129     0.734007 0.731390 0.727623 0.721812 0.718425 0.712577 0.717946
  130     0.731521 0.728604 0.725620 0.721998 0.713781 0.710262 0.720882
  131     0.733882 0.725525 0.722950 0.715411 0.713861 0.711997 0.712395
  132     0.726884 0.727234 0.722571 0.716824 0.712679 0.711117 0.711616
  133     0.728713 0.727252 0.726373 0.719285 0.722092 0.712649 0.713573
  134     0.735276 0.728786 0.728952 0.721877 0.716718 0.711691 0.715386
  135     0.733362 0.730036 0.725379 0.721801 0.718026 0.714040 0.718310
  136     0.733845 0.730844 0.729645 0.719867 0.721471 0.718855 0.720340
  137     0.730950 0.731941 0.728968 0.717528 0.723233 0.715151 0.720240
  138     0.735888 0.729951 0.728307 0.724100 0.720034 0.714793 0.720427
  139     0.734163 0.731758 0.728712 0.720616 0.721014 0.717976 0.720325
  140     0.732302 0.732675 0.726214 0.722666 0.720204 0.714464 0.718727
  141     0.730340 0.730583 0.721906 0.719825 0.715561 0.717159 0.717337
  142     0.729257 0.727485 0.729674 0.722396 0.721082 0.718037 0.716974
  143     0.732021 0.734649 0.725621 0.722561 0.719014 0.714321 0.716494
  144     0.733700 0.730488 0.730610 0.721438 0.719113 0.714213 0.718671
  145     0.729614 0.732029 0.727204 0.722403 0.721816 0.715915 0.724009
  146     0.731739 0.728310 0.729272 0.721930 0.719605 0.716087 0.714714
  147     0.732648 0.728218 0.727077 0.721973 0.717005 0.716257 0.718314
  148     0.735251 0.733435 0.730979 0.723917 0.720284 0.716455 0.718424
  149     0.734513 0.728354 0.725619 0.718490 0.722290 0.715967 0.718263
  150     0.733973 0.729865 0.730128 0.719539 0.719855 0.716640 0.716853
  151     0.732477 0.729801 0.727125 0.722792 0.715263 0.712887 0.715822
  152     0.727195 0.724920 0.723099 0.719854 0.716271 0.714148 0.716975
  153     0.731247 0.727914 0.725768 0.722370 0.715617 0.710612 0.717321
  154     0.734146 0.729340 0.726373 0.719538 0.722022 0.715505 0.716085
  155     0.730244 0.728147 0.725629 0.721877 0.714196 0.714207 0.719674
  156     0.732664 0.729818 0.724655 0.717417 0.718394 0.717887 0.721071
  157     0.733274 0.729807 0.730792 0.720463 0.717148 0.708346 0.721066
  158     0.734267 0.729807 0.725842 0.721565 0.721392 0.714693 0.718039
  159     0.734486 0.729058 0.726770 0.724450 0.720597 0.715579 0.718540
  160     0.732965 0.727807 0.726304 0.721990 0.717743 0.711533 0.723077
  161     0.727897 0.729410 0.724353 0.722000 0.716862 0.708075 0.714598
  162     0.728233 0.725066 0.727769 0.719846 0.717011 0.706959 0.717242
  163     0.731661 0.733129 0.726064 0.722036 0.716549 0.709918 0.713858
  164     0.732304 0.730926 0.728130 0.724065 0.718910 0.712092 0.721238
  165     0.733502 0.731404 0.729177 0.726088 0.722030 0.717199 0.718298
  166     0.737628 0.733126 0.727657 0.725577 0.721145 0.715379 0.720763
  167     0.735425 0.732862 0.732402 0.723812 0.721308 0.721053 0.719510
  168     0.735998 0.731743 0.730288 0.726213 0.724102 0.718266 0.724153
  169     0.738169 0.732723 0.729087 0.724765 0.721349 0.719888 0.724386
  170     0.731515 0.725566 0.718085 0.718132 0.718070 0.712950 0.715189
  171     0.724016 0.718656 0.716980 0.710654 0.707161 0.706178 0.717173
  172     0.724247 0.719922 0.719718 0.712931 0.707922 0.707056 0.708301
  173     0.733078 0.729783 0.727323 0.723766 0.722649 0.711942 0.719333
  174     0.737788 0.730278 0.728274 0.720480 0.723669 0.715093 0.728559
  175     0.737756 0.738671 0.735930 0.727619 0.723504 0.724911 0.728330
  176     0.733634 0.726034 0.732938 0.727202 0.726271 0.722907 0.730747
  177     0.733899 0.737656 0.728441 0.724506 0.717688 0.712365 0.732173
  178     0.731452 0.733781 0.732949 0.726623 0.718839 0.721373 0.723490
  179     0.732294 0.734292 0.737163 0.731153 0.719330 0.721012 0.726381
  180     0.733448 0.733032 0.722940 0.725127 0.721826 0.710890 0.730096
  181     0.724645 0.729761 0.718784 0.716632 0.709805 0.708904 0.720512
  182     0.724671 0.718546 0.718915 0.713831 0.711736 0.709093 0.714220
  183     0.740587 0.728503 0.728750 0.719329 0.722317 0.720067 0.732139
  184     0.740235 0.735390 0.732461 0.721166 0.728478 0.722361 0.737017
  185     0.739230 0.733719 0.726250 0.720962 0.724535 0.720834 0.730804
  186     0.743949 0.729944 0.722673 0.722185 0.729207 0.715210 0.739729
  187     0.742015 0.734682 0.728800 0.726300 0.728314 0.717270 0.741363
  188     0.737754 0.734902 0.735059 0.729137 0.715313 0.720287 0.743710
  189     0.741445 0.741972 0.737964 0.727913 0.732327 0.721615 0.743774
  190     0.729779 0.732778 0.732251 0.726081 0.717278 0.718666 0.726239
  191     0.721369 0.722395 0.731185 0.719561 0.712327 0.708327 0.722697
  192     0.721627 0.724148 0.719268 0.714474 0.713815 0.702807 0.727806
  193     0.734742 0.727400 0.730520 0.723779 0.717720 0.711338 0.723865
  194     0.730988 0.740145 0.720580 0.726953 0.739708 0.727383 0.745816
  195     0.737942 0.736952 0.735414 0.723489 0.722734 0.721014 0.734918
  196     0.742902 0.730435 0.736865 0.734591 0.726969 0.711280 0.730208
  197     0.736480 0.740548 0.736982 0.733863 0.727926 0.719481 0.737266
  198     0.744349 0.740420 0.730696 0.732275 0.730293 0.724849 0.745945
  199     0.739431 0.741738 0.747820 0.733655 0.730357 0.722794 0.741621
  200     0.739799 0.735335 0.732438 0.722783 0.720423 0.712706 0.734349
  201     0.725587 0.721460 0.727167 0.719728 0.717694 0.722749 0.717830
  202     0.734571 0.729614 0.731788 0.723150 0.720305 0.719451 0.715115
  203     0.728734 0.740440 0.730758 0.733462 0.723158 0.713802 0.726712
  204     0.742472 0.735990 0.734655 0.725506 0.723240 0.718645 0.730265
  205     0.742195 0.737988 0.734700 0.726692 0.722598 0.720870 0.726223
  206     0.735987 0.734531 0.728751 0.723544 0.721586 0.714617 0.729562
  207     0.736675 0.736513 0.732348 0.722921 0.726600 0.718350 0.720342
  208     0.734394 0.735413 0.736334 0.727806 0.722129 0.722722 0.722185
  209     0.736586 0.733229 0.732748 0.730050 0.721343 0.717711 0.722603
  210     0.734559 0.733680 0.730230 0.725345 0.721651 0.720279 0.716545
  211     0.731429 0.729892 0.731743 0.724212 0.719791 0.717720 0.714747
