   1.512  -0.220  18.850
   1.515  -0.215  19.400
   1.521  -0.218  19.933
   1.535  -0.196  20.467
   1.516  -0.203  21.017
   1.517  -0.168  21.550
   1.525  -0.153  22.083
   1.508  -0.163  22.617
   1.520  -0.170  23.167
   1.503  -0.170  23.700
   1.487  -0.153  24.233
   1.496  -0.148  24.783
   1.500  -0.119  25.317
   1.479  -0.132  25.850
   1.477  -0.140  26.400
   1.485  -0.121  26.933
   1.484  -0.122  27.467
   1.468  -0.115  28.000
   1.458  -0.127  28.550
   1.472  -0.137  29.083
   1.453  -0.116  29.617
   1.466  -0.111  29.800
   1.495  -0.155
