MRH 20150624
    23.07    69.58   116.06   162.54   208.99   255.49   301.96
    46.51    46.47    46.49    46.45    46.50    46.47    46.47
     0.84010434     0.56551063     0.36927938     0.22480324     0.12525842     0.06639014     0.03041238     0.00685502    -0.00037647    -0.00139974    -0.00476199    -0.00482767    -0.00220976    -0.00293548    -0.00345386    -0.00073883    -0.00061472    -0.00200957
    -0.02316128    -0.02985676    -0.03588521    -0.04363071    -0.04154554    -0.03752739    -0.03474538    -0.02721550    -0.01718363    -0.01259883    -0.00860386    -0.00314677    -0.00160288    -0.00232144    -0.00014932     0.00077044    -0.00165601    -0.00044821
     1.00000000     0.67363787     0.44162047     0.27268213     0.15693910     0.09138228     0.05520610     0.03427625     0.02278036     0.01680869     0.01221508     0.00886268     0.00705124     0.00594184     0.00555707     0.00503960     0.00472394     0.00377671
     0.83886474     0.54579222     0.33472180     0.19086292     0.09952421     0.04749230     0.01910702     0.00592287     0.00090167    -0.00023060    -0.00031013     0.00002100     0.00094754     0.00142484     0.00086475     0.00094357     0.00049090    -0.00056132
     0.03737849     0.04380047     0.03066280     0.00977903    -0.00621694    -0.01445375    -0.01691576    -0.01524298    -0.01139480    -0.00694261    -0.00465243    -0.00184859    -0.00032707     0.00030595     0.00060665    -0.00037258    -0.00015883    -0.00083528
     1.00000000     0.65208858     0.40031710     0.22764501     0.11881802     0.05920066     0.03047563     0.01969174     0.01387560     0.00852473     0.00605990     0.00346397     0.00316467     0.00347598     0.00313013     0.00254795     0.00322690     0.00288170
     0.83149391     0.51955599     0.29522723     0.14929827     0.06945769     0.02516611     0.00744993     0.00210349    -0.00300174    -0.00253917    -0.00190972    -0.00496249    -0.00117816    -0.00308589    -0.00186440     0.00089824    -0.00102859     0.00184530
     0.06880718     0.07298081     0.05201750     0.02229878    -0.00266798    -0.01125732    -0.01858581    -0.01234389    -0.00807477    -0.00600183    -0.00138789    -0.00191881     0.00009504     0.00104028    -0.00031908     0.00176596     0.00087262     0.00048551
     1.00000000     0.63176191     0.36419636     0.18515274     0.08640751     0.03715524     0.02623229     0.01876825     0.01444522     0.01025539     0.00723546     0.00775866     0.00581114     0.00638491     0.00573670     0.00502016     0.00478510     0.00678533
     0.82708943     0.50098819     0.27197307     0.12660156     0.04598125     0.00652035    -0.00526175    -0.00572197    -0.00326996    -0.00131792    -0.00134180    -0.00310887    -0.00354666    -0.00360505    -0.00226486    -0.00132814    -0.00158147    -0.00188542
     0.03139097     0.02977740     0.01078026    -0.00357949    -0.01126915    -0.01116202    -0.01167778    -0.00688338    -0.00314613    -0.00035547    -0.00044833     0.00128975     0.00112481     0.00030847    -0.00035109     0.00049336     0.00025908    -0.00034320
     1.00000000     0.60632855     0.32895023     0.15310633     0.05762828     0.01734915     0.01672125     0.01191260     0.00702908     0.00375614     0.00421811     0.00514998     0.00584149     0.00588381     0.00463958     0.00439040     0.00409971     0.00406384
     0.81836754     0.47462395     0.23802999     0.09855445     0.02823883     0.00087547    -0.00657806    -0.00493436    -0.00241126    -0.00080764     0.00046062    -0.00074037     0.00054042    -0.00030031    -0.00033889    -0.00151251    -0.00202954    -0.00157877
     0.08276762     0.08809482     0.05635821     0.02138888    -0.00266466    -0.01402868    -0.01483548    -0.00938096    -0.00479026    -0.00173490    -0.00233867    -0.00147812    -0.00241965    -0.00305744    -0.00133236    -0.00027554     0.00010192    -0.00020139
     1.00000000     0.58689755     0.29744610     0.12272388     0.03505438     0.01832537     0.02010593     0.01348171     0.00763274     0.00450702     0.00466706     0.00369470     0.00461490     0.00485279     0.00343946     0.00388369     0.00386916     0.00318982
     0.81436265     0.45864114     0.21840416     0.07646741     0.00830981    -0.01369149    -0.01433903    -0.00878702    -0.00464619    -0.00235485    -0.00036066    -0.00029370     0.00008496     0.00038605     0.00318760     0.00292925     0.00236408    -0.00014761
     0.02333113     0.01787431     0.00216664    -0.00273261    -0.00552358    -0.00518590    -0.00557066    -0.00274555    -0.00330139    -0.00040105     0.00017429     0.00103873    -0.00032400    -0.00346162    -0.00566185    -0.00863813    -0.00963853    -0.00698868
     1.00000000     0.56342632     0.26828474     0.09415063     0.01607225     0.01875805     0.01921742     0.01172293     0.00751035     0.00461213     0.00260185     0.00336515     0.00354351     0.00654461     0.01032450     0.01411737     0.01506533     0.01080494
     0.80515397     0.43935040     0.18632519     0.05327576    -0.00138967    -0.01723818    -0.01000900    -0.00747271    -0.00149010    -0.00166781    -0.00095443    -0.00066476     0.00076646     0.00266091     0.00356477     0.00300731     0.00122065     0.00062417
     0.07607185     0.06874456     0.04410628     0.00886045    -0.00549918    -0.01329757    -0.01241840    -0.00660708    -0.00426830     0.00180408    -0.00055495     0.00020338    -0.00180367    -0.00328839    -0.00537312    -0.00520504    -0.00563109    -0.00656527
     1.00000000     0.55082393     0.23791677     0.06867839     0.01649087     0.02761687     0.02290692     0.01420913     0.00698470     0.00568891     0.00430134     0.00404182     0.00521982     0.00773283     0.01090225     0.01028703     0.01030686     0.01108428
   1.495  -0.155  400    2    0    0    0  0.000 18.000
