                 MRH
   24    6 2015
      18.25       NaN       NaN       NaN       NaN    921.67     76.32    630.0   1800
      18.75     38.32      9.60       NaN       NaN    938.09     37.33    630.0   1800
      19.25     74.15     32.99       NaN       NaN    764.41     99.24    630.0   1800
      19.75    104.23     38.35       NaN       NaN    562.21    114.61    630.0   1800
      20.25    106.83     27.17       NaN       NaN    534.89     54.60    630.0   1800
      20.75    105.36     22.25       NaN       NaN    830.89     46.94    630.0   1800
      21.25     87.08     22.74       NaN       NaN    748.85     44.81    630.0   1800
      21.75     95.20     16.26       NaN       NaN    811.09     36.43    630.0   1800
      22.25     87.90     14.67       NaN       NaN    756.97     35.46    630.0   1800
      22.75     98.47     11.60       NaN       NaN    809.73     32.54    630.0   1800
      23.25     97.52      8.48       NaN       NaN    745.77     20.78    630.0   1800
      23.75    122.65     10.10       NaN       NaN    773.74     25.25    630.0   1800
      24.25       NaN       NaN       NaN       NaN    657.11     43.98    630.0   1800
      24.75    101.86     10.93       NaN       NaN    734.04     42.62    630.0   1800
      25.25     79.05     18.56       NaN       NaN    747.18     61.72    630.0   1800
      25.75     88.94     24.63       NaN       NaN    684.11     81.47    630.0   1800
      26.25     85.51     15.41       NaN       NaN    746.59     50.02    630.0   1800
      26.75     40.88      9.35       NaN       NaN    762.02     24.55    630.0   1800
      27.25      0.86     15.15       NaN       NaN    641.08     35.41    630.0   1800
      27.75     59.82     50.52       NaN       NaN    547.60    113.92    630.0   1800
      28.25     12.56    125.72       NaN       NaN    521.56    268.42    630.0   1800
      28.75    365.47    147.10       NaN       NaN    658.11   2039.96    630.0   1800
      29.25     27.17    120.57       NaN       NaN    523.24    297.65    630.0   1800
