                 MRH
   24    6 2015
    18.4960        NaN        NaN        NaN        NaN     921.67      76.32  102.5    0.0  630.0  180.0
    19.0344        NaN        NaN        NaN        NaN     716.79     158.65  102.5    0.0  630.0  180.0
    19.5727        NaN        NaN        NaN        NaN     457.00     192.79  102.5    0.0  630.0  180.0
    20.1110        NaN        NaN        NaN        NaN     466.61      70.64  102.5    0.0  630.0  180.0
    20.6493        NaN        NaN        NaN        NaN     928.15      55.19  102.5    0.0  630.0  180.0
    21.1876        NaN        NaN        NaN        NaN     762.27      43.87  102.5    0.0  630.0  180.0
    21.7260        NaN        NaN        NaN        NaN     860.94      45.19  102.5    0.0  630.0  180.0
    22.2644        NaN        NaN        NaN        NaN     778.69      50.20  102.5    0.0  630.0  180.0
    22.8028        NaN        NaN        NaN        NaN     838.28      50.53  102.5    0.0  630.0  180.0
    23.3411        NaN        NaN        NaN        NaN     737.34      29.74  102.5    0.0  630.0  180.0
    23.8793        NaN        NaN        NaN        NaN     741.19      34.93  102.5    0.0  630.0  180.0
    24.4176        NaN        NaN        NaN        NaN     657.11      43.98  102.5    0.0  630.0  180.0
    24.9560        NaN        NaN        NaN        NaN     789.89      77.47  102.5    0.0  630.0  180.0
    25.4943        NaN        NaN        NaN        NaN     778.29     106.32  102.5    0.0  630.0  180.0
    26.0326        NaN        NaN        NaN        NaN     767.57      85.00  102.5    0.0  630.0  180.0
    26.5709        NaN        NaN        NaN        NaN     720.52      35.88  102.5    0.0  630.0  180.0
    27.1091        NaN        NaN        NaN        NaN     671.92      53.68  102.5    0.0  630.0  180.0
    27.6478        NaN        NaN        NaN        NaN     477.96     161.28  102.5    0.0  630.0  180.0
    28.1860        NaN        NaN        NaN        NaN     478.83     358.66  102.5    0.0  630.0  180.0
    28.7243        NaN        NaN        NaN        NaN     781.21    3779.11  102.5    0.0  630.0  180.0
    29.2626        NaN        NaN        NaN        NaN     473.44     406.13  102.5    0.0  630.0  180.0
    18.6013      38.32       9.60        NaN        NaN     938.09      37.33   89.9  -45.0  630.0  180.0
    19.1396      74.15      32.99        NaN        NaN     812.04     119.26   89.9  -45.0  630.0  180.0
    19.6779     104.23      38.35        NaN        NaN     667.43     123.98   89.9  -45.0  630.0  180.0
    20.2162     106.83      27.17        NaN        NaN     603.17      83.28   89.9  -45.0  630.0  180.0
    20.7545     105.36      22.25        NaN        NaN     733.63      75.95   89.9  -45.0  630.0  180.0
    21.2929      87.08      22.74        NaN        NaN     735.42      78.14   89.9  -45.0  630.0  180.0
    21.8313      95.20      16.26        NaN        NaN     761.24      57.15   89.9  -45.0  630.0  180.0
    22.3696      87.90      14.67        NaN        NaN     735.25      50.11   89.9  -45.0  630.0  180.0
    22.9080      98.47      11.60        NaN        NaN     781.18      41.02   89.9  -45.0  630.0  180.0
    23.4463      97.52       8.48        NaN        NaN     754.20      29.03   89.9  -45.0  630.0  180.0
    23.9846     122.65      10.10        NaN        NaN     806.29      36.46   89.9  -45.0  630.0  180.0
    24.5229     101.86      10.93        NaN        NaN     678.18      35.56   89.9  -45.0  630.0  180.0
    25.0612      79.05      18.56        NaN        NaN     716.07      62.74   89.9  -45.0  630.0  180.0
    25.5995      88.94      24.63        NaN        NaN     684.11      81.47   89.9  -45.0  630.0  180.0
    26.1379      85.51      15.41        NaN        NaN     725.61      52.75   89.9  -45.0  630.0  180.0
    26.6761      40.88       9.35        NaN        NaN     803.53      33.53   89.9  -45.0  630.0  180.0
    27.2144       0.86      15.15        NaN        NaN     610.25      46.20   89.9  -45.0  630.0  180.0
    27.7530      59.82      50.52        NaN        NaN     617.24     160.92   89.9  -45.0  630.0  180.0
    28.2913      12.56     125.72        NaN        NaN     564.28     399.44   89.9  -45.0  630.0  180.0
    28.8295     365.47     147.10        NaN        NaN     535.00    1537.58   89.9  -45.0  630.0  180.0
    29.3679      27.17     120.57        NaN        NaN     573.05     435.23   89.9  -45.0  630.0  180.0
