                 MRH
   24    6 2015
    18.4960      -1.91      13.95     921.67      76.32     993.78      33.64  102.5    0.0  630.0  180.0
    19.0344     -29.21      33.86     716.79     158.65     281.89      22.46  102.5    0.0  630.0  180.0
    19.5727     -57.02      49.59     457.00     192.79     134.18      15.95  102.5    0.0  630.0  180.0
    20.1110     -28.97      18.47     466.61      70.64     144.15       5.99  102.5    0.0  630.0  180.0
    20.6493     -35.59      10.06     928.15      55.19     333.50       7.89  102.5    0.0  630.0  180.0
    21.1876      -3.97       9.14     762.27      43.87     543.18      11.32  102.5    0.0  630.0  180.0
    21.7260      -1.56       8.66     860.94      45.19     921.01      18.96  102.5    0.0  630.0  180.0
    22.2644      -3.08      10.16     778.69      50.20     890.74      21.27  102.5    0.0  630.0  180.0
    22.8028      -3.43       9.75     838.28      50.53     792.36      18.38  102.5    0.0  630.0  180.0
    23.3411      -8.80       6.35     737.34      29.74     766.70      10.97  102.5    0.0  630.0  180.0
    23.8793      -3.86       7.39     741.19      34.93     663.13      11.08  102.5    0.0  630.0  180.0
    24.4176       7.09       9.85     657.11      43.98     592.19      13.22  102.5    0.0  630.0  180.0
    24.9560       9.68      15.39     789.89      77.47     497.46      18.38  102.5    0.0  630.0  180.0
    25.4943      -3.96      21.10     778.29     106.32     415.89      21.28  102.5    0.0  630.0  180.0
    26.0326       8.42      17.12     767.57      85.00     526.42      21.71  102.5    0.0  630.0  180.0
    26.5709      16.93       7.61     720.52      35.88    1021.51      18.01  102.5    0.0  630.0  180.0
    27.1091      20.10      11.81     671.92      53.68     515.20      14.00  102.5    0.0  630.0  180.0
    27.6478     -11.75      40.89     477.96     161.28     118.04      11.53  102.5    0.0  630.0  180.0
    28.1860     -23.68      88.64     478.83     358.66      61.62      13.08  102.5    0.0  630.0  180.0
    28.7243      27.03     418.11     781.21    3779.11      13.79       9.58  102.5    0.0  630.0  180.0
    29.2626     -37.25     104.57     473.44     406.13      63.64      15.52  102.5    0.0  630.0  180.0
    18.3906      49.65       6.69     951.65      36.29    1824.98      28.36   12.8  -50.2  630.0  180.0
    18.8764      57.20      11.10     788.20      53.71     727.79      18.42   12.8  -50.2  630.0  180.0
    19.4145      23.50      16.18     817.51      81.80     478.38      18.41   12.8  -50.2  630.0  180.0
    19.9528       7.17       7.61     819.74      37.75     429.48       7.13   12.8  -50.2  630.0  180.0
    20.4910       2.64       3.96     763.92      17.10     659.53       4.83   12.8  -50.2  630.0  180.0
    21.0294      -2.95       5.01     773.66      23.75     996.73      10.93   12.8  -50.2  630.0  180.0
    21.5680     -15.73       4.99     881.40      26.32    1530.70      17.70   12.8  -50.2  630.0  180.0
    22.1063      -2.75       6.63     753.59      31.77    1373.82      21.06   12.8  -50.2  630.0  180.0
    22.6445      -8.52       9.14     764.62      44.59     980.18      20.97   12.8  -50.2  630.0  180.0
    23.1829     -11.25       6.41     727.61      30.03     901.42      13.03   12.8  -50.2  630.0  180.0
    23.7211     -24.79       6.32     753.54      30.22     794.07      11.26   12.8  -50.2  630.0  180.0
    24.2594      -4.40       8.35     730.55      39.54     686.42      13.22   12.8  -50.2  630.0  180.0
    24.7977       2.65       7.58     770.98      37.35     910.85      16.12   12.8  -50.2  630.0  180.0
    25.3361      -1.07      14.27     790.39      72.14     605.11      20.78   12.8  -50.2  630.0  180.0
    25.8744     -19.17      14.32     718.87      68.57     644.30      22.11   12.8  -50.2  630.0  180.0
    26.4126     -11.19       8.48     722.34      40.37    1052.88      20.91   12.8  -50.2  630.0  180.0
    26.9509      -0.64       9.07     829.72      47.15     835.87      18.19   12.8  -50.2  630.0  180.0
    27.4895     -12.30      22.92     680.38     106.99     245.28      13.40   12.8  -50.2  630.0  180.0
    28.0279     -40.94      47.68     599.96     210.03     117.76      13.47   12.8  -50.2  630.0  180.0
    28.5661      72.05      88.11     421.17     548.07      31.50      10.03   12.8  -50.2  630.0  180.0
    29.1044    -173.24     111.10     390.65     659.16      34.11      12.17   12.8  -50.2  630.0  180.0
    29.6427      -5.88      16.21     850.43      87.51     644.70      26.18   12.8  -50.2  630.0  180.0
    18.4434      35.92       9.88     883.95      51.55     999.90      23.02  102.5   50.2  630.0  180.0
    18.9818      50.31      21.00     771.78     101.48     361.43      17.46  102.5   50.2  630.0  180.0
    19.5202      61.72      26.21     618.70     114.05     244.78      14.56  102.5   50.2  630.0  180.0
    20.0585      62.79      10.47     770.74      52.32     262.54       6.28  102.5   50.2  630.0  180.0
    20.5967      12.16       2.77     429.43      10.02     280.42       1.64  102.5   50.2  630.0  180.0
    21.1351      51.17       8.08     734.75      37.36     544.05       9.62  102.5   50.2  630.0  180.0
    21.6735      53.01       6.83     839.27      34.29    1069.74      16.63  102.5   50.2  630.0  180.0
    22.2118      59.03       8.61     771.40      41.50    1048.68      20.62  102.5   50.2  630.0  180.0
    22.7502      58.27       9.96     724.34      46.35     807.18      18.33  102.5   50.2  630.0  180.0
    23.2886      64.53       6.70     752.09      31.22     756.52      11.15  102.5   50.2  630.0  180.0
    23.8268      75.13       6.85     774.80      32.67     746.68      11.30  102.5   50.2  630.0  180.0
    24.3651      69.32       8.64     747.50      40.80     670.80      13.10  102.5   50.2  630.0  180.0
    24.9034      73.23      10.68     855.43      55.27     702.10      17.62  102.5   50.2  630.0  180.0
    25.4418      74.85      17.74     773.95      86.98     474.12      19.68  102.5   50.2  630.0  180.0
    25.9801      60.17      13.88     689.62      63.77     648.48      20.87  102.5   50.2  630.0  180.0
    26.5184      52.22       8.17     750.99      39.30    1095.80      20.74  102.5   50.2  630.0  180.0
    27.0566      48.32      10.11     703.71      46.95     642.41      14.99  102.5   50.2  630.0  180.0
    27.5952      39.93      32.18     537.02     130.03     154.97      11.32  102.5   50.2  630.0  180.0
    28.1335      13.32      55.62     376.26     258.28      70.30       8.73  102.5   50.2  630.0  180.0
    28.6718     136.49     135.29     597.80     859.57      26.14       9.42  102.5   50.2  630.0  180.0
    29.2101     -47.95      55.55     612.72     256.38     123.64      17.20  102.5   50.2  630.0  180.0
    29.7485      24.83       5.85     781.79      29.16    3037.10      42.30  102.5   50.2  630.0  180.0
    18.5487      20.73       6.79     944.82      36.91    1388.38      22.06   44.9  -45.0  630.0  180.0
    19.0871       0.56      17.59     859.09      91.77     475.94      20.03   44.9  -45.0  630.0  180.0
    19.6254     -36.05      17.70     653.59      79.46     343.52      14.23   44.9  -45.0  630.0  180.0
    20.1637     -25.45       8.14     734.06      37.60     348.26       6.14   44.9  -45.0  630.0  180.0
    20.7022     -41.33       6.67     772.10      31.75     578.40       8.50   44.9  -45.0  630.0  180.0
    21.2405     -32.69       6.32     763.32      30.41    1003.80      14.47   44.9  -45.0  630.0  180.0
    21.7787     -36.74       6.41     775.14      31.47    1279.95      19.03   44.9  -45.0  630.0  180.0
    22.3171     -35.27       8.74     704.02      40.57    1037.19      21.09   44.9  -45.0  630.0  180.0
    22.8555     -41.59       7.52     863.44      39.92    1048.13      18.92   44.9  -45.0  630.0  180.0
    23.3938     -48.37       5.95     773.39      29.04     884.87      11.96   44.9  -45.0  630.0  180.0
    23.9320     -56.32       6.95     788.75      34.72     778.65      12.58   44.9  -45.0  630.0  180.0
    24.4703     -35.50       8.30     669.56      37.57     701.69      13.39   44.9  -45.0  630.0  180.0
    25.0089     -28.74      12.26     694.78      57.36     610.97      17.64   44.9  -45.0  630.0  180.0
    25.5470     -40.31      17.07     719.00      82.21     506.77      20.69   44.9  -45.0  630.0  180.0
    26.0853     -43.45      13.27     703.74      63.03     669.80      21.16   44.9  -45.0  630.0  180.0
    26.6236     -21.68       6.74     731.87      32.27    1174.65      18.51   44.9  -45.0  630.0  180.0
    27.1618     -11.17      10.24     636.45      45.23     581.76      13.69   44.9  -45.0  630.0  180.0
    27.7004     -36.46      34.05     601.38     148.91     155.58      12.70   44.9  -45.0  630.0  180.0
    28.2387     -25.48      63.84     660.89     405.72      62.61      11.71   44.9  -45.0  630.0  180.0
    28.7770     -64.47     120.09     319.61    1107.21      29.27       9.15   44.9  -45.0  630.0  180.0
    29.3153    -117.68      93.23     793.31     526.58      83.12      21.45   44.9  -45.0  630.0  180.0
    18.6013     -27.10       6.79     938.09      37.33    1383.94      22.37   89.9  -45.0  630.0  180.0
    19.1396     -52.43      23.33     812.04     119.26     350.34      19.76   89.9  -45.0  630.0  180.0
    19.6779     -73.70      27.12     667.43     123.98     241.67      15.73   89.9  -45.0  630.0  180.0
    20.2162     -75.54      19.21     603.17      83.28     221.31       9.84   89.9  -45.0  630.0  180.0
    20.7545     -74.50      15.74     733.63      75.95     419.47      15.75   89.9  -45.0  630.0  180.0
    21.2929     -61.57      16.08     735.42      78.14     663.87      25.61   89.9  -45.0  630.0  180.0
    21.8313     -67.32      11.50     761.24      57.15    1012.96      28.18   89.9  -45.0  630.0  180.0
    22.3696     -62.15      10.37     735.25      50.11    1007.76      24.96   89.9  -45.0  630.0  180.0
    22.9080     -69.63       8.20     781.18      41.02     993.01      19.41   89.9  -45.0  630.0  180.0
    23.4463     -68.96       6.00     754.20      29.03     953.14      13.12   89.9  -45.0  630.0  180.0
    23.9846     -86.73       7.14     806.29      36.46     789.05      13.26   89.9  -45.0  630.0  180.0
    24.5229     -72.03       7.73     678.18      35.56     798.78      14.30   89.9  -45.0  630.0  180.0
    25.0612     -55.89      13.12     716.07      62.74     579.17      18.10   89.9  -45.0  630.0  180.0
    25.5995     -62.89      17.42     684.11      81.47     497.88      20.84   89.9  -45.0  630.0  180.0
    26.1379     -60.46      10.90     725.61      52.75     844.21      22.02   89.9  -45.0  630.0  180.0
    26.6761     -28.91       6.61     803.53      33.53    1200.96      18.79   89.9  -45.0  630.0  180.0
    27.2144      -0.61      10.71     610.25      46.20     543.88      13.29   89.9  -45.0  630.0  180.0
    27.7530     -42.30      35.72     617.24     160.92     151.26      13.04   89.9  -45.0  630.0  180.0
    28.2913      -8.88      88.90     564.28     399.44      59.13      11.75   89.9  -45.0  630.0  180.0
    28.8295    -258.42     104.02     535.00    1537.58      20.01       9.99   89.9  -45.0  630.0  180.0
    29.3679     -19.21      85.26     573.05     435.23      86.92      19.70   89.9  -45.0  630.0  180.0
    18.6538     -44.95       8.06     898.04      43.32    1107.21      21.36  134.8  -45.0  630.0  180.0
    18.7060     -57.87       9.54     894.99      51.68     904.75      20.93  134.8  -45.0  630.0  180.0
    18.7583     -64.44      11.20     872.38      59.80     755.55      20.38  134.8  -45.0  630.0  180.0
    18.8105     -70.31      12.86     806.70      65.53     627.46      19.38  134.8  -45.0  630.0  180.0
    19.1921     -67.71      31.28     751.98     155.04     254.04      19.42  134.8  -45.0  630.0  180.0
    19.2444     -92.19      33.42     704.05     158.09     232.47      18.65  134.8  -45.0  630.0  180.0
    19.2966     -81.11      38.49     663.87     178.05     192.64      17.84  134.8  -45.0  630.0  180.0
    19.3488     -79.68      36.66     634.17     164.56     186.84      16.21  134.8  -45.0  630.0  180.0
    19.7305    -120.63      39.32     405.17     139.27     139.52      12.40  134.8  -45.0  630.0  180.0
    19.7827    -125.13      32.59     608.60     147.09     146.58      11.41  134.8  -45.0  630.0  180.0
    19.8349     -91.35      30.30     603.20     133.03     143.46      10.12  134.8  -45.0  630.0  180.0
    19.8871     -67.32      27.91     646.84     131.41     156.14      10.52  134.8  -45.0  630.0  180.0
    20.2688    -105.45      19.95     709.28      96.05     182.60       8.76  134.8  -45.0  630.0  180.0
    20.3210    -128.46      18.66     545.68      80.36     183.02       8.05  134.8  -45.0  630.0  180.0
    20.3732     -88.08      17.78     539.81      72.91     193.06       7.89  134.8  -45.0  630.0  180.0
    20.4255    -101.14      18.57     662.21      90.19     201.39       9.10  134.8  -45.0  630.0  180.0
    20.8071     -83.10      15.65     640.71      69.69     277.79      10.14  134.8  -45.0  630.0  180.0
    20.8593     -84.19      15.85     666.41      72.32     303.02      11.36  134.8  -45.0  630.0  180.0
    20.9115     -74.39      15.86     714.13      75.26     329.04      12.24  134.8  -45.0  630.0  180.0
    20.9637     -70.78      14.43     658.99      65.23     329.04      10.99  134.8  -45.0  630.0  180.0
    21.3454     -65.73      11.72     763.09      57.81     580.70      16.17  134.8  -45.0  630.0  180.0
    21.3977     -67.54      10.90     756.41      53.39     612.12      15.79  134.8  -45.0  630.0  180.0
    21.4499     -58.76      10.67     753.30      52.12     639.27      16.13  134.8  -45.0  630.0  180.0
    21.5022     -56.72      10.40     770.92      51.80     670.12      16.50  134.8  -45.0  630.0  180.0
    21.8838     -49.23       9.39     793.83      47.27     950.21      21.36  134.8  -45.0  630.0  180.0
    21.9360     -45.94       9.08     771.09      44.92     990.06      21.34  134.8  -45.0  630.0  180.0
    21.9882     -45.53       8.97     780.83      44.61    1035.16      22.10  134.8  -45.0  630.0  180.0
    22.0405     -48.92       8.70     749.53      42.30    1057.15      21.68  134.8  -45.0  630.0  180.0
    22.4222     -42.69       8.86     734.37      42.66    1052.07      21.96  134.8  -45.0  630.0  180.0
    22.4744     -39.50       8.86     720.13      42.07    1032.66      21.44  134.8  -45.0  630.0  180.0
    22.5266     -42.97       8.85     702.79      41.31    1017.58      20.98  134.8  -45.0  630.0  180.0
    22.5789     -45.35       9.10     737.95      43.79     998.14      21.33  134.8  -45.0  630.0  180.0
    22.9607     -73.29       6.91     810.85      35.33    1035.38      16.97  134.8  -45.0  630.0  180.0
    23.0129     -62.19       6.62     780.39      32.88    1036.50      16.10  134.8  -45.0  630.0  180.0
    23.0651     -62.06       6.84     843.06      35.79    1070.33      17.49  134.8  -45.0  630.0  180.0
    23.1172     -52.13       6.25     723.27      29.33     940.35      13.36  134.8  -45.0  630.0  180.0
    23.4988     -58.62       5.25     783.22      25.70    1016.37      12.08  134.8  -45.0  630.0  180.0
    23.5511     -51.03       5.27     769.46      25.53     989.39      11.79  134.8  -45.0  630.0  180.0
    23.6033     -54.93       5.44     766.21      26.36     948.81      11.58  134.8  -45.0  630.0  180.0
    23.6555     -63.79       5.60     760.67      27.00     919.90      11.64  134.8  -45.0  630.0  180.0
    24.0371     -70.40       7.05     793.04      35.35     770.27      12.71  134.8  -45.0  630.0  180.0
    24.0893     -65.32       7.57     780.82      37.75     754.29      13.44  134.8  -45.0  630.0  180.0
    24.1415     -65.20       7.69     773.41      38.08     756.10      13.64  134.8  -45.0  630.0  180.0
    24.1937     -61.91       7.50     822.40      38.75     768.06      13.65  134.8  -45.0  630.0  180.0
    24.5754     -58.21       7.66     688.84      35.53     815.82      14.47  134.8  -45.0  630.0  180.0
    24.6277     -48.71       7.80     703.19      36.51     824.15      14.94  134.8  -45.0  630.0  180.0
    24.6799     -52.31       8.07     726.57      38.65     819.41      15.53  134.8  -45.0  630.0  180.0
    24.7321     -52.11       8.34     706.84      39.19     768.88      14.96  134.8  -45.0  630.0  180.0
    25.1137     -64.16      14.02     719.28      67.49     572.61      19.27  134.8  -45.0  630.0  180.0
    25.1660     -62.82      14.38     716.16      69.39     553.39      19.09  134.8  -45.0  630.0  180.0
    25.2182     -54.54      15.16     744.58      74.58     497.67      18.21  134.8  -45.0  630.0  180.0
    25.2704     -41.30      15.07     712.68      71.92     527.92      18.95  134.8  -45.0  630.0  180.0
    25.6521     -32.15      16.55     686.29      77.37     535.65      21.00  134.8  -45.0  630.0  180.0
    25.7043     -47.58      16.16     669.36      74.61     544.13      20.82  134.8  -45.0  630.0  180.0
    25.7565     -47.82      15.90     677.22      73.73     561.96      21.27  134.8  -45.0  630.0  180.0
    25.8088     -41.91      16.00     689.86      75.08     557.82      21.23  134.8  -45.0  630.0  180.0
    26.1904     -35.55      10.44     699.44      49.16     858.93      21.19  134.8  -45.0  630.0  180.0
    26.2426     -36.88       9.62     705.43      45.52     923.06      21.01  134.8  -45.0  630.0  180.0
    26.2949     -32.63       8.72     762.65      43.23    1026.99      21.46  134.8  -45.0  630.0  180.0
    26.3471     -36.63       7.89     838.95      41.59    1165.15      22.36  134.8  -45.0  630.0  180.0
    26.7287      -8.51       6.12     897.84      33.38    1266.13      18.65  134.8  -45.0  630.0  180.0
    26.7809      -6.78       7.52     819.45      38.67    1050.36      18.81  134.8  -45.0  630.0  180.0
    26.8331      -3.59       8.64     801.23      43.92    1009.92      20.91  134.8  -45.0  630.0  180.0
    26.8853      -0.49       7.45     909.99      41.08    1055.58      19.17  134.8  -45.0  630.0  180.0
    27.2669       6.44      11.75     615.09      50.84     486.77      13.17  134.8  -45.0  630.0  180.0
    27.3194      -1.89      13.55     641.61      60.30     418.40      13.12  134.8  -45.0  630.0  180.0
    27.3718       0.29      14.70     615.32      63.89     398.66      13.52  134.8  -45.0  630.0  180.0
    27.4241       3.40      18.42     605.41      80.47     297.23      12.75  134.8  -45.0  630.0  180.0
    27.8055      -6.52      39.62     555.28     166.28     127.49      11.93  134.8  -45.0  630.0  180.0
    27.8577     -19.64      42.92     431.55     163.66     114.04      11.26  134.8  -45.0  630.0  180.0
    27.9099     -14.80      43.31     467.16     169.94     119.62      12.06  134.8  -45.0  630.0  180.0
    27.9622     -34.35      45.90     585.87     204.42     121.16      13.37  134.8  -45.0  630.0  180.0
    28.3438     -18.97     106.17     245.75     332.54      43.45       9.98  134.8  -45.0  630.0  180.0
    28.3960     -40.10     122.47     322.03     403.73      44.22      12.21  134.8  -45.0  630.0  180.0
    28.4483     -22.81      81.97     322.29     499.23      34.07       9.29  134.8  -45.0  630.0  180.0
    28.5005      -5.58     133.55     416.67     556.38      36.87      11.06  134.8  -45.0  630.0  180.0
    28.8821     -47.10     173.48     275.61     697.94      31.07      11.30  134.8  -45.0  630.0  180.0
    28.9343     -55.36     113.33     209.36     438.74      38.96       9.85  134.8  -45.0  630.0  180.0
    28.9866      13.58     160.93     415.19     651.21      34.45      11.91  134.8  -45.0  630.0  180.0
    29.0388     -70.77      98.06     355.65     488.47      35.78       9.89  134.8  -45.0  630.0  180.0
    29.4204     -60.86      40.63     767.04     208.94     176.61      18.07  134.8  -45.0  630.0  180.0
    29.4726     -62.67      41.11     824.93     219.34     191.90      19.90  134.8  -45.0  630.0  180.0
    29.5248     -40.51      30.13     767.74     151.86     269.94      20.08  134.8  -45.0  630.0  180.0
    29.5770     -38.51      24.69     852.34     140.79     363.51      23.22  134.8  -45.0  630.0  180.0
    18.9293      56.59      16.83     784.35      81.59     461.79      17.87  147.5   39.9  630.0  180.0
    19.4676      64.63      20.60     705.25      94.60     327.79      15.60  147.5   39.9  630.0  180.0
    20.0060      33.26       8.88     548.43      34.80     273.06       5.08  147.5   39.9  630.0  180.0
    20.5444      30.69       3.74     815.28      14.29     447.19       2.21  147.5   39.9  630.0  180.0
    21.0826      25.30       6.30     698.41      28.07     663.33       9.00  147.5   39.9  630.0  180.0
    21.6210      29.08       6.07     896.60      32.02    1261.72      17.70  147.5   39.9  630.0  180.0
    22.1593      38.83       8.35     779.22      40.64    1086.38      20.99  147.5   39.9  630.0  180.0
    22.6977      36.97       9.50     723.66      44.37     844.15      18.36  147.5   39.9  630.0  180.0
    23.2360      36.59       6.93     783.08      33.46     769.14      11.95  147.5   39.9  630.0  180.0
    23.7742      42.51       6.98     731.84      32.33     693.30      10.72  147.5   39.9  630.0  180.0
    24.3125      56.00       8.85     736.79      41.58     660.25      13.22  147.5   39.9  630.0  180.0
    24.8509      50.60      10.24     892.65      55.07     747.00      18.22  147.5   39.9  630.0  180.0
    25.3892      44.43      18.87     777.99      93.85     469.01      21.04  147.5   39.9  630.0  180.0
    25.9276      28.94      15.96     720.43      75.66     575.13      21.67  147.5   39.9  630.0  180.0
    26.4658      24.98       8.11     803.99      40.99    1071.89      20.61  147.5   39.9  630.0  180.0
    27.0041      30.95      10.67     832.18      55.22     685.68      17.52  147.5   39.9  630.0  180.0
    27.5427       0.00      30.29     665.76     142.25     179.68      13.06  147.5   39.9  630.0  180.0
    28.0810     -20.66      60.14     453.72     237.04      88.22      12.47  147.5   39.9  630.0  180.0
    28.6192    -135.01      75.03     291.89     781.80      24.17       9.08  147.5   39.9  630.0  180.0
    29.1576     -66.92      84.71     367.61     409.58      54.99      10.71  147.5   39.9  630.0  180.0
    29.6959      17.36       8.37     790.22      42.42    1394.74      28.02  147.5   39.9  630.0  180.0
