  Image    fringe1  fringe2  fringe3  fringe4  fringe5  fringe6  fringe7
-----------------------------------------------------------------------------
    1     0.709616 0.707766 0.708074 0.699655 0.697533 0.693625 0.690645
    2     0.713063 0.708167 0.707782 0.703107 0.700478 0.695032 0.696730
    3     0.713236 0.717066 0.721249 0.709386 0.704259 0.700020 0.706634
    4     0.715470 0.713705 0.710640 0.707341 0.701286 0.698706 0.696548
    5     0.724589 0.719710 0.719252 0.714446 0.710187 0.706999 0.703954
    6     0.725154 0.723818 0.722835 0.716253 0.713740 0.709931 0.709344
    7     0.728812 0.726818 0.723777 0.718428 0.713877 0.711932 0.713461
    8     0.729364 0.728365 0.723833 0.721334 0.718065 0.710307 0.713124
    9     0.731223 0.726319 0.728508 0.724723 0.716717 0.713188 0.711090
   10     0.711612 0.707544 0.707645 0.703996 0.696666 0.691850 0.690050
   11     0.708969 0.708504 0.704942 0.703180 0.699428 0.694463 0.693871
   12     0.707211 0.709221 0.708506 0.702029 0.701244 0.697953 0.697008
   13     0.721953 0.714522 0.723639 0.710181 0.720014 0.713745 0.713074
   14     0.720890 0.717369 0.716007 0.708829 0.705733 0.703346 0.705790
   15     0.731003 0.729768 0.727882 0.718393 0.712740 0.703474 0.712605
   16     0.728181 0.724702 0.725753 0.712767 0.723890 0.712336 0.735999
   17     0.729855 0.725864 0.734575 0.719159 0.723117 0.717184 0.742709
   18     0.730736 0.729397 0.733279 0.724539 0.708145 0.714010 0.738734
   19     0.726181 0.733738 0.719112 0.722925 0.726372 0.723853 0.728414
   20     0.714185 0.714028 0.709773 0.706249 0.706478 0.702576 0.703384
   21     0.706681 0.697652 0.709390 0.702186 0.704635 0.695832 0.695464
   22     0.709086 0.715919 0.708380 0.696579 0.691364 0.693719 0.698183
   23     0.709622 0.734206 0.737577 0.708548 0.732300 0.721791 0.715516
   24     0.734842 0.724817 0.724334 0.714663 0.709569 0.704926 0.707555
   25     0.721199 0.732708 0.729126 0.732455 0.723484 0.715865 0.722746
   26     0.736129 0.736947 0.753148 0.724275 0.723804 0.725726 0.760004
   27     0.743296 0.738295 0.744475 0.736186 0.726603 0.712783 0.740208
   28     0.726797 0.728243 0.743408 0.724865 0.714037 0.720294 0.734626
   29     0.732044 0.705699 0.726971 0.727400 0.715974 0.715795 0.750425
   30     0.719170 0.716121 0.718676 0.713251 0.704114 0.705768 0.705428
   31     0.708544 0.716028 0.710423 0.709401 0.705996 0.702352 0.703521
   32     0.703825 0.709473 0.702487 0.696379 0.706976 0.704628 0.706908
   33     0.717770 0.720853 0.724077 0.723101 0.711385 0.696054 0.758943
   34     0.725719 0.727052 0.724698 0.714346 0.711175 0.704942 0.712074
   35     0.735592 0.730297 0.727856 0.716413 0.727391 0.721492 0.723594
   36     0.741522 0.735064 0.734729 0.730527 0.729688 0.720845 0.716165
   37     0.725306 0.733360 0.741455 0.735771 0.734691 0.727916 0.748049
   38     0.729480 0.725234 0.748216 0.723721 0.725219 0.727117 0.725134
   39     0.730149 0.738779 0.742138 0.734421 0.720306 0.717463 0.726612
   40     0.722271 0.724054 0.714882 0.710397 0.709494 0.707542 0.704899
   41     0.718386 0.715240 0.713538 0.704821 0.702506 0.699749 0.696592
   42     0.716918 0.718302 0.714695 0.713930 0.702492 0.704259 0.694827
   43     0.732194 0.722061 0.725034 0.710736 0.717207 0.721165 0.709809
   44     0.728850 0.729925 0.722475 0.720169 0.720755 0.713393 0.710759
   45     0.730301 0.729483 0.734065 0.725748 0.723066 0.723056 0.724029
   46     0.739315 0.734765 0.730423 0.723232 0.722180 0.719586 0.725565
   47     0.735421 0.731641 0.734536 0.730582 0.724596 0.724323 0.717916
   48     0.731537 0.729431 0.734738 0.731564 0.719261 0.718432 0.721985
   49     0.735744 0.729764 0.730428 0.731950 0.722312 0.714377 0.718499
   50     0.726662 0.721526 0.719216 0.717236 0.710910 0.707459 0.704622
   51     0.719663 0.717413 0.714118 0.711445 0.708585 0.702699 0.703832
   52     0.716165 0.716184 0.713375 0.706797 0.699466 0.698796 0.697879
   53     0.724215 0.723687 0.720422 0.718839 0.709255 0.707745 0.707516
   54     0.730152 0.726910 0.724056 0.718676 0.719982 0.714126 0.711543
   55     0.727148 0.729812 0.743365 0.721399 0.724083 0.715090 0.720834
   56     0.736229 0.731526 0.729915 0.722219 0.720256 0.723954 0.718995
   57     0.732368 0.731727 0.735826 0.723415 0.723286 0.717960 0.722766
   58     0.732145 0.733534 0.732334 0.723518 0.724856 0.715478 0.714771
   59     0.733818 0.731723 0.731795 0.726181 0.721236 0.717003 0.713058
   60     0.729953 0.727241 0.722525 0.718088 0.715161 0.712293 0.704827
   61     0.719817 0.718850 0.716273 0.712162 0.707516 0.704934 0.701625
   62     0.717496 0.711456 0.713548 0.708150 0.703370 0.701862 0.699572
   63     0.725780 0.723714 0.721081 0.716790 0.711616 0.708042 0.709657
   64     0.732332 0.729350 0.725904 0.723004 0.719648 0.714531 0.711676
   65     0.733421 0.730283 0.733275 0.725732 0.725549 0.724283 0.721451
   66     0.731691 0.732054 0.729645 0.726722 0.720728 0.715874 0.716394
   67     0.734193 0.731225 0.727032 0.725239 0.717905 0.716460 0.717937
   68     0.733332 0.731238 0.729428 0.723259 0.720024 0.714802 0.717217
   69     0.735597 0.731162 0.729157 0.723376 0.722120 0.716092 0.716020
   70     0.727715 0.723428 0.722171 0.717731 0.714565 0.710195 0.707129
   71     0.720852 0.716862 0.715581 0.711629 0.706261 0.703457 0.702896
   72     0.716776 0.714664 0.711915 0.709388 0.703770 0.700325 0.698927
   73     0.728315 0.722527 0.722523 0.717545 0.715398 0.709238 0.710312
   74     0.732567 0.731549 0.726127 0.721560 0.718894 0.716016 0.716106
   75     0.737061 0.735634 0.730866 0.729793 0.721176 0.719997 0.719048
   76     0.733804 0.732224 0.728192 0.726346 0.719677 0.715462 0.716980
   77     0.733030 0.730357 0.729973 0.727565 0.721017 0.713410 0.713009
   78     0.734088 0.730908 0.730707 0.726218 0.720792 0.716402 0.714606
   79     0.736075 0.732139 0.729727 0.725263 0.719469 0.716371 0.718548
   80     0.729517 0.726582 0.724181 0.719122 0.715291 0.711342 0.711667
   81     0.721737 0.720504 0.713004 0.712141 0.708773 0.705953 0.706158
   82     0.721931 0.715505 0.712096 0.707642 0.705418 0.701189 0.699733
   83     0.730183 0.727478 0.720090 0.717924 0.716183 0.710447 0.712492
   84     0.731438 0.731289 0.730969 0.726890 0.722578 0.718176 0.717683
   85     0.738803 0.736907 0.735336 0.728981 0.725270 0.725912 0.719024
   86     0.739545 0.737369 0.735681 0.728984 0.727299 0.723364 0.723484
   87     0.739128 0.734915 0.733751 0.730402 0.726836 0.718813 0.718712
   88     0.737918 0.733676 0.735993 0.729133 0.725248 0.721715 0.720919
   89     0.738708 0.732659 0.730650 0.727926 0.725803 0.721109 0.717036
   90     0.730906 0.726425 0.723792 0.722156 0.718317 0.715430 0.712383
   91     0.722032 0.720372 0.719412 0.713064 0.707974 0.707281 0.706791
   92     0.720896 0.715481 0.711358 0.708995 0.707269 0.701400 0.700336
   93     0.732700 0.726800 0.724080 0.719784 0.717795 0.714630 0.713630
   94     0.737582 0.734967 0.732996 0.725711 0.722626 0.719071 0.720864
   95     0.740278 0.739363 0.734566 0.730295 0.726329 0.724324 0.722604
   96     0.740662 0.734819 0.734449 0.728644 0.725719 0.723587 0.719536
   97     0.738777 0.734727 0.732402 0.730401 0.724154 0.721258 0.717142
   98     0.738019 0.736794 0.733194 0.730542 0.725853 0.721756 0.718120
   99     0.740388 0.737781 0.734701 0.730017 0.727641 0.722342 0.722022
  100     0.733165 0.730641 0.730792 0.723820 0.721278 0.716900 0.716443
  101     0.723057 0.721971 0.717785 0.715601 0.708135 0.705419 0.705802
  102     0.719218 0.716112 0.710899 0.708493 0.706095 0.701263 0.701073
  103     0.731438 0.730117 0.725167 0.721956 0.716658 0.713545 0.713579
  104     0.739080 0.738332 0.733620 0.729859 0.726863 0.722840 0.721924
  105     0.744878 0.740961 0.737735 0.736196 0.731678 0.728238 0.727686
  106     0.743525 0.738146 0.736195 0.732266 0.729501 0.724253 0.725520
  107     0.742925 0.738162 0.736024 0.729735 0.729722 0.724825 0.722252
  108     0.741389 0.738897 0.735788 0.730445 0.727591 0.726620 0.725274
  109     0.740829 0.738231 0.734825 0.730625 0.727105 0.727364 0.724708
  110     0.732671 0.729012 0.727299 0.723523 0.720000 0.713377 0.712812
  111     0.726206 0.718910 0.715586 0.711930 0.707195 0.704362 0.708293
  112     0.719728 0.718127 0.715276 0.709639 0.706649 0.707971 0.702181
  113     0.730381 0.727277 0.724786 0.722921 0.714796 0.712258 0.717187
  114     0.735075 0.737756 0.731294 0.727885 0.727288 0.719231 0.719360
  115     0.744229 0.741895 0.736831 0.734418 0.729951 0.725896 0.725715
  116     0.743334 0.738667 0.731688 0.732679 0.727871 0.724176 0.726399
  117     0.740582 0.735166 0.733982 0.732650 0.727570 0.720716 0.724385
  118     0.740945 0.736669 0.735243 0.732088 0.728651 0.724744 0.721171
  119     0.740367 0.737262 0.734291 0.732897 0.728060 0.723406 0.723803
  120     0.733442 0.728512 0.726539 0.722758 0.719382 0.713919 0.714679
  121     0.725980 0.720477 0.719115 0.715726 0.712575 0.708087 0.704803
  122     0.720802 0.718111 0.716636 0.711199 0.707178 0.704503 0.704212
  123     0.730850 0.728488 0.728077 0.718540 0.719066 0.713123 0.716420
  124     0.737529 0.734241 0.733398 0.729695 0.723667 0.719608 0.719437
  125     0.740934 0.739234 0.736733 0.732444 0.729837 0.724225 0.726050
  126     0.743172 0.739595 0.737164 0.732014 0.731014 0.728308 0.728171
  127     0.744721 0.739454 0.740554 0.732681 0.728338 0.725261 0.726724
  128     0.743827 0.738420 0.737034 0.731471 0.729938 0.721668 0.726672
  129     0.735207 0.740094 0.736026 0.728184 0.726457 0.724153 0.726287
  130     0.733344 0.731175 0.727200 0.725833 0.719187 0.715257 0.719384
  131     0.723907 0.724389 0.720594 0.712914 0.715094 0.707993 0.717556
  132     0.720882 0.720368 0.717686 0.715164 0.705781 0.703236 0.704183
  133     0.735480 0.731401 0.730943 0.719511 0.721928 0.714896 0.721467
  134     0.741934 0.736812 0.733844 0.728704 0.726333 0.724691 0.724844
  135     0.745756 0.740225 0.736667 0.734022 0.729084 0.727864 0.729368
  136     0.741697 0.735321 0.733896 0.727157 0.722771 0.721392 0.726480
  137     0.741816 0.739006 0.737871 0.731122 0.728085 0.724087 0.724440
  138     0.741674 0.741057 0.734576 0.731478 0.727861 0.726532 0.724108
  139     0.741252 0.739405 0.735694 0.733273 0.727934 0.720484 0.722511
  140     0.736710 0.735374 0.730637 0.727856 0.725263 0.719777 0.721430
  141     0.732251 0.726955 0.722676 0.718072 0.716139 0.714124 0.713434
  142     0.725853 0.723585 0.720667 0.714839 0.709826 0.706151 0.707171
  143     0.733299 0.727636 0.726234 0.726155 0.718463 0.715549 0.721794
  144     0.743603 0.740931 0.735210 0.729067 0.728213 0.721715 0.726478
  145     0.746428 0.741794 0.737351 0.735648 0.729243 0.725116 0.729804
  146     0.741530 0.737475 0.735133 0.732114 0.726936 0.722732 0.721515
  147     0.742084 0.737805 0.735587 0.731417 0.726865 0.721547 0.724243
  148     0.741135 0.736463 0.732715 0.731453 0.728465 0.724416 0.721623
  149     0.741660 0.739645 0.735716 0.733396 0.725196 0.722380 0.721901
  150     0.739460 0.733309 0.731195 0.727815 0.723797 0.718396 0.717898
  151     0.730793 0.728756 0.724549 0.722774 0.719953 0.714972 0.711320
  152     0.725944 0.725100 0.720611 0.717719 0.713991 0.709620 0.710117
  153     0.735291 0.730738 0.727893 0.723222 0.717501 0.714188 0.712681
  154     0.740786 0.736184 0.734385 0.728256 0.725873 0.720456 0.719586
  155     0.740989 0.736684 0.735574 0.730031 0.726800 0.723115 0.721967
  156     0.735280 0.736239 0.729915 0.729130 0.724375 0.719372 0.718722
  157     0.737600 0.734687 0.730610 0.726978 0.722040 0.719720 0.719331
  158     0.736553 0.735480 0.730620 0.726387 0.722422 0.717853 0.718673
  159     0.736957 0.732100 0.729409 0.726879 0.723510 0.717436 0.718499
  160     0.738621 0.731957 0.729105 0.728553 0.720331 0.718213 0.719097
  161     0.731714 0.729096 0.724088 0.719880 0.718572 0.710789 0.717527
  162     0.725358 0.728761 0.723252 0.720638 0.712835 0.710951 0.708683
  163     0.729447 0.732798 0.728925 0.723758 0.717895 0.714129 0.716075
  164     0.738284 0.734262 0.734994 0.727291 0.723535 0.717192 0.722080
  165     0.735452 0.732250 0.727539 0.726420 0.724911 0.721395 0.719792
  166     0.733847 0.730139 0.731480 0.724030 0.722071 0.718023 0.720773
  167     0.735359 0.735682 0.727697 0.727566 0.724101 0.717036 0.722190
  168     0.731812 0.731771 0.733099 0.725162 0.727580 0.718568 0.720764
  169     0.741529 0.729667 0.728932 0.728546 0.717354 0.716010 0.721185
  170     0.738882 0.733439 0.730390 0.724663 0.725644 0.721058 0.729390
  171     0.734532 0.732153 0.727764 0.725746 0.721295 0.721676 0.728335
  172     0.731000 0.731755 0.718686 0.716129 0.722633 0.717577 0.707297
  173     0.730208 0.735232 0.729310 0.728177 0.727273 0.716364 0.741037
  174     0.740252 0.739583 0.740437 0.728348 0.722372 0.725781 0.737149
  175     0.743086 0.736076 0.733323 0.733217 0.724517 0.725522 0.749739
  176     0.739225 0.724331 0.730984 0.726661 0.729320 0.716846 0.733517
  177     0.733096 0.743303 0.729052 0.717589 0.728787 0.729578 0.742510
  178     0.746156 0.737226 0.732096 0.720592 0.718766 0.717741 0.745474
  179     0.734489 0.739317 0.736209 0.730999 0.733396 0.714141 0.747490
  180     0.735087 0.739413 0.738513 0.723430 0.735334 0.721086 0.748926
  181     0.743639 0.750084 0.729152 0.731245 0.723098 0.706707 0.737200
  182     0.739955 0.751829 0.731085 0.733589 0.725746 0.707748 0.742033
  183     0.748540 0.734500 0.737754 0.719630 0.720674 0.718000 0.757655
  184     0.751956 0.742759 0.736324 0.730139 0.732128 0.718499 0.777668
  185     0.726749 0.729551 0.716744 0.729278 0.733483 0.735281 0.793081
  186     0.749335 0.732168 0.740051 0.731118 0.735228 0.704447 0.817485
  187     0.771725 0.758377 0.723292 0.721761 0.717501 0.717594 0.796064
  188     0.725275 0.776075 0.748472 0.729847 0.750317 0.714559 0.765347
  189     0.729462 0.715035 0.712310 0.742070 0.780461 0.734469 0.672363
  190     0.791922 0.743098 0.748374 0.764874 0.716686 0.762244 0.863284
  191     0.761678 0.772253 0.785967 0.700386 0.717926 0.703079 0.905199
  192     0.737168 0.690156 0.730578 0.680568 0.703192 0.843730 0.880469
  193     0.753959 0.965557 0.767320 0.707641 0.705539 0.152658 0.994216
  194     0.787910 0.752615 0.720264 0.736509 0.809615 0.730901 0.899256
  195     0.717050 0.787209 0.762617 0.781512 0.760264 0.772443 0.941675
  196     0.730668 0.905301 0.746100 0.753768 0.744768 0.724064 0.964910
  197     0.775192 0.720802 0.760424 0.712698 0.735777 0.753145 0.806969
  198     0.717142 0.715295 0.752731 0.724067 0.751893 0.725789 0.741764
  199     0.737621 0.748713 0.756334 0.717345 0.757132 0.743342 0.849925
  200     0.744420 0.752332 0.748398 0.751534 0.732230 0.745417 0.822089
  201     0.730148 0.745515 0.732253 0.742356 0.734498 0.737018 0.780040
  202     0.740784 0.738858 0.735269 0.726116 0.733680 0.731474 0.761138
  203     0.733048 0.740425 0.728255 0.734270 0.724217 0.763356 0.810140
  204     0.741153 0.762545 0.755520 0.732659 0.758625 0.726390 0.763084
  205     0.725031 0.736917 0.737432 0.722726 0.725397 0.731365 0.748602
  206     0.747532 0.744383 0.738070 0.733234 0.731835 0.728207 0.753223
  207     0.746934 0.741361 0.742647 0.734245 0.743361 0.723625 0.746274
  208     0.749718 0.731232 0.737568 0.734293 0.738970 0.723414 0.739287
  209     0.739875 0.742690 0.741075 0.737214 0.731266 0.723416 0.735056
  210     0.734232 0.732369 0.735529 0.729913 0.734272 0.724525 0.725377
  211     0.735186 0.732603 0.734204 0.727166 0.722634 0.718793 0.718442
  212     0.732421 0.732163 0.733772 0.726763 0.721225 0.718855 0.715984
