   1.510  -0.100  18.833
   1.522  -0.076  19.367
   1.517  -0.085  19.900
   1.527  -0.071  20.433
   1.533  -0.064  20.967
   1.514  -0.065  21.500
   1.508  -0.037  22.033
   1.511  -0.081  22.567
   1.503  -0.056  23.100
   1.545  -0.031  23.633
   1.501  -0.035  24.167
   1.526  -0.054  24.700
   1.501  -0.040  25.233
   1.517  -0.043  25.767
   1.537  -0.024  26.317
   1.520  -0.024  26.850
   1.529  -0.057  27.383
   1.512  -0.007  27.917
   1.548  -0.011  28.450
   1.546  -0.021  28.983
   1.528  -0.016  29.517
   1.532  -0.010  29.733
   1.522  -0.046
