MRH 20150615
    23.99    70.50   116.96   163.47   209.92   256.43   302.90
    46.51    46.46    46.51    46.45    46.51    46.47    46.47
     0.83543426     0.55865884     0.35889208     0.21583246     0.12012280     0.05928150     0.02332752     0.00403895    -0.00355141    -0.00665086    -0.00613582    -0.00602545    -0.00419392    -0.00302730    -0.00091186     0.00029586    -0.00029323    -0.00064586
    -0.01932549    -0.02720303    -0.03519477    -0.04067194    -0.04184311    -0.03943665    -0.03348734    -0.02746948    -0.02136837    -0.01432992    -0.00791448    -0.00384663    -0.00176377    -0.00143417     0.00041035     0.00219378     0.00112084     0.00063062
     1.00000000     0.66929674     0.43154734     0.26287067     0.15227516     0.08534420     0.04890027     0.03350295     0.02612413     0.01928019     0.01264850     0.00969390     0.00649898     0.00464081     0.00351201     0.00387852     0.00291357     0.00330278
     0.82641840     0.53615606     0.33033842     0.18363044     0.09631719     0.04648498     0.01733134     0.00807953     0.00222141     0.00002581     0.00143059    -0.00010909     0.00034168     0.00130741    -0.00022129     0.00037066    -0.00028498    -0.00136383
     0.03531277     0.04595085     0.02895106     0.01081306    -0.00488012    -0.01916753    -0.01882138    -0.01768639    -0.01726547    -0.00871228    -0.00511633    -0.00350852     0.00166009     0.00050941    -0.00040288     0.00081448    -0.00067053    -0.00188604
     1.00000000     0.65064317     0.40113613     0.22225337     0.11705934     0.06131675     0.03231937     0.02529106     0.02135542     0.01321009     0.00840123     0.00616628     0.00509539     0.00452158     0.00410654     0.00422780     0.00353592     0.00420507
     0.82248044     0.50941259     0.29156268     0.15079707     0.07250546     0.03280886     0.01581105     0.00781412     0.00098735    -0.00156006    -0.00297296    -0.00177372    -0.00039633     0.00073906     0.00115276     0.00252129     0.00047354     0.00001277
     0.08650251     0.10446409     0.07513840     0.03918761     0.01031320    -0.00660697    -0.01349936    -0.01515897    -0.01043105    -0.00496172    -0.00374478    -0.00082492     0.00029134     0.00026696    -0.00079779    -0.00210653    -0.00196533    -0.00039588
     1.00000000     0.62945837     0.36546174     0.18959591     0.08965264     0.04132362     0.02699735     0.02245381     0.01505576     0.00951097     0.00776267     0.00549473     0.00501779     0.00512245     0.00499400     0.00606012     0.00573498     0.00501092
     0.82281494     0.50450659     0.27774763     0.13376029     0.05158820     0.01232105    -0.00527888    -0.00694214    -0.00717896    -0.00342854    -0.00346305    -0.00013500    -0.00002095     0.00150793     0.00130451     0.00189898     0.00054307     0.00186616
     0.01967350     0.03932415     0.01112904     0.00065827    -0.01506537    -0.01409599    -0.01547567    -0.00963775    -0.00610809    -0.00204943     0.00021477     0.00062699     0.00162560     0.00213527     0.00194935     0.00040499     0.00132368    -0.00102026
     1.00000000     0.61433923     0.33752790     0.16258009     0.06576405     0.02363428     0.02044082     0.01498141     0.01172857     0.00642788     0.00528093     0.00365513     0.00474679     0.00480812     0.00487169     0.00417235     0.00490664     0.00461845
     0.81447947     0.47711673     0.24746904     0.10834287     0.03594615     0.00689064    -0.00268938    -0.00338871    -0.00301637    -0.00201744    -0.00216119    -0.00231610    -0.00418959    -0.00337714    -0.00319693    -0.00241660    -0.00345082    -0.00279492
     0.08647952     0.09336684     0.06047643     0.02476012    -0.00106661    -0.01379732    -0.01626637    -0.01196966    -0.00815828    -0.00470936    -0.00301189    -0.00033113    -0.00108869    -0.00011875    -0.00066360     0.00024819    -0.00013995    -0.00117613
     1.00000000     0.59348512     0.31099424     0.13574176     0.04409652     0.01934474     0.02046142     0.01573717     0.01138014     0.00712745     0.00637417     0.00486704     0.00656198     0.00541852     0.00524372     0.00473114     0.00546307     0.00458561
     0.81296223     0.46323663     0.22506864     0.08631301     0.01753785    -0.00636463    -0.01234902    -0.00877356    -0.00627190    -0.00329346    -0.00326296    -0.00349812    -0.00416445    -0.00473900    -0.00479519    -0.00348289    -0.00375932    -0.00413328
     0.02511966     0.02483367     0.00538018    -0.00684455    -0.01193040    -0.00987403    -0.00791106    -0.00456939    -0.00188162     0.00048940     0.00215867     0.00239903     0.00236319     0.00227174     0.00159334     0.00369518     0.00460771     0.00619267
     1.00000000     0.57026356     0.27669221     0.10671570     0.02666282     0.01605396     0.01908117     0.01297560     0.00904059     0.00678849     0.00633025     0.00637600     0.00637799     0.00774447     0.00753173     0.00770129     0.00874277     0.00991721
     0.81077051     0.44763419     0.20309466     0.06851000     0.00842544    -0.00710858    -0.00858512    -0.00460895    -0.00227184    -0.00219107    -0.00017476    -0.00225129    -0.00340023    -0.00345382    -0.00434782    -0.00371626    -0.00441373    -0.00570357
     0.07550122     0.07909621     0.04660153     0.01766770    -0.00362631    -0.00848083    -0.00837484    -0.00450892    -0.00320401    -0.00166359    -0.00195925     0.00252792     0.00040904     0.00224245     0.00250072     0.00190075     0.00135779    -0.00099934
     1.00000000     0.55823022     0.25592056     0.08695817     0.01233483     0.01394286     0.01521555     0.00869591     0.00536743     0.00530613     0.00496021     0.00538008     0.00535387     0.00571713     0.00694153     0.00636086     0.00645121     0.00744366
   1.522  -0.046  400    2    0    0    0  0.000 18.000
