                 MRH
   15    6 2015
    18.4714     -18.83       7.95    1130.45      53.09    1373.01      29.72  102.5   -0.0  630.0  180.0
    19.0082      -0.21      18.52    1009.62     114.14     467.75      23.02  102.5   -0.0  630.0  180.0
    19.5423     -17.94      23.54     898.15     132.67     342.31      20.80  102.5   -0.0  630.0  180.0
    20.0764     -19.18      22.27     857.51     121.31     348.63      19.78  102.5   -0.0  630.0  180.0
    20.6104     -19.31      15.68     926.59      90.37     517.95      20.95  102.5   -0.0  630.0  180.0
    21.1445      -7.07      10.22     858.14      54.86     704.47      17.91  102.5   -0.0  630.0  180.0
    21.6785      -0.86       7.49    1052.61      46.75    1234.18      24.30  102.5   -0.0  630.0  180.0
    22.2127      -0.73       6.68     851.88      35.46    1348.12      22.04  102.5   -0.0  630.0  180.0
    22.7465       0.48       6.38     975.52      37.41    1326.80      21.41  102.5   -0.0  630.0  180.0
    23.2809       9.99       7.67     842.90      40.57    1154.91      21.70  102.5   -0.0  630.0  180.0
    23.8149      -8.97       9.42     851.26      50.60     917.38      21.59  102.5   -0.0  630.0  180.0
    24.3490       8.10       9.65     942.61      55.60     848.99      20.89  102.5   -0.0  630.0  180.0
    24.8830      -7.09      11.67     836.77      62.09     654.02      19.04  102.5   -0.0  630.0  180.0
    25.4170      -1.34      17.68     862.24      96.94     469.78      21.06  102.5   -0.0  630.0  180.0
    25.9511      -0.44      22.37     904.89     126.83     382.72      22.06  102.5   -0.0  630.0  180.0
    26.4851       2.36      18.58     847.29      99.68     428.90      19.93  102.5   -0.0  630.0  180.0
    27.0194     -25.65      27.27     674.46     127.98     211.33      14.08  102.5   -0.0  630.0  180.0
    27.5533     -42.10      45.11     707.30     225.71     161.74      18.64  102.5   -0.0  630.0  180.0
    28.0874     -15.93      74.47     238.14     241.81      69.02      10.87  102.5   -0.0  630.0  180.0
    28.6214      51.02      66.16     242.00     562.84      24.70       5.57  102.5   -0.0  630.0  180.0
    29.1554    -110.36      51.37     405.89     193.36      65.53       8.17  102.5   -0.0  630.0  180.0
    29.6894      -8.25       6.59     854.65      35.28    1264.67      20.44  102.5   -0.0  630.0  180.0
    18.3662      13.68       6.66    1011.75      40.00    1942.90      33.23   12.7  -50.2  630.0  180.0
    18.8512      47.91      11.16     924.04      62.51     825.42      23.01   12.7  -50.2  630.0  180.0
    19.3852      46.57      12.18     891.47      66.63     732.92      22.19   12.7  -50.2  630.0  180.0
    19.9193      37.50      11.22     892.42      61.56     802.63      22.42   12.7  -50.2  630.0  180.0
    20.4533       3.15       9.06     999.01      54.43     999.06      23.51   12.7  -50.2  630.0  180.0
    20.9874       2.51       5.82     898.36      31.89    1344.60      19.10   12.7  -50.2  630.0  180.0
    21.5214       4.39       4.66    1006.10      27.61    1873.66      21.89   12.7  -50.2  630.0  180.0
    22.0554      17.28       5.02     907.99      27.77    1875.69      23.04   12.7  -50.2  630.0  180.0
    22.5894      25.98       4.60     975.98      26.66    1929.89      21.82   12.7  -50.2  630.0  180.0
    23.1237      18.53       4.82     975.37      27.92    1791.85      21.42   12.7  -50.2  630.0  180.0
    23.6578       4.63       7.11     822.76      36.98    1228.01      21.31   12.7  -50.2  630.0  180.0
    24.1919       3.47       9.29     818.59      48.57     928.68      21.27   12.7  -50.2  630.0  180.0
    24.7259       2.24      12.41     851.87      66.97     693.98      21.63   12.7  -50.2  630.0  180.0
    25.2599     -14.69      13.26     889.03      74.23     606.41      20.48   12.7  -50.2  630.0  180.0
    25.7940     -12.21      18.92     847.84     103.24     424.92      20.59   12.7  -50.2  630.0  180.0
    26.3280      -9.23      15.22     782.75      77.69     483.68      18.30   12.7  -50.2  630.0  180.0
    26.8621     -14.17      37.68     690.37     180.77     199.47      18.80   12.7  -50.2  630.0  180.0
    27.3962     -32.38      40.87     675.72     205.96     179.81      18.85   12.7  -50.2  630.0  180.0
    27.9302     -14.22      51.63     450.62     193.59      70.70       8.38   12.7  -50.2  630.0  180.0
    28.4643      28.47     115.96     400.57     436.49      51.44      14.24   12.7  -50.2  630.0  180.0
    28.9983      54.83      56.52     264.27     335.55      32.56       6.09   12.7  -50.2  630.0  180.0
    29.5323      -7.14       8.83     761.37      43.61     501.05      10.51   12.7  -50.2  630.0  180.0
    18.4189      17.18       9.52    1011.24      57.29    1154.07      28.39  102.5   50.2  630.0  180.0
    18.9561      74.93      13.78     888.58      74.56     439.59      14.84  102.5   50.2  630.0  180.0
    19.4902      80.98      18.05     839.92      93.41     294.64      12.83  102.5   50.2  630.0  180.0
    20.0242      77.92      32.84     895.75     187.30     265.98      22.43  102.5   50.2  630.0  180.0
    20.5582      70.06      23.10     969.64     135.96     392.08      23.43  102.5   50.2  630.0  180.0
    21.0923      71.23      10.16     907.66      55.61     735.94      18.36  102.5   50.2  630.0  180.0
    21.6263      91.94       7.93     873.03      42.03    1118.75      21.38  102.5   50.2  630.0  180.0
    22.1604      91.97       6.70     852.56      34.86    1336.01      21.24  102.5   50.2  630.0  180.0
    22.6944      93.92       5.57     929.68      30.57    1480.22      19.77  102.5   50.2  630.0  180.0
    23.2287      93.16       5.49     865.24      28.60    1412.17      18.21  102.5   50.2  630.0  180.0
    23.7628      85.28       8.20     832.86      42.43    1059.89      20.89  102.5   50.2  630.0  180.0
    24.2968      83.13      11.06     822.29      56.74     772.70      20.62  102.5   50.2  630.0  180.0
    24.8311      69.58      12.60     914.48      70.17     672.30      21.17  102.5   50.2  630.0  180.0
    25.3649      66.36      17.63     892.60      96.73     482.95      21.30  102.5   50.2  630.0  180.0
    25.8989      26.37      21.17     814.53     110.87     376.98      19.88  102.5   50.2  630.0  180.0
    26.4330      53.97      17.12     835.57      89.99     386.01      16.35  102.5   50.2  630.0  180.0
    26.9670      10.44      42.55     749.56     214.26     183.29      19.66  102.5   50.2  630.0  180.0
    27.5014       6.00      47.83     746.39     239.97     159.30      19.12  102.5   50.2  630.0  180.0
    28.0352      49.46      77.12     395.01     270.11      63.52      11.35  102.5   50.2  630.0  180.0
    28.5692      87.20     126.28     307.52     886.53      24.64      10.37  102.5   50.2  630.0  180.0
    29.1032     -49.01      50.90     578.12     219.29      66.29       8.03  102.5   50.2  630.0  180.0
    29.6373      -2.01       6.52     813.76      33.32     927.63      14.42  102.5   50.2  630.0  180.0
    18.5241      -8.11       6.44    1128.13      42.55    1725.85      30.02   44.9  -45.0  630.0  180.0
    19.0605       1.64      13.22     937.75      75.97     685.26      23.15   44.9  -45.0  630.0  180.0
    19.5946     -19.87      14.91     887.77      82.75     597.39      22.78   44.9  -45.0  630.0  180.0
    20.1287     -37.67      13.41     971.95      80.76     675.69      23.96   44.9  -45.0  630.0  180.0
    20.6627     -38.92       7.89     885.35      43.33     973.56      19.16   44.9  -45.0  630.0  180.0
    21.1968     -45.31       7.12     885.71      39.43    1287.74      22.92   44.9  -45.0  630.0  180.0
    21.7308     -40.71       4.44     970.44      25.82    1903.36      21.02   44.9  -45.0  630.0  180.0
    22.2648     -35.83       4.20     930.59      23.64    1989.93      20.40   44.9  -45.0  630.0  180.0
    22.7989     -29.15       5.32     860.81      28.65    1715.44      22.37   44.9  -45.0  630.0  180.0
    23.3332     -32.85       4.88     841.27      25.42    1579.50      18.31   44.9  -45.0  630.0  180.0
    23.8674     -24.03       7.47     835.27      39.60    1169.53      21.62   44.9  -45.0  630.0  180.0
    24.4013     -29.45       7.92     993.29      48.00    1096.97      22.72   44.9  -45.0  630.0  180.0
    24.9353     -35.81      12.78     815.37      67.32     651.63      20.85   44.9  -45.0  630.0  180.0
    25.4693     -39.42      15.50     911.76      89.07     538.71      21.67   44.9  -45.0  630.0  180.0
    26.0034     -33.64      19.75     842.35     107.10     422.01      21.28   44.9  -45.0  630.0  180.0
    26.5375      -4.40      22.22     698.47     105.97     292.89      15.73   44.9  -45.0  630.0  180.0
    27.0715     -12.05      37.25     768.35     191.20     205.60      19.41   44.9  -45.0  630.0  180.0
    27.6056     -17.27      40.69     752.05     203.38     157.96      15.87   44.9  -45.0  630.0  180.0
    28.1397      49.33      34.92     478.00     186.85      71.66       6.87   44.9  -45.0  630.0  180.0
    28.6737      95.10     178.23     239.10     614.57      24.17       9.82   44.9  -45.0  630.0  180.0
    29.2077     -58.94      33.00     406.16     131.36      79.89       6.70   44.9  -45.0  630.0  180.0
    18.5766     -59.31       5.69    1033.23      35.29    1762.09      26.28   89.9  -45.0  630.0  180.0
    19.1127     -72.65      16.38     914.44      94.44     552.06      23.72   89.9  -45.0  630.0  180.0
    19.6468     -89.20      21.31     868.02     119.61     408.51      22.73   89.9  -45.0  630.0  180.0
    20.1809     -90.13      16.32     877.29      91.22     462.12      19.52   89.9  -45.0  630.0  180.0
    20.7149     -86.67      14.78     904.86      84.89     604.81      23.42   89.9  -45.0  630.0  180.0
    21.2489     -85.17       8.96     896.33      50.75    1001.90      23.04   89.9  -45.0  630.0  180.0
    21.7830     -79.52       4.98    1044.52      31.40    1838.53      24.15   89.9  -45.0  630.0  180.0
    22.3170     -77.66       5.15     899.63      28.77    1853.38      23.85   89.9  -45.0  630.0  180.0
    22.8510     -82.24       5.86     872.01      32.19    1564.09      23.02   89.9  -45.0  630.0  180.0
    23.3854     -75.46       5.91     861.45      32.06    1555.97      22.90   89.9  -45.0  630.0  180.0
    23.9194     -49.78       6.76     879.24      37.32    1303.32      22.11   89.9  -45.0  630.0  180.0
    24.4534     -53.49       6.86     882.80      37.94    1136.44      19.52   89.9  -45.0  630.0  180.0
    24.9875     -61.99       8.79     923.31      50.66     938.84      21.26   89.9  -45.0  630.0  180.0
    25.5215     -47.70      15.17     934.64      89.06     564.05      22.55   89.9  -45.0  630.0  180.0
    26.0558     -50.28      19.61     822.37     105.13     421.70      21.17   89.9  -45.0  630.0  180.0
    26.5896     -10.57      27.67     857.22     151.95     300.27      21.44   89.9  -45.0  630.0  180.0
    27.1237     -17.45      36.67     739.67     182.38     168.23      15.25   89.9  -45.0  630.0  180.0
    27.6578     -35.48      47.03     785.29     259.20     164.93      20.94   89.9  -45.0  630.0  180.0
    28.1918    -101.67      80.52     375.82     300.29      69.28      13.73   89.9  -45.0  630.0  180.0
    28.7259     130.24      31.19     277.47     342.15      26.35       4.28   89.9  -45.0  630.0  180.0
    29.2598     -69.67      47.88     479.15     194.50     101.00      11.47   89.9  -45.0  630.0  180.0
    18.6291     -89.05       5.27    1020.26      32.38    1422.53      19.28  134.9  -45.0  630.0  180.0
    18.6813     -99.44       7.15    1118.49      48.36    1288.28      25.52  134.9  -45.0  630.0  180.0
    18.7335    -101.70       9.69     944.43      57.05     949.84      24.13  134.9  -45.0  630.0  180.0
    18.7857     -97.60      11.40     952.89      68.07     803.19      24.29  134.9  -45.0  630.0  180.0
    19.1649    -118.61      18.36    1017.73     117.65     473.71      24.21  134.9  -45.0  630.0  180.0
    19.2167    -117.76      14.06     936.71      82.89     423.81      15.76  134.9  -45.0  630.0  180.0
    19.2686    -106.71      23.13    1046.56     150.28     393.58      25.37  134.9  -45.0  630.0  180.0
    19.3204    -100.92      25.49     958.79     154.54     348.68      23.95  134.9  -45.0  630.0  180.0
    19.6990    -114.02      31.68     874.00     185.82     276.08      23.47  134.9  -45.0  630.0  180.0
    19.7508    -102.68      21.27     858.75     119.00     294.81      16.30  134.9  -45.0  630.0  180.0
    19.8027    -108.39      31.73     776.02     164.39     257.40      20.83  134.9  -45.0  630.0  180.0
    19.8545    -116.61      32.22     905.97     194.26     271.92      23.71  134.9  -45.0  630.0  180.0
    20.2330    -104.82      33.09     888.22     197.98     262.08      23.70  134.9  -45.0  630.0  180.0
    20.2848    -126.03      26.23     953.51     160.68     318.82      23.05  134.9  -45.0  630.0  180.0
    20.3368    -106.35      19.84     958.65     120.08     325.35      17.37  134.9  -45.0  630.0  180.0
    20.3885    -116.05      27.02    1057.79     179.62     333.58      25.63  134.9  -45.0  630.0  180.0
    20.7670    -102.89      17.20     987.80     107.87     490.08      23.32  134.9  -45.0  630.0  180.0
    20.8189     -79.49      17.23     937.62     102.60     428.58      19.60  134.9  -45.0  630.0  180.0
    20.8707     -90.09      17.62     983.66     108.94     492.73      23.60  134.9  -45.0  630.0  180.0
    20.9226     -79.21      19.78     937.41     116.96     448.66      23.62  134.9  -45.0  630.0  180.0
    21.3011     -77.49       9.58     910.39      54.50     743.97      18.25  134.9  -45.0  630.0  180.0
    21.3529     -83.91      11.31     957.07      67.57     794.22      23.67  134.9  -45.0  630.0  180.0
    21.4048     -81.65      10.59     940.60      62.54     855.14      23.81  134.9  -45.0  630.0  180.0
    21.4566     -63.85       7.93     893.56      44.49     925.89      18.53  134.9  -45.0  630.0  180.0
    21.8351     -67.88       5.63     928.63      32.31    1432.69      20.34  134.9  -45.0  630.0  180.0
    21.8870     -70.73       6.46     983.95      39.03    1403.04      23.66  134.9  -45.0  630.0  180.0
    21.9388     -68.64       6.52     914.74      37.22    1403.44      23.33  134.9  -45.0  630.0  180.0
    21.9907     -64.55       5.02     866.01      27.03    1493.01      18.25  134.9  -45.0  630.0  180.0
    22.3691     -68.93       4.51     978.84      26.70    1899.65      21.66  134.9  -45.0  630.0  180.0
    22.4210     -66.72       5.34     892.26      29.65    1750.08      23.42  134.9  -45.0  630.0  180.0
    22.4728     -69.01       4.39     890.06      24.10    1801.43      19.29  134.9  -45.0  630.0  180.0
    22.5247     -64.79       4.51     941.30      25.96    1847.21      20.82  134.9  -45.0  630.0  180.0
    22.9032     -80.91       5.90     994.81      36.06    1515.73      23.42  134.9  -45.0  630.0  180.0
    22.9552     -80.92       6.56     850.36      35.41    1359.78      22.17  134.9  -45.0  630.0  180.0
    23.0069     -74.72       5.44     910.25      30.69    1486.30      20.26  134.9  -45.0  630.0  180.0
    23.0590     -76.49       6.62     837.57      35.33    1327.93      21.91  134.9  -45.0  630.0  180.0
    23.4376     -64.65       5.94     956.95      34.90    1524.93      23.31  134.9  -45.0  630.0  180.0
    23.4894     -62.28       6.17     867.37      33.72    1486.56      22.88  134.9  -45.0  630.0  180.0
    23.5412     -58.50       5.82     942.74      33.88    1546.60      22.95  134.9  -45.0  630.0  180.0
    23.5930     -52.52       6.01     876.05      32.99    1487.93      22.36  134.9  -45.0  630.0  180.0
    23.9716     -51.65       7.26     829.53      38.43    1213.72      21.75  134.9  -45.0  630.0  180.0
    24.0234     -55.45       6.88    1000.01      42.05    1295.98      23.32  134.9  -45.0  630.0  180.0
    24.0753     -64.34       6.97    1002.85      42.84    1271.62      23.38  134.9  -45.0  630.0  180.0
    24.1271     -62.79       6.33     803.11      32.70    1148.73      17.58  134.9  -45.0  630.0  180.0
    24.5056     -43.87       8.27    1031.83      52.09    1075.99      23.85  134.9  -45.0  630.0  180.0
    24.5575     -47.63       7.37     823.44      38.73     996.12      18.01  134.9  -45.0  630.0  180.0
    24.6093     -47.42       8.34     991.51      50.80    1049.89      23.05  134.9  -45.0  630.0  180.0
    24.6612     -44.17       7.37     799.50      37.89     983.01      17.63  134.9  -45.0  630.0  180.0
    25.0396     -33.18       9.61     914.27      54.86     907.75      22.37  134.9  -45.0  630.0  180.0
    25.0915     -42.23       8.91     965.02      53.08     972.65      22.69  134.9  -45.0  630.0  180.0
    25.1433     -38.39       9.59     946.17      56.23     906.34      22.62  134.9  -45.0  630.0  180.0
    25.1952     -44.07       9.74     970.80      58.40     898.78      22.96  134.9  -45.0  630.0  180.0
    25.5737     -33.83      12.39     927.67      71.90     674.25      21.69  134.9  -45.0  630.0  180.0
    25.6255     -23.63      12.61     899.30      71.24     650.10      20.98  134.9  -45.0  630.0  180.0
    25.6774     -38.57      11.49     863.01      62.95     686.89      20.00  134.9  -45.0  630.0  180.0
    25.7292     -21.30      14.71     885.06      82.20     556.53      20.93  134.9  -45.0  630.0  180.0
    26.1077     -23.24      21.90     840.62     120.09     379.65      21.37  134.9  -45.0  630.0  180.0
    26.1596     -38.86      18.51     855.60     102.09     446.00      21.42  134.9  -45.0  630.0  180.0
    26.2114     -40.42      18.56     812.54      98.41     445.78      20.92  134.9  -45.0  630.0  180.0
    26.2633     -43.62      16.79     854.12      92.49     486.07      21.00  134.9  -45.0  630.0  180.0
    26.6418      -6.32      25.28     875.23     140.27     320.97      20.87  134.9  -45.0  630.0  180.0
    26.6937     -12.50      32.00     788.87     166.99     250.09      20.33  134.9  -45.0  630.0  180.0
    26.7455     -26.43      26.91     745.00     134.56     278.34      18.65  134.9  -45.0  630.0  180.0
    26.7973      -2.85      35.28     769.48     180.65     224.92      19.96  134.9  -45.0  630.0  180.0
    27.1759      -8.35      48.22     731.44     251.85     160.50      19.97  134.9  -45.0  630.0  180.0
    27.2277     -31.16      37.42     621.80     180.87     120.34      11.40  134.9  -45.0  630.0  180.0
    27.2796     -12.84      48.78     770.89     263.67     160.41      20.55  134.9  -45.0  630.0  180.0
    27.3314     -15.76      32.28     724.80     158.90     173.40      14.08  134.9  -45.0  630.0  180.0
    27.7099      -7.42      40.76     497.66     166.66     123.06      11.93  134.9  -45.0  630.0  180.0
    27.7618     -83.66      58.81     575.98     264.38     120.17      17.94  134.9  -45.0  630.0  180.0
    27.8137      -8.79      45.06     578.33     193.67     120.63      13.05  134.9  -45.0  630.0  180.0
    27.8655     -15.90      66.08     368.00     238.30      90.66      14.23  134.9  -45.0  630.0  180.0
    28.2440      53.23      44.21     289.94     272.88      36.66       5.88  134.9  -45.0  630.0  180.0
    28.2958      50.55      81.70     449.00     770.00      36.96       7.59  134.9  -45.0  630.0  180.0
    28.3477      26.76     100.99     399.56     421.28      45.94      10.46  134.9  -45.0  630.0  180.0
    28.3995     -46.28      61.30     280.43     362.14      37.94       7.86  134.9  -45.0  630.0  180.0
    28.7780    -144.51      68.45     211.00     965.00      17.55       7.71  134.9  -45.0  630.0  180.0
    28.8298     -96.45      43.55     826.14    1065.00      23.16       3.87  134.9  -45.0  630.0  180.0
    28.8819    -140.59      81.83     267.87     636.40      28.58       8.85  134.9  -45.0  630.0  180.0
    28.9335     -59.23     114.49     506.35     447.59      29.95       5.68  134.9  -45.0  630.0  180.0
    29.3120     -77.53      20.53     769.59     105.97     169.84       8.61  134.9  -45.0  630.0  180.0
    29.3639     -33.12      25.44     729.27     127.24     216.42      13.85  134.9  -45.0  630.0  180.0
    29.4157     -15.41      13.84     680.68      65.12     261.97       8.74  134.9  -45.0  630.0  180.0
    29.4676     -10.06      14.02     773.08      71.23     414.33      14.18  134.9  -45.0  630.0  180.0
    18.9040      90.09      12.01     913.60      66.02     648.95      19.08  147.5   39.9  630.0  180.0
    19.4380      66.86      18.95     928.44     106.41     461.27      21.98  147.5   39.9  630.0  180.0
    19.9720      80.61      15.52     860.28      81.85     469.21      17.74  147.5   39.9  630.0  180.0
    20.5061      42.21      10.13    1015.59      61.05     688.88      17.92  147.5   39.9  630.0  180.0
    21.0401      50.33       9.48     872.30      50.76     938.37      21.85  147.5   39.9  630.0  180.0
    21.5742      60.11       5.31     860.43      27.68    1423.86      17.86  147.5   39.9  630.0  180.0
    22.1082      58.57       5.65    1021.13      33.71    1624.74      23.04  147.5   39.9  630.0  180.0
    22.6422      68.87       5.20     850.43      26.89    1471.99      17.91  147.5   39.9  630.0  180.0
    23.1765      71.54       6.42     979.62      37.04    1407.18      22.35  147.5   39.9  630.0  180.0
    23.7106      58.01       8.28     838.29      43.25    1061.70      21.28  147.5   39.9  630.0  180.0
    24.2446      52.02       8.56     912.52      47.47     944.40      20.04  147.5   39.9  630.0  180.0
    24.7787      51.32      11.48     827.13      59.70     609.25      17.11  147.5   39.9  630.0  180.0
    25.3127      41.14      19.14     889.51     106.24     448.74      21.74  147.5   39.9  630.0  180.0
    25.8468      24.85      21.65     814.36     113.19     374.40      20.16  147.5   39.9  630.0  180.0
    26.3808      40.44      16.94     854.70      91.10     470.17      19.93  147.5   39.9  630.0  180.0
    26.9149       0.66      35.26     643.19     161.50     190.41      16.19  147.5   39.9  630.0  180.0
    27.4490       7.80      40.75     673.02     196.63     168.81      17.14  147.5   39.9  630.0  180.0
    27.9830      -8.84      74.67     584.60     367.41      85.14      15.66  147.5   39.9  630.0  180.0
    28.5171     182.14      61.07     311.47     335.29      32.55       5.33  147.5   39.9  630.0  180.0
    29.0511     -20.92      48.30     409.30     239.06      45.19       5.67  147.5   39.9  630.0  180.0
    29.5851       0.65       6.94     797.39      35.04     813.84      13.28  147.5   39.9  630.0  180.0
