                 MRH
   15    6 2015
    18.4714        NaN        NaN        NaN        NaN    1130.45      53.09  102.5   -0.0  630.0  180.0
    19.0082        NaN        NaN        NaN        NaN    1009.62     114.14  102.5   -0.0  630.0  180.0
    19.5423        NaN        NaN        NaN        NaN     898.15     132.67  102.5   -0.0  630.0  180.0
    20.0764        NaN        NaN        NaN        NaN     857.51     121.31  102.5   -0.0  630.0  180.0
    20.6104        NaN        NaN        NaN        NaN     926.59      90.37  102.5   -0.0  630.0  180.0
    21.1445        NaN        NaN        NaN        NaN     858.14      54.86  102.5   -0.0  630.0  180.0
    21.6785        NaN        NaN        NaN        NaN    1052.61      46.75  102.5   -0.0  630.0  180.0
    22.2127        NaN        NaN        NaN        NaN     851.88      35.46  102.5   -0.0  630.0  180.0
    22.7465        NaN        NaN        NaN        NaN     975.52      37.41  102.5   -0.0  630.0  180.0
    23.2809        NaN        NaN        NaN        NaN     842.90      40.57  102.5   -0.0  630.0  180.0
    23.8149        NaN        NaN        NaN        NaN     851.26      50.60  102.5   -0.0  630.0  180.0
    24.3490        NaN        NaN        NaN        NaN     942.61      55.60  102.5   -0.0  630.0  180.0
    24.8830        NaN        NaN        NaN        NaN     836.77      62.09  102.5   -0.0  630.0  180.0
    25.4170        NaN        NaN        NaN        NaN     862.24      96.94  102.5   -0.0  630.0  180.0
    25.9511        NaN        NaN        NaN        NaN     904.89     126.83  102.5   -0.0  630.0  180.0
    26.4851        NaN        NaN        NaN        NaN     847.29      99.68  102.5   -0.0  630.0  180.0
    27.0194        NaN        NaN        NaN        NaN     674.46     127.98  102.5   -0.0  630.0  180.0
    27.5533        NaN        NaN        NaN        NaN     707.30     225.71  102.5   -0.0  630.0  180.0
    28.0874        NaN        NaN        NaN        NaN     238.14     241.81  102.5   -0.0  630.0  180.0
    28.6214        NaN        NaN        NaN        NaN     242.00     562.84  102.5   -0.0  630.0  180.0
    29.1554        NaN        NaN        NaN        NaN     405.89     193.36  102.5   -0.0  630.0  180.0
    29.6894        NaN        NaN        NaN        NaN     854.65      35.28  102.5   -0.0  630.0  180.0
    18.5766      83.88       8.05        NaN        NaN    1033.23      35.29   89.9  -45.0  630.0  180.0
    19.1127     102.74      23.17        NaN        NaN     914.44      94.44   89.9  -45.0  630.0  180.0
    19.6468     126.14      30.14        NaN        NaN     868.02     119.61   89.9  -45.0  630.0  180.0
    20.1809     127.46      23.08        NaN        NaN     877.29      91.22   89.9  -45.0  630.0  180.0
    20.7149     122.57      20.91        NaN        NaN     904.86      84.89   89.9  -45.0  630.0  180.0
    21.2489     120.45      12.68        NaN        NaN     896.33      50.75   89.9  -45.0  630.0  180.0
    21.7830     112.46       7.05        NaN        NaN    1044.52      31.40   89.9  -45.0  630.0  180.0
    22.3170     109.83       7.28        NaN        NaN     899.63      28.77   89.9  -45.0  630.0  180.0
    22.8510     116.30       8.29        NaN        NaN     872.01      32.19   89.9  -45.0  630.0  180.0
    23.3854     106.71       8.35        NaN        NaN     861.45      32.06   89.9  -45.0  630.0  180.0
    23.9194      70.40       9.56        NaN        NaN     879.24      37.32   89.9  -45.0  630.0  180.0
    24.4534      75.65       9.71        NaN        NaN     882.80      37.94   89.9  -45.0  630.0  180.0
    24.9875      87.66      12.43        NaN        NaN     923.31      50.66   89.9  -45.0  630.0  180.0
    25.5215      67.46      21.46        NaN        NaN     934.64      89.06   89.9  -45.0  630.0  180.0
    26.0558      71.11      27.73        NaN        NaN     822.37     105.13   89.9  -45.0  630.0  180.0
    26.5896      14.95      39.13        NaN        NaN     857.22     151.95   89.9  -45.0  630.0  180.0
    27.1237      24.68      51.85        NaN        NaN     739.67     182.38   89.9  -45.0  630.0  180.0
    27.6578      50.17      66.51        NaN        NaN     785.29     259.20   89.9  -45.0  630.0  180.0
    28.1918     143.78     113.87        NaN        NaN     375.82     300.29   89.9  -45.0  630.0  180.0
    28.7259    -184.19      44.11        NaN        NaN     277.47     342.15   89.9  -45.0  630.0  180.0
    29.2598      98.53      67.72        NaN        NaN     479.15     194.50   89.9  -45.0  630.0  180.0
