                 MRH
   15    6 2015
      18.25       NaN       NaN       NaN       NaN   1130.45     53.09    630.0   1800
      18.75     83.88      8.05       NaN       NaN   1033.23     35.29    630.0   1800
      19.25    102.74     23.17       NaN       NaN    962.03     74.07    630.0   1800
      19.75    126.14     30.14       NaN       NaN    883.08     89.31    630.0   1800
      20.25    127.46     23.08       NaN       NaN    867.40     75.89    630.0   1800
      20.75    122.57     20.91       NaN       NaN    915.72     62.00    630.0   1800
      21.25    120.45     12.68       NaN       NaN    877.24     37.37    630.0   1800
      21.75    112.46      7.05       NaN       NaN   1048.57     28.16    630.0   1800
      22.25    109.83      7.28       NaN       NaN    875.76     22.83    630.0   1800
      22.75    116.30      8.29       NaN       NaN    923.77     24.68    630.0   1800
      23.25    106.71      8.35       NaN       NaN    852.18     25.85    630.0   1800
      23.75     70.40      9.56       NaN       NaN    865.25     31.44    630.0   1800
      24.25     75.65      9.71       NaN       NaN    912.71     33.66    630.0   1800
      24.75     87.66     12.43       NaN       NaN    880.04     40.07    630.0   1800
      25.25       NaN       NaN       NaN       NaN    862.24     96.94    630.0   1800
      25.75     67.46     21.46       NaN       NaN    919.77     77.49    630.0   1800
      26.25     71.11     27.73       NaN       NaN    834.83     72.44    630.0   1800
      26.75     14.95     39.13       NaN       NaN    857.22    151.95    630.0   1800
      27.25     24.68     51.85       NaN       NaN    707.07    111.40    630.0   1800
      27.75     50.17     66.51       NaN       NaN    746.30    171.85    630.0   1800
      28.25    143.78    113.87       NaN       NaN    306.98    192.77    630.0   1800
      28.75   -184.19     44.11       NaN       NaN    259.73    329.34    630.0   1800
      29.25     98.53     67.72       NaN       NaN    442.52    137.13    630.0   1800
