  Image    fringe1  fringe2  fringe3  fringe4  fringe5  fringe6  fringe7
-----------------------------------------------------------------------------
    1     0.721085 0.720104 0.717014 0.710231 0.707852 0.703220 0.704598
    2     0.721125 0.720795 0.716412 0.710452 0.706281 0.703916 0.702036
    3     0.726380 0.725065 0.720985 0.716268 0.713803 0.710983 0.709960
    4     0.725683 0.723526 0.721057 0.714850 0.713211 0.708089 0.705876
    5     0.734880 0.732424 0.729559 0.725627 0.721117 0.713792 0.713963
    6     0.739443 0.737508 0.733581 0.728669 0.724821 0.722154 0.720683
    7     0.740500 0.738956 0.735566 0.731570 0.726905 0.723270 0.722398
    8     0.740164 0.738572 0.737317 0.732130 0.725775 0.724539 0.725653
    9     0.740254 0.736247 0.736289 0.732070 0.726526 0.723174 0.725750
   10     0.718119 0.715894 0.713333 0.707584 0.704207 0.699720 0.697841
   11     0.711365 0.713201 0.707526 0.696953 0.696810 0.688977 0.695872
   12     0.711908 0.711771 0.709030 0.706586 0.698263 0.693141 0.699228
   13     0.725614 0.723701 0.723133 0.711473 0.711181 0.705734 0.713244
   14     0.725903 0.725596 0.721239 0.714612 0.710698 0.704427 0.708948
   15     0.733856 0.739058 0.731326 0.725926 0.722349 0.716868 0.727625
   16     0.747274 0.740519 0.738489 0.737596 0.731486 0.721087 0.730772
   17     0.745013 0.742372 0.741353 0.732671 0.731385 0.723624 0.729057
   18     0.744466 0.739877 0.734380 0.732810 0.727241 0.721647 0.733812
   19     0.737504 0.735902 0.739418 0.734414 0.727042 0.724109 0.730411
   20     0.720828 0.714648 0.712536 0.710793 0.703656 0.695789 0.704408
   21     0.713388 0.713429 0.704405 0.706237 0.700785 0.699305 0.704439
   22     0.709104 0.708565 0.706394 0.702251 0.699086 0.700141 0.702539
   23     0.729098 0.725595 0.722483 0.716099 0.718017 0.711016 0.715486
   24     0.727837 0.728552 0.727665 0.715978 0.713331 0.710421 0.714739
   25     0.736997 0.736835 0.733215 0.734613 0.726310 0.723364 0.727235
   26     0.734532 0.741697 0.737759 0.738601 0.736091 0.719954 0.743240
   27     0.736843 0.742918 0.727269 0.737063 0.729760 0.727948 0.735378
   28     0.740620 0.742382 0.737202 0.730533 0.731846 0.724055 0.736365
   29     0.743581 0.740650 0.740420 0.729204 0.728481 0.728743 0.741327
   30     0.721690 0.717095 0.715842 0.710375 0.705884 0.701801 0.703387
   31     0.713550 0.708711 0.710115 0.707025 0.697511 0.693911 0.698044
   32     0.717138 0.711221 0.706081 0.697149 0.696730 0.693199 0.712302
   33     0.725348 0.727636 0.723487 0.721135 0.715168 0.714913 0.716361
   34     0.733444 0.731451 0.725902 0.722890 0.718037 0.713500 0.717364
   35     0.740164 0.738424 0.735118 0.732048 0.726960 0.722499 0.727321
   36     0.744641 0.739611 0.739495 0.731547 0.727778 0.718365 0.736811
   37     0.742570 0.742419 0.738071 0.741872 0.732309 0.731123 0.736710
   38     0.747348 0.740007 0.739267 0.726541 0.729712 0.726497 0.732864
   39     0.738889 0.741432 0.740320 0.737326 0.727863 0.728540 0.741056
   40     0.726581 0.725582 0.719642 0.715764 0.713542 0.707820 0.709704
   41     0.719720 0.719024 0.714853 0.707450 0.705239 0.702875 0.706245
   42     0.712509 0.713666 0.713125 0.704949 0.702433 0.693293 0.705158
   43     0.729435 0.727611 0.728221 0.719185 0.715045 0.712353 0.712566
   44     0.734710 0.731252 0.728984 0.723230 0.718588 0.714809 0.714203
   45     0.743680 0.738601 0.735937 0.728540 0.725936 0.721018 0.726102
   46     0.743548 0.739768 0.737608 0.730451 0.729623 0.727238 0.730801
   47     0.740371 0.741821 0.733897 0.726432 0.724116 0.720989 0.725754
   48     0.740154 0.736740 0.737068 0.734848 0.725604 0.722097 0.728878
   49     0.740263 0.733952 0.737378 0.728619 0.725668 0.722345 0.725127
   50     0.729402 0.724193 0.720808 0.717606 0.712060 0.709730 0.705792
   51     0.719913 0.715654 0.713379 0.709889 0.705540 0.702357 0.700755
   52     0.714892 0.715909 0.712080 0.705466 0.704541 0.696710 0.694167
   53     0.726865 0.726307 0.723398 0.721638 0.712905 0.707714 0.714383
   54     0.735441 0.734029 0.729593 0.725094 0.720543 0.715735 0.715129
   55     0.739722 0.741727 0.734654 0.731490 0.728687 0.721397 0.723327
   56     0.739338 0.738833 0.735514 0.728242 0.727245 0.720936 0.722249
   57     0.741564 0.737058 0.735515 0.729731 0.726467 0.724338 0.726478
   58     0.742348 0.739017 0.734105 0.729759 0.726483 0.722331 0.724102
   59     0.740744 0.736220 0.731223 0.728580 0.721102 0.720563 0.718755
   60     0.728277 0.724423 0.721964 0.716968 0.713456 0.708325 0.708386
   61     0.718273 0.716938 0.712684 0.708210 0.704579 0.701233 0.698650
   62     0.712745 0.709967 0.707871 0.702424 0.700791 0.698431 0.693717
   63     0.726913 0.725493 0.723142 0.716911 0.715610 0.711055 0.710955
   64     0.736306 0.733217 0.729864 0.725258 0.719826 0.715932 0.713656
   65     0.741315 0.739702 0.733297 0.730090 0.727788 0.724960 0.720735
   66     0.741303 0.737083 0.733863 0.728473 0.724398 0.719329 0.720461
   67     0.737424 0.738898 0.734991 0.729525 0.725990 0.723571 0.718834
   68     0.740222 0.737534 0.734624 0.728997 0.724913 0.720598 0.719921
   69     0.739525 0.737146 0.733000 0.728592 0.725004 0.720083 0.718961
   70     0.725905 0.723595 0.721358 0.715167 0.711571 0.708325 0.705561
   71     0.719334 0.717205 0.713836 0.708797 0.704255 0.700982 0.700830
   72     0.714851 0.711542 0.708898 0.704221 0.699430 0.695711 0.693909
   73     0.728932 0.727245 0.723489 0.718238 0.714395 0.710176 0.710316
   74     0.735319 0.732483 0.728967 0.724979 0.720115 0.714852 0.715379
   75     0.740286 0.738459 0.735874 0.731484 0.728707 0.723683 0.721613
   76     0.741166 0.737329 0.734067 0.729162 0.727112 0.721645 0.719406
   77     0.739471 0.737580 0.734064 0.730359 0.725552 0.721136 0.719954
   78     0.739463 0.738046 0.735092 0.728934 0.725596 0.721995 0.721269
   79     0.739585 0.737719 0.733615 0.729101 0.725428 0.721944 0.718609
   80     0.724606 0.723310 0.717422 0.714438 0.711589 0.707955 0.706356
   81     0.719126 0.714931 0.712960 0.708592 0.703636 0.699659 0.698109
   82     0.715207 0.712226 0.707249 0.703363 0.700604 0.696222 0.694762
   83     0.729707 0.726719 0.723866 0.718320 0.714670 0.710986 0.709879
   84     0.733422 0.732676 0.728073 0.723236 0.720486 0.715568 0.714071
   85     0.742605 0.739559 0.735953 0.733712 0.727834 0.725014 0.722600
   86     0.742765 0.740512 0.735349 0.730702 0.729057 0.725063 0.722318
   87     0.742647 0.739893 0.737393 0.730594 0.728597 0.723928 0.722799
   88     0.741501 0.738771 0.735559 0.731282 0.727332 0.722770 0.721885
   89     0.742085 0.738504 0.736022 0.732383 0.726784 0.723576 0.721822
   90     0.726758 0.724089 0.721386 0.715914 0.712031 0.707925 0.707058
   91     0.717376 0.716186 0.711730 0.707824 0.704431 0.699515 0.699829
   92     0.714950 0.712037 0.708935 0.704775 0.700329 0.697206 0.694453
   93     0.727611 0.726473 0.723434 0.719005 0.713927 0.707858 0.707134
   94     0.734136 0.733549 0.729750 0.724152 0.720656 0.716153 0.715810
   95     0.742279 0.738624 0.735533 0.731514 0.728640 0.722980 0.723157
   96     0.740158 0.737882 0.735107 0.729270 0.726232 0.721259 0.720721
   97     0.740031 0.737337 0.733292 0.729207 0.726430 0.722337 0.720291
   98     0.738824 0.736496 0.732659 0.729309 0.724133 0.723462 0.720558
   99     0.738994 0.735566 0.732070 0.729527 0.724274 0.720002 0.718086
  100     0.730030 0.727123 0.722970 0.718253 0.715432 0.711942 0.709146
  101     0.721345 0.718598 0.714662 0.708899 0.707214 0.702649 0.702154
  102     0.717741 0.712934 0.710908 0.707000 0.700327 0.698396 0.697964
  103     0.731465 0.728855 0.726387 0.720501 0.717372 0.713673 0.713392
  104     0.735052 0.732645 0.728193 0.721874 0.719758 0.715780 0.714692
  105     0.738076 0.736009 0.732130 0.727091 0.723414 0.721320 0.719750
  106     0.737695 0.737011 0.733730 0.727940 0.724672 0.719333 0.719202
  107     0.738592 0.737403 0.733991 0.727285 0.724073 0.721492 0.721639
  108     0.739755 0.737757 0.733706 0.730141 0.727048 0.722699 0.723786
  109     0.740408 0.739100 0.735733 0.729953 0.726300 0.719581 0.721411
  110     0.729400 0.728454 0.723057 0.719299 0.716296 0.711960 0.710614
  111     0.721793 0.718942 0.715411 0.715327 0.707940 0.701935 0.703417
  112     0.719321 0.715430 0.711568 0.704948 0.700037 0.700727 0.698111
  113     0.728053 0.725938 0.723896 0.718234 0.715351 0.713347 0.710063
  114     0.734674 0.733848 0.729040 0.723794 0.720990 0.718264 0.715577
  115     0.740118 0.737297 0.734694 0.728342 0.724312 0.720507 0.717495
  116     0.738980 0.735300 0.731292 0.726518 0.722792 0.720630 0.716490
  117     0.738875 0.734303 0.734220 0.727634 0.723921 0.719975 0.717037
  118     0.736791 0.735314 0.732752 0.727282 0.724512 0.721397 0.718810
  119     0.738794 0.734758 0.731751 0.728125 0.722507 0.717535 0.718941
  120     0.728277 0.726448 0.723386 0.722313 0.716214 0.712181 0.713827
  121     0.724225 0.719798 0.715416 0.711601 0.709480 0.700704 0.704874
  122     0.716481 0.717498 0.715543 0.710120 0.704680 0.703382 0.699411
  123     0.732260 0.730598 0.724136 0.719585 0.717095 0.712975 0.716311
  124     0.736729 0.732249 0.729510 0.726011 0.723705 0.719665 0.718432
  125     0.740307 0.738258 0.733893 0.731709 0.724080 0.724175 0.723051
  126     0.734665 0.733338 0.730368 0.724533 0.723619 0.716084 0.721218
  127     0.735896 0.734975 0.730779 0.727238 0.722768 0.721344 0.721532
  128     0.737122 0.734057 0.731880 0.727863 0.722491 0.716976 0.719285
  129     0.735863 0.734066 0.733023 0.727024 0.725401 0.719601 0.722095
  130     0.733771 0.728815 0.725257 0.721992 0.717260 0.717535 0.720474
  131     0.723298 0.721936 0.717387 0.715446 0.711043 0.706965 0.706046
  132     0.717813 0.718631 0.713685 0.705474 0.708454 0.703810 0.707208
  133     0.729717 0.729108 0.724071 0.721464 0.716880 0.712682 0.716776
  134     0.736536 0.732444 0.730923 0.727090 0.721509 0.723390 0.721647
  135     0.741789 0.735321 0.731481 0.727616 0.723589 0.720289 0.721234
  136     0.736822 0.733022 0.731415 0.723241 0.722692 0.717107 0.722597
  137     0.733333 0.731971 0.729728 0.724443 0.721604 0.717900 0.716520
  138     0.736634 0.737422 0.730066 0.727290 0.721647 0.720368 0.718462
  139     0.732536 0.729968 0.729225 0.725409 0.721751 0.719126 0.714158
  140     0.730874 0.727389 0.726784 0.721937 0.718266 0.720082 0.718938
  141     0.726860 0.723776 0.721214 0.717289 0.707089 0.711995 0.714724
  142     0.726188 0.721243 0.720318 0.717987 0.713309 0.710210 0.712570
  143     0.727655 0.729048 0.727831 0.718697 0.715085 0.712574 0.720631
  144     0.734459 0.734490 0.733589 0.726286 0.718020 0.715863 0.725323
  145     0.736361 0.737409 0.733603 0.728274 0.724586 0.720675 0.725676
  146     0.734303 0.732748 0.728447 0.724202 0.718912 0.715891 0.721642
  147     0.734235 0.732332 0.733843 0.730259 0.721961 0.719007 0.722668
  148     0.735569 0.735702 0.733080 0.727603 0.720783 0.719580 0.723106
  149     0.738110 0.736634 0.731694 0.720671 0.724095 0.721720 0.725870
  150     0.733590 0.729858 0.727049 0.718312 0.716993 0.716764 0.716550
  151     0.719111 0.722075 0.717551 0.714900 0.712567 0.707677 0.713081
  152     0.717241 0.719472 0.718601 0.711614 0.711738 0.702663 0.709210
  153     0.728656 0.730886 0.723422 0.720595 0.717546 0.711858 0.714881
  154     0.730948 0.725841 0.729666 0.716823 0.713662 0.713219 0.726556
  155     0.731677 0.724249 0.727411 0.724645 0.718190 0.713143 0.724122
  156     0.731676 0.725951 0.732140 0.722377 0.716767 0.708750 0.719729
  157     0.730927 0.730035 0.729165 0.721670 0.717411 0.716154 0.721221
  158     0.732282 0.736160 0.729313 0.723694 0.721691 0.714899 0.724162
  159     0.727729 0.729207 0.719585 0.726110 0.716561 0.713303 0.727103
  160     0.730593 0.730994 0.731254 0.721196 0.722274 0.715955 0.715407
  161     0.731159 0.726072 0.728655 0.716353 0.712503 0.712751 0.727200
  162     0.719482 0.725580 0.724422 0.725844 0.719346 0.703940 0.722770
  163     0.728551 0.737788 0.727321 0.724452 0.722485 0.717565 0.726041
  164     0.725279 0.726216 0.734668 0.715981 0.724646 0.717234 0.722501
  165     0.732224 0.730880 0.724605 0.719482 0.724705 0.716945 0.725654
  166     0.721483 0.731460 0.729980 0.724607 0.725044 0.700891 0.729965
  167     0.734649 0.729923 0.727733 0.725536 0.720332 0.717482 0.742477
  168     0.724369 0.721542 0.725287 0.722762 0.710371 0.721776 0.745369
  169     0.743384 0.724008 0.727511 0.731361 0.720209 0.702398 0.711654
  170     0.729833 0.727178 0.735168 0.732194 0.722708 0.719916 0.723228
  171     0.726615 0.723735 0.719000 0.726310 0.719092 0.707527 0.726113
  172     0.740386 0.707209 0.722834 0.727764 0.706751 0.701646 0.738644
  173     0.717528 0.732331 0.735372 0.733724 0.722524 0.720716 0.738416
  174     0.737835 0.746634 0.724051 0.716175 0.716039 0.710189 0.718011
  175     0.726040 0.736988 0.729003 0.712268 0.719730 0.725802 0.750411
  176     0.722440 0.730425 0.732747 0.715968 0.719419 0.724375 0.721208
  177     0.729945 0.739067 0.747441 0.735644 0.731925 0.718019 0.754480
  178     0.736658 0.732468 0.722477 0.718602 0.720082 0.712106 0.764843
  179     0.724824 0.733184 0.729909 0.725685 0.723590 0.698254 0.758717
  180     0.730821 0.735406 0.728209 0.739568 0.709916 0.709647 0.778879
  181     0.717426 0.731006 0.726719 0.722465 0.728372 0.709000 0.742724
  182     0.701919 0.716514 0.735877 0.696298 0.728766 0.705984 0.800668
  183     0.726833 0.723365 0.715216 0.731646 0.720424 0.731044 0.771793
  184     0.741833 0.731671 0.730446 0.698713 0.718291 0.701596 0.760856
  185     0.724403 0.753896 0.748611 0.732810 0.738023 0.725142 0.740207
  186     0.732450 0.692537 0.729213 0.748103 0.724592 0.706863 0.831656
  187     0.739957 0.720564 0.723643 0.699697 0.703833 0.739930 0.782499
  188     0.735155 0.718909 0.729165 0.719526 0.706071 0.693404 0.822863
  189     0.720503 0.741655 0.747219 0.728063 0.718354 0.742839 0.884845
  190     0.694216 0.741651 0.735620 0.704948 0.748569 0.682483 0.793122
  191     0.736729 0.705428 0.701474 0.683326 0.713521 0.678450 0.861054
  192     0.780626 0.707933 0.730198 0.768905 0.718126 0.679484 0.842607
  193     0.097518 0.717584 0.741762 0.712000 0.740717 0.725139 0.878012
  194     0.710169 0.700594 0.724797 0.697456 0.683859 0.718085 0.870410
  195     0.737647 0.695058 0.742528 0.720344 0.663271 0.700487 0.915955
  196     0.730035 0.697497 0.756410 0.747051 0.742542 0.750366 0.892526
  197     0.733162 0.773686 0.740818 0.707215 0.778001 0.726547 0.883506
  198     0.735416 0.740059 0.714596 0.706041 0.725922 0.736089 0.872452
  199     0.706975 0.746491 0.709369 0.833885 0.742084 0.672719 0.835848
  200     0.737023 0.736616 0.796500 0.731569 0.707369 0.720454 0.825331
  201     0.759985 0.731149 0.723680 0.727279 0.698137 0.713524 0.772081
  202     0.734894 0.748875 0.713680 0.710241 0.732377 0.730183 0.785300
  203     0.746772 0.745878 0.746385 0.729551 0.724466 0.741974 0.740509
  204     0.741480 0.732366 0.738858 0.725339 0.733076 0.707004 0.743086
  205     0.739510 0.749726 0.725431 0.739474 0.720964 0.723018 0.746359
  206     0.738280 0.733966 0.739128 0.725700 0.722190 0.727047 0.749286
  207     0.730292 0.725718 0.733702 0.726892 0.717077 0.725096 0.734073
  208     0.734538 0.729467 0.724951 0.718183 0.718702 0.717911 0.727468
  209     0.733014 0.725966 0.727943 0.722290 0.722093 0.713462 0.717634
  210     0.733170 0.729883 0.726569 0.725247 0.714778 0.710872 0.717107
  211     0.729250 0.727393 0.725864 0.718778 0.718818 0.711938 0.718292
  212     0.728867 0.726187 0.729138 0.721284 0.718955 0.715328 0.712436
  213     0.731435 0.729279 0.729499 0.721575 0.718415 0.715013 0.713605
