   1.707  -0.076  18.817
   1.718  -0.094  19.350
   1.711  -0.082  19.883
   1.713  -0.074  20.433
   1.691  -0.072  20.967
   1.675  -0.063  21.500
   1.705  -0.032  22.033
   1.675  -0.058  22.583
   1.682  -0.016  23.117
   1.668  -0.031  23.650
   1.649  -0.020  24.200
   1.651  -0.040  24.733
   1.656  -0.032  25.267
   1.643  -0.042  25.817
   1.639  -0.033  26.350
   1.626  -0.043  26.883
   1.619  -0.039  27.433
   1.630  -0.044  27.967
   1.638  -0.051  28.500
   1.623  -0.046  29.033
   1.625  -0.063  29.583
   1.620  -0.049  29.700
   1.662  -0.050
