MRH 20150610
    23.72    70.21   116.67   163.13   209.58   256.04   302.52
    46.49    46.46    46.46    46.45    46.46    46.48    46.48
     0.84128010     0.57228613     0.37097824     0.22660720     0.13007109     0.06578227     0.02993195     0.00645057    -0.00151057    -0.00455386    -0.00508680    -0.00499627    -0.00407115    -0.00166299    -0.00141889    -0.00170306    -0.00088684    -0.00076959
    -0.02437965    -0.02878960    -0.03842870    -0.04047931    -0.04427342    -0.04092298    -0.03659297    -0.02919224    -0.01993680    -0.01405914    -0.00846487    -0.00578446    -0.00224049    -0.00042244     0.00068903     0.00085036     0.00029868     0.00038086
     1.00000000     0.68094462     0.44320208     0.27354777     0.16349022     0.09197886     0.05656379     0.03609942     0.02413342     0.01799254     0.01209519     0.00980960     0.00621705     0.00415448     0.00439137     0.00367005     0.00396315     0.00340817
     0.83716232     0.55018234     0.33966956     0.19546609     0.10313821     0.04854786     0.02034505     0.00637679     0.00121195    -0.00041466     0.00019835     0.00079826     0.00035925     0.00181384     0.00186840     0.00107508     0.00036542    -0.00002381
     0.03420352     0.04217511     0.02811697     0.00997529    -0.00745460    -0.01562043    -0.01836882    -0.01565363    -0.01217861    -0.00814292    -0.00588675    -0.00425913    -0.00196827    -0.00072710    -0.00024035    -0.00089457    -0.00018751    -0.00059733
     1.00000000     0.65848935     0.40680116     0.23361258     0.12347521     0.06095079     0.03280095     0.02032385     0.01479874     0.00992422     0.00746391     0.00588539     0.00369276     0.00415748     0.00365694     0.00329885     0.00195063     0.00289008
     0.83575642     0.52612102     0.30401775     0.15981819     0.07608531     0.03299322     0.01177964     0.00351251    -0.00003028    -0.00156236    -0.00156820    -0.00089817    -0.00126607    -0.00135693    -0.00188247    -0.00246543    -0.00233888    -0.00296033
     0.08367060     0.09890234     0.07421933     0.03864910     0.00904994    -0.00811942    -0.01381330    -0.01372882    -0.01021957    -0.00650526    -0.00433814    -0.00131842    -0.00193213    -0.00060329    -0.00118844    -0.00027739     0.00084248     0.00014928
     1.00000000     0.63811606     0.37360960     0.19684769     0.09198366     0.04132425     0.02268908     0.01793435     0.01314722     0.00877552     0.00593260     0.00399542     0.00378810     0.00302947     0.00400926     0.00462425     0.00529139     0.00562170
     0.83529627     0.51586103     0.28716004     0.13999332     0.05160152     0.01045322    -0.00470158    -0.00574936    -0.00783148    -0.00769182    -0.00559466    -0.00480408    -0.00322654    -0.00090714     0.00187099     0.00264021     0.00225562     0.00221039
     0.02832462     0.02405320     0.00603253    -0.00799045    -0.01592579    -0.02009205    -0.01771811    -0.01023267    -0.00401949    -0.00174593     0.00038016     0.00401571     0.00311080     0.00070138    -0.00118497     0.00105057    -0.00068958    -0.00202029
     1.00000000     0.61780727     0.34385428     0.16789414     0.06560220     0.02840944     0.02250605     0.01646204     0.01186381     0.00994282     0.00965929     0.00980421     0.00696387     0.00528346     0.00476905     0.00521452     0.00595336     0.00579244
     0.82968456     0.49433023     0.25526550     0.11112694     0.03477162     0.00401820    -0.00598011    -0.00648811    -0.00407983    -0.00215338    -0.00134594    -0.00091360    -0.00076585    -0.00284271    -0.00335258    -0.00487818    -0.00249370    -0.00182370
     0.07823813     0.08199882     0.05338756     0.01839595    -0.00434370    -0.01336144    -0.01454261    -0.01048163    -0.00693270    -0.00142767    -0.00013937     0.00211544     0.00210003     0.00464427     0.00615297     0.00446119     0.00213676     0.00048172
     1.00000000     0.60133606     0.31301403     0.13534515     0.04261941     0.01798410     0.01946746     0.01526854     0.01038962     0.00490421     0.00453923     0.00379543     0.00367940     0.00753178     0.00928943     0.00840400     0.00436638     0.00381768
     0.82539904     0.47887370     0.23563254     0.09116559     0.01708473    -0.01040632    -0.01435665    -0.00839467    -0.00693034    -0.00392840    -0.00131676     0.00113857    -0.00136880    -0.00291299    -0.00266835    -0.00513430    -0.00577782    -0.00783082
     0.01242745     0.01037206    -0.00576256    -0.01134993    -0.01591839    -0.01159751    -0.00978881    -0.00593973    -0.00457577    -0.00177626    -0.00070766     0.00061703     0.00063958     0.00209697     0.00121287     0.00129171    -0.00093788     0.00262568
     1.00000000     0.58031255     0.28558496     0.11150768     0.02922820     0.02014040     0.02183629     0.01324764     0.01051817     0.00599003     0.00431475     0.00487975     0.00519524     0.00567190     0.00535595     0.00782476     0.00959337     0.01156461
     0.82173854     0.45719361     0.20915370     0.07331351     0.01097529    -0.00950938    -0.01157731    -0.00458953    -0.00194486    -0.00291747    -0.00311354    -0.00342134    -0.00131211    -0.00247199    -0.00266191    -0.00148805     0.00214777     0.00718033
     0.06522538     0.06687427     0.03604850     0.01000888    -0.00662689    -0.01066615    -0.01293307    -0.00863220    -0.00622120    -0.00138340    -0.00166523    -0.00082984    -0.00122373     0.00055960    -0.00147049    -0.00481415    -0.00810115    -0.00819159
     1.00000000     0.56058353     0.25780711     0.09026152     0.01839506     0.01930266     0.02140348     0.01268689     0.00969511     0.00681409     0.00573281     0.00574701     0.00457028     0.00569851     0.00665702     0.00758243     0.01159541     0.01541575
   1.662  -0.050  400    2    0    0    0  0.000 18.000
