                 MRH
   10    6 2015
    18.4493        NaN        NaN        NaN        NaN    1037.00      27.62  102.6   -0.0  630.0  180.0
    18.9878        NaN        NaN        NaN        NaN     971.03     102.57  102.6   -0.0  630.0  180.0
    19.5263        NaN        NaN        NaN        NaN     774.10     115.23  102.6   -0.0  630.0  180.0
    20.0648        NaN        NaN        NaN        NaN     867.69      35.25  102.6   -0.0  630.0  180.0
    20.6032        NaN        NaN        NaN        NaN    1182.44      37.72  102.6   -0.0  630.0  180.0
    21.1417        NaN        NaN        NaN        NaN    1038.82      35.12  102.6   -0.0  630.0  180.0
    21.6802        NaN        NaN        NaN        NaN     934.87      26.42  102.6   -0.0  630.0  180.0
    22.2188        NaN        NaN        NaN        NaN     820.04      39.37  102.6   -0.0  630.0  180.0
    22.7572        NaN        NaN        NaN        NaN     991.23      43.69  102.6   -0.0  630.0  180.0
    23.2958        NaN        NaN        NaN        NaN     855.86      39.47  102.6   -0.0  630.0  180.0
    23.8341        NaN        NaN        NaN        NaN     951.45      63.59  102.6   -0.0  630.0  180.0
    24.3726        NaN        NaN        NaN        NaN     873.06      42.47  102.6   -0.0  630.0  180.0
    24.9111        NaN        NaN        NaN        NaN     861.10      24.32  102.6   -0.0  630.0  180.0
    25.4495        NaN        NaN        NaN        NaN     881.58      20.91  102.6   -0.0  630.0  180.0
    25.9883        NaN        NaN        NaN        NaN     879.66      19.80  102.6   -0.0  630.0  180.0
    26.5266        NaN        NaN        NaN        NaN     879.82      25.22  102.6   -0.0  630.0  180.0
    27.0650        NaN        NaN        NaN        NaN     827.84      47.45  102.6   -0.0  630.0  180.0
    27.6034        NaN        NaN        NaN        NaN     681.46      78.18  102.6   -0.0  630.0  180.0
    28.1419        NaN        NaN        NaN        NaN     701.28      99.95  102.6   -0.0  630.0  180.0
    28.6804        NaN        NaN        NaN        NaN     529.32     124.79  102.6   -0.0  630.0  180.0
    29.2188        NaN        NaN        NaN        NaN     654.07     153.96  102.6   -0.0  630.0  180.0
    18.5546      90.23       6.27        NaN        NaN    1118.78      28.44   89.8  -45.0  630.0  180.0
    19.0931     118.77      16.31        NaN        NaN     970.56      67.70   89.8  -45.0  630.0  180.0
    19.6316     155.92      37.42        NaN        NaN     825.13     146.82   89.8  -45.0  630.0  180.0
    20.1701     141.10      16.43        NaN        NaN     776.70      61.83   89.8  -45.0  630.0  180.0
    20.7085     149.80       9.68        NaN        NaN     899.12      37.15   89.8  -45.0  630.0  180.0
    21.2469     134.30       8.40        NaN        NaN     953.70      34.08   89.8  -45.0  630.0  180.0
    21.7855      82.52       6.50        NaN        NaN     881.60      24.56   89.8  -45.0  630.0  180.0
    22.3241     108.68       9.38        NaN        NaN     992.51      39.66   89.8  -45.0  630.0  180.0
    22.8624      98.75      10.04        NaN        NaN     885.26      39.03   89.8  -45.0  630.0  180.0
    23.4009      88.39      10.25        NaN        NaN     879.24      39.51   89.8  -45.0  630.0  180.0
    23.9394      81.28      11.29        NaN        NaN     988.47      47.63   89.8  -45.0  630.0  180.0
    24.4778      69.91       7.32        NaN        NaN     872.26      27.59   89.8  -45.0  630.0  180.0
    25.0164      59.05       5.14        NaN        NaN     865.29      18.52   89.8  -45.0  630.0  180.0
    25.5548      84.96       5.23        NaN        NaN     821.32      18.53   89.8  -45.0  630.0  180.0
    26.0934      77.32       4.86        NaN        NaN     858.22      17.60   89.8  -45.0  630.0  180.0
    26.6319      56.89       6.36        NaN        NaN     843.00      23.07   89.8  -45.0  630.0  180.0
    27.1702      70.39      11.82        NaN        NaN     806.27      42.80   89.8  -45.0  630.0  180.0
    27.7087      69.62      21.58        NaN        NaN     758.00      76.11   89.8  -45.0  630.0  180.0
    28.2472      73.21      25.69        NaN        NaN     669.92      85.27   89.8  -45.0  630.0  180.0
    28.7856     101.16      37.87        NaN        NaN     583.60     117.48   89.8  -45.0  630.0  180.0
    29.3241      55.23      36.84        NaN        NaN     738.00     131.40   89.8  -45.0  630.0  180.0
