                 MRH
   10    6 2015
    18.4493     -15.33       4.70    1037.00      27.62    1429.22      16.19  102.6   -0.0  630.0  180.0
    18.9878     -22.48      17.64     971.03     102.57     381.41      17.22  102.6   -0.0  630.0  180.0
    19.5263     -61.15      21.89     774.10     115.23     215.02      11.92  102.6   -0.0  630.0  180.0
    20.0648     -89.05       6.48     867.69      35.25        NaN        NaN  102.6   -0.0  630.0  180.0
    20.6032     -16.03       6.14    1182.44      37.72     343.83       4.55  102.6   -0.0  630.0  180.0
    21.1417     -10.72       5.93    1038.82      35.12     773.06      11.06  102.6   -0.0  630.0  180.0
    21.6802      10.99       4.84     934.87      26.42    1413.93      16.20  102.6   -0.0  630.0  180.0
    22.2188      14.20       7.74     820.04      39.37     936.83      17.24  102.6   -0.0  630.0  180.0
    22.7572       3.36       7.44     991.23      43.69    1171.31      22.03  102.6   -0.0  630.0  180.0
    23.2958       9.61       7.49     855.86      39.47    1150.59      20.93  102.6   -0.0  630.0  180.0
    23.8341       3.07      11.03     951.45      63.59     777.76      21.90  102.6   -0.0  630.0  180.0
    24.3726     -15.16       7.89     873.06      42.47     833.78      16.21  102.6   -0.0  630.0  180.0
    24.9111       7.48       4.74     861.10      24.32    1036.86      11.18  102.6   -0.0  630.0  180.0
    25.4495      -3.93       4.07     881.58      20.91    1204.71      10.95  102.6   -0.0  630.0  180.0
    25.9883      -1.09       3.87     879.66      19.80    1211.76      10.33  102.6   -0.0  630.0  180.0
    26.5266       3.81       4.83     879.82      25.22    1022.28      11.34  102.6   -0.0  630.0  180.0
    27.0650       4.58       9.25     827.84      47.45     533.54      11.84  102.6   -0.0  630.0  180.0
    27.6034       0.75      16.92     681.46      78.18     291.10      11.63  102.6   -0.0  630.0  180.0
    28.1419      21.92      21.18     701.28      99.95     224.09      11.48  102.6   -0.0  630.0  180.0
    28.6804      11.58      30.30     529.32     124.79     163.99      11.81  102.6   -0.0  630.0  180.0
    29.2188     -12.66      32.18     654.07     153.96     169.94      13.62  102.6   -0.0  630.0  180.0
    18.3438      37.26       4.34    1089.72      26.34    2630.79      28.24   12.8  -50.2  630.0  180.0
    18.8296      57.13       7.75    1010.29      44.51    1025.35      19.41   12.8  -50.2  630.0  180.0
    19.3680      26.22      10.11     971.80      57.56     636.79      15.91   12.8  -50.2  630.0  180.0
    19.9065     -58.31      20.10     949.79     117.92     387.40      20.37   12.8  -50.2  630.0  180.0
    20.4449      17.92       5.12     881.54      26.27     800.97       9.13   12.8  -50.2  630.0  180.0
    20.9834     -15.00       3.74     950.15      20.38    1549.48      13.34   12.8  -50.2  630.0  180.0
    21.5219      -4.54       3.73     902.54      19.74    1784.17      15.22   12.8  -50.2  630.0  180.0
    22.0604       4.56       4.76     892.16      25.35    1631.18      18.44   12.8  -50.2  630.0  180.0
    22.5988      -0.33       5.32     916.95      29.28    1708.23      22.10   12.8  -50.2  630.0  180.0
    23.1373       0.60       6.44     896.75      35.05    1430.48      22.59   12.8  -50.2  630.0  180.0
    23.6758       0.83       7.09     864.40      37.76    1212.96      20.99   12.8  -50.2  630.0  180.0
    24.2143      -0.40       5.78     892.47      31.31    1383.45      19.44   12.8  -50.2  630.0  180.0
    24.7529       6.62       4.02     858.49      20.68    1577.37      14.55   12.8  -50.2  630.0  180.0
    25.2913      -1.34       3.42     850.23      17.15    1649.79      12.53   12.8  -50.2  630.0  180.0
    25.8298      -1.15       4.22     879.56      22.22    1541.43      15.20   12.8  -50.2  630.0  180.0
    26.3683       3.41       3.53     833.42      17.48    1582.30      12.40   12.8  -50.2  630.0  180.0
    26.9069      27.96       5.87     804.34      29.22     945.57      12.83   12.8  -50.2  630.0  180.0
    27.4451      47.83      10.94     758.75      53.06     517.61      13.37   12.8  -50.2  630.0  180.0
    27.9836      27.20      16.94     595.86      72.24     271.06      10.62   12.8  -50.2  630.0  180.0
    28.5221      14.03      21.55     683.28      99.49     237.72      12.14   12.8  -50.2  630.0  180.0
    29.0606     -14.42      27.98     573.81     122.31     186.25      12.67   12.8  -50.2  630.0  180.0
    29.5990      -0.43      12.62     836.14      66.74     698.28      22.00   12.8  -50.2  630.0  180.0
    18.3968      53.26       6.42    1012.36      36.85    1241.12      19.26  102.6   50.2  630.0  180.0
    18.9354      44.89      20.40     917.09     111.60     332.70      16.63  102.6   50.2  630.0  180.0
    19.4738       3.41      24.80     810.12     131.26     208.21      12.80  102.6   50.2  630.0  180.0
    20.0123     -47.29      22.54        NaN        NaN        NaN        NaN  102.6   50.2  630.0  180.0
    20.5507      51.44       4.77    1079.47      26.07     390.41       3.06  102.6   50.2  630.0  180.0
    21.0891      71.41       4.57     950.23      24.13     976.01       9.83  102.6   50.2  630.0  180.0
    21.6276      81.38       4.36     878.44      22.34    1609.39      16.01  102.6   50.2  630.0  180.0
    22.1661      88.76       6.13     839.93      30.93    1214.48      17.23  102.6   50.2  630.0  180.0
    22.7046      78.80       5.95     970.89      33.40    1489.74      21.42  102.6   50.2  630.0  180.0
    23.2430      74.05       6.21     898.11      33.09    1436.67      21.36  102.6   50.2  630.0  180.0
    23.7815      78.13       7.60     922.14      41.56    1092.62      20.07  102.6   50.2  630.0  180.0
    24.3201      45.02       8.60     827.98      43.93     851.56      17.49  102.6   50.2  630.0  180.0
    24.8585      67.26       4.48     865.39      22.61    1044.45      10.37  102.6   50.2  630.0  180.0
    25.3972      62.45       3.53     886.11      17.81    1374.72      10.29  102.6   50.2  630.0  180.0
    25.9355      63.11       3.80     888.09      19.15    1288.87      10.63  102.6   50.2  630.0  180.0
    26.4741      60.69       4.04     856.68      20.28    1342.13      12.05  102.6   50.2  630.0  180.0
    27.0124      61.02       7.98     752.62      37.75     608.56      11.05  102.6   50.2  630.0  180.0
    27.5509      70.21      14.99     751.72      72.47     385.88      13.80  102.6   50.2  630.0  180.0
    28.0893      57.20      21.71     614.58      93.87     254.48      12.96  102.6   50.2  630.0  180.0
    28.6278      48.25      27.36     518.51     108.96     185.21      11.89  102.6   50.2  630.0  180.0
    29.1663      -3.07      24.25     748.48     119.80     255.49      15.31  102.6   50.2  630.0  180.0
    18.5021      -7.77       4.58    1107.10      28.62    2109.19      24.47   45.0  -45.0  630.0  180.0
    19.0405      -5.36       9.75    1012.38      57.57     711.44      17.52   45.0  -45.0  630.0  180.0
    19.5790     -76.84      21.80     913.11     126.20     382.38      22.15   45.0  -45.0  630.0  180.0
    20.1175     -55.06       8.98     855.86      47.20     456.14       9.74   45.0  -45.0  630.0  180.0
    20.6559     -46.75       5.82     903.63      31.35     739.20      10.08   45.0  -45.0  630.0  180.0
    21.1944     -49.77       4.41     950.22      24.61    1435.74      15.08   45.0  -45.0  630.0  180.0
    21.7329     -39.56       4.72     890.50      25.29    1503.62      16.91   45.0  -45.0  630.0  180.0
    22.2714     -46.35       5.92     960.12      34.25    1471.38      21.87   45.0  -45.0  630.0  180.0
    22.8099     -48.45       6.58     917.94      36.93    1382.90      22.77   45.0  -45.0  630.0  180.0
    23.3483     -32.61       7.03     848.49      37.09    1269.18      21.84   45.0  -45.0  630.0  180.0
    23.8868     -20.62       7.55     916.22      42.28    1137.38      21.58   45.0  -45.0  630.0  180.0
    24.4253     -26.18       4.97     891.30      26.76    1319.09      15.70   45.0  -45.0  630.0  180.0
    24.9638     -29.09       3.70     840.32      18.56    1477.82      12.28   45.0  -45.0  630.0  180.0
    25.5024     -30.05       4.18     887.67      22.26    1562.68      15.38   45.0  -45.0  630.0  180.0
    26.0408     -20.88       3.70     864.50      18.98    1620.35      13.51   45.0  -45.0  630.0  180.0
    26.5793     -16.97       4.34     855.74      22.38    1422.01      14.29   45.0  -45.0  630.0  180.0
    27.1177     -11.70       8.25     860.61      43.83     730.55      14.66   45.0  -45.0  630.0  180.0
    27.6563     -19.00      14.16     789.85      71.68     405.07      13.93   45.0  -45.0  630.0  180.0
    28.1946     -28.01      18.83     692.11      88.39     285.26      12.94   45.0  -45.0  630.0  180.0
    28.7333     -28.55      25.35     683.58     120.53     228.50      14.46   45.0  -45.0  630.0  180.0
    29.2715     -52.85      29.81     774.27     152.98     209.60      15.88   45.0  -45.0  630.0  180.0
    18.5546     -63.80       4.43    1118.78      28.44    2153.17      24.87   89.8  -45.0  630.0  180.0
    19.0931     -83.98      11.53     970.56      67.70     567.94      16.89   89.8  -45.0  630.0  180.0
    19.6316    -110.25      26.46     825.13     146.82     281.70      19.38   89.8  -45.0  630.0  180.0
    20.1701     -99.77      11.62     776.70      61.83     296.42       8.59   89.8  -45.0  630.0  180.0
    20.7085    -105.92       6.84     899.12      37.15     539.73       8.77   89.8  -45.0  630.0  180.0
    21.2469     -94.96       5.94     953.70      34.08     921.90      13.61   89.8  -45.0  630.0  180.0
    21.7855     -58.35       4.60     881.60      24.56    1584.48      17.47   89.8  -45.0  630.0  180.0
    22.3241     -76.85       6.63     992.51      39.66    1315.98      22.54   89.8  -45.0  630.0  180.0
    22.8624     -69.83       7.10     885.26      39.03    1258.20      22.45   89.8  -45.0  630.0  180.0
    23.4009     -62.50       7.25     879.24      39.51    1237.88      22.39   89.8  -45.0  630.0  180.0
    23.9394     -57.47       7.98     988.47      47.63    1088.73      22.55   89.8  -45.0  630.0  180.0
    24.4778     -49.44       5.17     872.26      27.59    1224.55      15.22   89.8  -45.0  630.0  180.0
    25.0164     -41.76       3.64     865.29      18.52    1501.97      12.24   89.8  -45.0  630.0  180.0
    25.5548     -60.08       3.70     821.32      18.53    1524.43      12.74   89.8  -45.0  630.0  180.0
    26.0934     -54.67       3.44     858.22      17.60    1679.32      12.98   89.8  -45.0  630.0  180.0
    26.6319     -40.23       4.50     843.00      23.07    1268.24      13.13   89.8  -45.0  630.0  180.0
    27.1702     -49.77       8.36     806.27      42.80     681.95      13.75   89.8  -45.0  630.0  180.0
    27.7087     -49.23      15.26     758.00      76.11     385.23      14.51   89.8  -45.0  630.0  180.0
    28.2472     -51.77      18.17     669.92      85.27     300.04      13.27   89.8  -45.0  630.0  180.0
    28.7856     -71.53      26.78     583.60     117.48     206.35      13.44   89.8  -45.0  630.0  180.0
    29.3241     -39.05      26.05     738.00     131.40     232.53      15.44   89.8  -45.0  630.0  180.0
    18.6072     -83.93       5.22    1082.37      32.86    1714.63      23.23  134.8  -45.0  630.0  180.0
    18.6595     -89.49       5.62    1009.34      33.65    1387.75      19.85  134.8  -45.0  630.0  180.0
    18.7117     -87.96       6.66     984.92      39.30    1184.93      20.13  134.8  -45.0  630.0  180.0
    18.7639     -93.72       7.27    1087.68      46.73    1016.02      19.62  134.8  -45.0  630.0  180.0
    19.1457     -96.95      11.09     853.48      59.08     398.14      10.85  134.8  -45.0  630.0  180.0
    19.1979    -104.06      14.32     890.08      80.77     385.32      14.35  134.8  -45.0  630.0  180.0
    19.2501     -76.94      18.75     820.11      98.38     341.85      15.96  134.8  -45.0  630.0  180.0
    19.3024    -108.85      15.70     911.30      90.58     318.68      13.06  134.8  -45.0  630.0  180.0
    19.6842     -94.31      24.06     726.11     121.86     201.28      12.49  134.8  -45.0  630.0  180.0
    19.7364    -155.16      27.76     854.20     177.74     210.51      16.12  134.8  -45.0  630.0  180.0
    19.7887    -101.42      24.45     650.98     115.29     182.81      11.17  134.8  -45.0  630.0  180.0
    19.8410    -113.99      23.61     773.25     122.16     203.34      12.10  134.8  -45.0  630.0  180.0
    20.2226    -133.06       7.76     581.50      35.79     169.70       2.80  134.8  -45.0  630.0  180.0
    20.2749    -175.29       5.75     485.81      16.92     163.38       1.41  134.8  -45.0  630.0  180.0
    20.3271    -152.40       8.84    1122.10      70.39     208.41       5.13  134.8  -45.0  630.0  180.0
    20.3794     -90.32      10.34     836.64      58.39     181.19       4.78  134.8  -45.0  630.0  180.0
    20.7610     -84.16       7.53     998.87      44.19     397.48       7.29  134.8  -45.0  630.0  180.0
    20.8133    -102.39       8.49     906.55      46.87     436.33       9.06  134.8  -45.0  630.0  180.0
    20.8655     -96.95       8.02     890.60      43.80     465.71       9.01  134.8  -45.0  630.0  180.0
    20.9177     -93.90       7.16     941.49      40.45     513.46       8.80  134.8  -45.0  630.0  180.0
    21.2995     -57.51       6.95     869.99      36.98     788.60      13.21  134.8  -45.0  630.0  180.0
    21.3517     -67.54       6.64     872.20      35.46     822.87      13.15  134.8  -45.0  630.0  180.0
    21.4040     -67.47       6.24     867.17      33.20     869.41      12.97  134.8  -45.0  630.0  180.0
    21.4562     -64.38       6.11     913.07      33.73     966.54      14.40  134.8  -45.0  630.0  180.0
    21.8380     -29.35       4.36     919.12      23.84    1678.75      17.45  134.8  -45.0  630.0  180.0
    21.8902     -23.44       4.39     908.62      23.82    1792.08      18.87  134.8  -45.0  630.0  180.0
    21.9425     -24.55       4.21     876.55      22.14    1772.03      17.50  134.8  -45.0  630.0  180.0
    21.9948     -23.51       4.41     879.36      23.25    1752.83      18.33  134.8  -45.0  630.0  180.0
    22.3765     -70.58       6.84     970.60      40.14    1254.42      22.00  134.8  -45.0  630.0  180.0
    22.4287     -65.78       6.66     929.69      37.76    1223.57      20.43  134.8  -45.0  630.0  180.0
    22.4809     -72.14       6.77     950.30      39.19    1222.29      21.01  134.8  -45.0  630.0  180.0
    22.5332     -77.52       6.97     969.46      41.18    1207.28      21.69  134.8  -45.0  630.0  180.0
    22.9150     -55.53       8.65     958.98      50.55    1030.57      22.98  134.8  -45.0  630.0  180.0
    22.9672     -61.67       8.28     937.96      47.60    1063.31      22.57  134.8  -45.0  630.0  180.0
    23.0195     -61.45       8.00     924.39      45.48    1100.97      22.50  134.8  -45.0  630.0  180.0
    23.0719     -55.59       7.67     898.45      42.56    1150.32      22.19  134.8  -45.0  630.0  180.0
    23.4534     -35.92       6.61     868.28      35.48    1336.70      21.78  134.8  -45.0  630.0  180.0
    23.5056     -32.72       6.59     867.60      35.34    1338.45      21.68  134.8  -45.0  630.0  180.0
    23.5579     -28.13       6.55     880.34      35.42    1337.82      21.60  134.8  -45.0  630.0  180.0
    23.6101     -24.25       6.78     887.49      36.85    1301.83      21.87  134.8  -45.0  630.0  180.0
    23.9919     -44.22       7.25     804.69      36.78    1019.60      17.84  134.8  -45.0  630.0  180.0
    24.0441     -47.73       7.39     835.03      38.68    1029.89      18.68  134.8  -45.0  630.0  180.0
    24.0964     -55.60       7.55     870.71      40.84    1037.58      19.39  134.8  -45.0  630.0  180.0
    24.1487     -54.98       7.36     811.31      37.92     987.70      17.66  134.8  -45.0  630.0  180.0
    24.5304     -46.56       5.52     849.58      28.87    1081.48      14.13  134.8  -45.0  630.0  180.0
    24.5827     -46.26       4.83     827.55      24.55    1052.46      11.76  134.8  -45.0  630.0  180.0
    24.6349     -54.29       5.07     795.35      25.03    1062.44      12.48  134.8  -45.0  630.0  180.0
    24.6871     -59.50       4.88     809.35      24.53    1087.61      12.39  134.8  -45.0  630.0  180.0
    25.0689     -57.11       3.87     869.81      19.93    1319.85      11.59  134.8  -45.0  630.0  180.0
    25.1212     -54.46       3.54     849.60      17.90    1360.73      10.69  134.8  -45.0  630.0  180.0
    25.1734     -52.35       3.52     869.69      18.20    1402.54      11.02  134.8  -45.0  630.0  180.0
    25.2257     -51.25       3.37     878.43      17.39    1463.32      10.89  134.8  -45.0  630.0  180.0
    25.6074     -61.92       3.63     886.58      18.94    1395.68      11.41  134.8  -45.0  630.0  180.0
    25.6596     -64.92       3.62     863.10      18.56    1385.01      11.23  134.8  -45.0  630.0  180.0
    25.7119     -62.25       3.54     872.83      18.32    1425.40      11.34  134.8  -45.0  630.0  180.0
    25.7641     -55.81       3.61     861.63      18.52    1448.53      11.82  134.8  -45.0  630.0  180.0
    26.1459     -55.04       3.40     860.04      17.38    1621.35      12.35  134.8  -45.0  630.0  180.0
    26.1981     -49.67       3.43     866.16      17.60    1612.48      12.46  134.8  -45.0  630.0  180.0
    26.2504     -51.30       3.46     849.16      17.58    1581.36      12.34  134.8  -45.0  630.0  180.0
    26.3026     -46.35       3.52     861.00      18.10    1555.24      12.31  134.8  -45.0  630.0  180.0
    26.6844     -42.67       4.19     837.54      21.16    1241.21      11.78  134.8  -45.0  630.0  180.0
    26.7366     -41.51       4.51     834.66      23.03    1191.67      12.43  134.8  -45.0  630.0  180.0
    26.7889     -45.05       4.82     835.62      24.67    1131.65      12.70  134.8  -45.0  630.0  180.0
    26.8411     -51.91       5.10     822.90      26.00    1059.03      12.62  134.8  -45.0  630.0  180.0
    27.2228     -29.80       7.40     792.83      37.02     751.32      13.22  134.8  -45.0  630.0  180.0
    27.2751     -21.05       7.73     768.78      38.05     690.78      12.56  134.8  -45.0  630.0  180.0
    27.3273     -18.39       8.73     771.70      43.10     633.69      13.13  134.8  -45.0  630.0  180.0
    27.3796     -27.13       9.43     721.13      44.61     547.01      12.17  134.8  -45.0  630.0  180.0
    27.7612     -62.04      15.70     747.54      77.12     339.81      12.93  134.8  -45.0  630.0  180.0
    27.8134     -52.81      17.01     736.02      83.50     334.51      13.98  134.8  -45.0  630.0  180.0
    27.8657     -53.59      20.34     711.10      98.39     301.31      15.18  134.8  -45.0  630.0  180.0
    27.9179     -54.30      14.01     694.54      65.67     295.41       9.79  134.8  -45.0  630.0  180.0
    28.2997     -57.44      20.58     694.31      98.11     256.42      12.95  134.8  -45.0  630.0  180.0
    28.3521     -52.00      22.33     784.23     115.08     264.77      14.87  134.8  -45.0  630.0  180.0
    28.4042     -52.68      22.99     694.93     109.26     241.19      13.43  134.8  -45.0  630.0  180.0
    28.4564     -56.27      28.08     707.07     134.63     225.44      15.47  134.8  -45.0  630.0  180.0
    28.8382     -61.32      28.52     785.61     152.90     216.14      15.91  134.8  -45.0  630.0  180.0
    28.8904     -40.71      27.90     704.91     136.99     208.62      14.59  134.8  -45.0  630.0  180.0
    28.9427     -32.85      33.98     696.14     162.44     188.26      15.79  134.8  -45.0  630.0  180.0
    28.9949     -40.26      26.31     778.35     134.12     209.47      13.83  134.8  -45.0  630.0  180.0
    29.3767     -51.96      19.94     703.29      95.31     250.97      12.26  134.8  -45.0  630.0  180.0
    29.4290     -48.01      18.68     720.79      90.68     289.27      13.25  134.8  -45.0  630.0  180.0
    29.4812     -17.81      18.22     835.49      97.16     352.28      16.25  134.8  -45.0  630.0  180.0
    29.5335     -28.35      15.96     746.02      79.08     424.44      16.64  134.8  -45.0  630.0  180.0
    18.8827      52.84      12.77     942.59      70.51     518.91      16.11  147.5   39.9  630.0  180.0
    19.4212     -14.91      22.27     843.50     117.70     279.49      15.51  147.5   39.9  630.0  180.0
    19.9598      51.51       4.80     871.62      19.05     268.16       1.85  147.5   39.9  630.0  180.0
    20.4981      53.13       4.19     859.74      18.68     488.10       3.64  147.5   39.9  630.0  180.0
    21.0366      34.07       4.27     967.46      23.25    1178.34      11.27  147.5   39.9  630.0  180.0
    21.5751      46.14       4.44     928.30      23.85    1531.77      15.80  147.5   39.9  630.0  180.0
    22.1135      54.75       6.01     861.72      31.11    1273.50      18.02  147.5   39.9  630.0  180.0
    22.6520      38.35       6.24     990.72      36.02    1406.71      21.65  147.5   39.9  630.0  180.0
    23.1905      42.30       6.62     874.54      34.99    1346.75      21.46  147.5   39.9  630.0  180.0
    23.7289      52.50       8.72     878.69      46.41     970.83      20.59  147.5   39.9  630.0  180.0
    24.2675      52.02       7.22     866.21      37.84     962.96      16.55  147.5   39.9  630.0  180.0
    24.8060      55.83       4.56     830.35      22.67    1189.28      12.13  147.5   39.9  630.0  180.0
    25.3444      38.86       3.94     867.86      19.88    1335.30      11.68  147.5   39.9  630.0  180.0
    25.8830      39.42       3.96     847.60      19.81    1327.37      11.64  147.5   39.9  630.0  180.0
    26.4215      45.55       4.00     859.03      20.08    1260.54      11.11  147.5   39.9  630.0  180.0
    26.9599      48.81       7.91     768.86      38.26     627.72      11.53  147.5   39.9  630.0  180.0
    27.4983      52.92      13.42     751.02      64.53     377.29      11.89  147.5   39.9  630.0  180.0
    28.0368      55.87      19.90     639.86      87.75     244.81      11.44  147.5   39.9  630.0  180.0
    28.5755      36.54      25.90     613.49     112.73     176.58      10.73  147.5   39.9  630.0  180.0
    29.1137      -1.53      30.89     728.11     149.94     181.40      13.68  147.5   39.9  630.0  180.0
    29.6522      16.58       6.02     829.78      31.21    1678.70      24.55  147.5   39.9  630.0  180.0
