                 MRH
   10    6 2015
      18.25       NaN       NaN       NaN       NaN   1037.00     27.62    630.0   1800
      18.75     90.23      6.27       NaN       NaN   1044.91     53.22    630.0   1800
      19.25    118.77     16.31       NaN       NaN    970.56     67.70    630.0   1800
      19.75    155.92     37.42       NaN       NaN    799.61     93.32    630.0   1800
      20.25    141.10     16.43       NaN       NaN    822.20     35.59    630.0   1800
      20.75    149.80      9.68       NaN       NaN   1040.78     26.47    630.0   1800
      21.25    134.30      8.40       NaN       NaN    996.26     24.47    630.0   1800
      21.75     82.52      6.50       NaN       NaN    908.23     18.04    630.0   1800
      22.25    108.68      9.38       NaN       NaN    906.27     27.94    630.0   1800
      22.75     98.75     10.04       NaN       NaN    938.24     29.29    630.0   1800
      23.25     88.39     10.25       NaN       NaN    867.55     27.92    630.0   1800
      23.75     81.28     11.29       NaN       NaN    969.96     39.73    630.0   1800
      24.25     69.91      7.32       NaN       NaN    872.66     25.32    630.0   1800
      24.75       NaN       NaN       NaN       NaN    861.10     24.32    630.0   1800
      25.25     59.05      5.14       NaN       NaN    873.44     13.97    630.0   1800
      25.75     84.96      5.23       NaN       NaN    850.49     13.56    630.0   1800
      26.25     77.32      4.86       NaN       NaN    858.22     17.60    630.0   1800
      26.75     56.89      6.36       NaN       NaN    861.41     17.09    630.0   1800
      27.25     70.39     11.82       NaN       NaN    817.06     31.95    630.0   1800
      27.75     69.62     21.58       NaN       NaN    719.73     54.56    630.0   1800
      28.25     73.21     25.69       NaN       NaN    685.60     65.69    630.0   1800
      28.75    101.16     37.87       NaN       NaN    556.46     85.70    630.0   1800
      29.25     55.23     36.84       NaN       NaN    696.03    101.21    630.0   1800
