  Image    fringe1  fringe2  fringe3  fringe4  fringe5  fringe6  fringe7
-----------------------------------------------------------------------------
    1     0.715199 0.714784 0.713744 0.707662 0.704996 0.701558 0.698208
    2     0.714533 0.713994 0.709616 0.703857 0.701171 0.701553 0.693906
    3     0.725368 0.723388 0.721415 0.716944 0.712449 0.710397 0.706361
    4     0.723691 0.721968 0.721090 0.714772 0.712559 0.709045 0.705459
    5     0.733666 0.730997 0.730369 0.723527 0.720371 0.717640 0.715565
    6     0.736702 0.733570 0.731052 0.727449 0.725478 0.720762 0.721014
    7     0.737284 0.734563 0.734518 0.729217 0.725130 0.722000 0.719401
    8     0.737667 0.733818 0.733110 0.727785 0.724828 0.722045 0.721784
    9     0.740336 0.736105 0.734364 0.726894 0.725714 0.723502 0.720754
   10     0.713480 0.710963 0.711260 0.704450 0.704580 0.698405 0.697490
   11     0.713629 0.713378 0.711439 0.705663 0.698916 0.701219 0.702923
   12     0.713664 0.717872 0.711359 0.702229 0.707015 0.700782 0.704977
   13     0.728360 0.722514 0.726287 0.723441 0.707689 0.714465 0.708879
   14     0.723515 0.721586 0.720988 0.713851 0.713185 0.711575 0.710032
   15     0.730260 0.732081 0.740507 0.730818 0.723922 0.721920 0.723929
   16     0.736898 0.734579 0.734167 0.730147 0.736609 0.724818 0.721894
   17     0.741273 0.743547 0.738053 0.726576 0.730862 0.725305 0.721411
   18     0.729981 0.732177 0.741143 0.723404 0.724994 0.721587 0.728089
   19     0.742396 0.737419 0.739538 0.733307 0.726137 0.720575 0.737497
   20     0.721528 0.716334 0.717816 0.711721 0.709361 0.703047 0.703632
   21     0.711203 0.716830 0.737667 0.718316 0.722808 0.709905 0.723680
   22     0.715395 0.715171 0.721137 0.713342 0.705572 0.715514 0.732886
   23     0.732104 0.728241 0.737371 0.733806 0.715335 0.719639 0.713804
   24     0.723727 0.732520 0.740043 0.723710 0.732610 0.719948 0.739850
   25     0.724904 0.729334 0.749329 0.745990 0.727239 0.726956 0.738058
   26     0.728392 0.733297 0.742944 0.737465 0.728579 0.728030 0.728568
   27     0.748928 0.735429 0.758545 0.744159 0.735412 0.733278 0.758617
   28     0.729900 0.738346 0.755861 0.721015 0.725187 0.735089 0.733898
   29     0.737191 0.739904 0.750799 0.732928 0.731452 0.728217 0.753770
   30     0.727591 0.726935 0.736303 0.719811 0.728781 0.716022 0.736874
   31     0.711482 0.715524 0.714908 0.702427 0.697151 0.700154 0.696911
   32     0.714597 0.722550********* 0.175114 0.703579 0.709028 0.703257
   33     0.748439 0.732927 0.963119 0.823947********* 0.176801 0.741955
   34     0.729986 0.726862 0.735336 0.724136 0.723096 0.722784 0.723207
   35     0.738861 0.734753 0.736174 0.733381 0.729004 0.729421 0.735261
   36     0.748651 0.745814 0.738923 0.739615 0.736297 0.736387 0.719324
   37     0.749042 0.742334 0.740101 0.739695 0.737738 0.702173 0.738064
   38     0.748649 0.744357 0.755900 0.733355 0.728513 0.732163 0.727531
   39     0.730158 0.734982 0.740089 0.734141 0.721416 0.726646 0.730289
   40     0.722874 0.719522 0.724028 0.714957 0.712127 0.706581 0.706018
   41     0.713873 0.719364 0.711127 0.707509 0.706484 0.700748 0.698631
   42     0.720942 0.711219 0.717449 0.708181 0.699223 0.699713 0.699765
   43     0.726001 0.727892 0.726777 0.721194 0.715164 0.711360 0.718837
   44     0.735189 0.732293 0.732168 0.725146 0.724177 0.715056 0.715815
   45     0.743831 0.743645 0.737487 0.730836 0.732116 0.731194 0.727955
   46     0.745424 0.740988 0.741034 0.721666 0.721382 0.727472 0.720701
   47     0.739213 0.741482 0.737894 0.735128 0.732840 0.728244 0.730177
   48     0.740730 0.740989 0.740662 0.737170 0.730545 0.722104 0.724390
   49     0.743365 0.736699 0.739056 0.729572 0.730424 0.726987 0.731498
   50     0.731051 0.727111 0.725223 0.719848 0.717443 0.715247 0.711414
   51     0.723603 0.721840 0.716890 0.713930 0.710559 0.704326 0.703117
   52     0.716150 0.713814 0.711003 0.709015 0.704172 0.701609 0.697105
   53     0.728466 0.725905 0.724653 0.721016 0.717129 0.715850 0.711547
   54     0.735334 0.731869 0.731100 0.727175 0.725962 0.721126 0.718144
   55     0.742717 0.741514 0.738730 0.735596 0.730500 0.729174 0.722372
   56     0.734696 0.735607 0.733521 0.728510 0.724966 0.722610 0.720087
   57     0.739116 0.737082 0.734174 0.731843 0.725171 0.722986 0.721656
   58     0.741518 0.734776 0.737363 0.729564 0.726886 0.722228 0.719451
   59     0.736896 0.736364 0.734786 0.728474 0.725766 0.723187 0.725207
   60     0.729337 0.727246 0.725976 0.720345 0.716259 0.714121 0.709123
   61     0.720865 0.720471 0.717344 0.712631 0.709629 0.704855 0.701187
   62     0.715925 0.713145 0.710798 0.706447 0.703634 0.700154 0.698568
   63     0.728162 0.724176 0.721805 0.718245 0.715661 0.710027 0.708885
   64     0.734681 0.734372 0.731286 0.725579 0.723493 0.718408 0.717150
   65     0.739568 0.736046 0.733998 0.728597 0.726803 0.721277 0.720195
   66     0.734293 0.730583 0.729128 0.724163 0.721524 0.718776 0.716508
   67     0.732893 0.731650 0.728724 0.723068 0.720573 0.717630 0.714644
   68     0.734459 0.731213 0.729136 0.724895 0.719387 0.716802 0.713934
   69     0.733210 0.730632 0.727831 0.724655 0.720355 0.717243 0.716113
   70     0.728556 0.727304 0.725353 0.720183 0.716261 0.711693 0.709245
   71     0.721647 0.719240 0.715917 0.712126 0.707704 0.704774 0.702081
   72     0.716557 0.714143 0.710054 0.706347 0.701559 0.698974 0.698365
   73     0.729983 0.726413 0.723623 0.717245 0.713116 0.709583 0.708828
   74     0.737365 0.733878 0.732183 0.728809 0.725849 0.720652 0.719917
   75     0.740431 0.741324 0.737552 0.732459 0.731140 0.726549 0.724214
   76     0.741966 0.738555 0.736143 0.731827 0.730312 0.725518 0.722460
   77     0.740886 0.738095 0.735480 0.729537 0.730153 0.723935 0.724642
   78     0.742141 0.740542 0.737747 0.731401 0.727589 0.724955 0.726033
   79     0.743325 0.741405 0.739478 0.731843 0.729442 0.725356 0.725635
   80     0.730634 0.726986 0.726112 0.720711 0.718456 0.715001 0.713851
   81     0.723407 0.722160 0.717902 0.716709 0.712549 0.708329 0.708251
   82     0.717543 0.716283 0.713689 0.708376 0.706332 0.701617 0.700414
   83     0.731631 0.728762 0.724944 0.719370 0.716420 0.714026 0.713858
   84     0.737453 0.738460 0.734106 0.729788 0.725378 0.722869 0.718908
   85     0.742843 0.737825 0.738269 0.733153 0.730183 0.725557 0.724254
   86     0.738221 0.736943 0.736032 0.730854 0.728222 0.722785 0.724750
   87     0.741087 0.738174 0.736748 0.730719 0.729039 0.725604 0.722895
   88     0.740900 0.738649 0.735227 0.733010 0.728000 0.726023 0.722906
   89     0.738805 0.737832 0.734731 0.731640 0.730398 0.723474 0.722149
   90     0.730175 0.728182 0.726998 0.721379 0.719525 0.716277 0.714274
   91     0.724945 0.721767 0.719783 0.717107 0.711812 0.708287 0.706320
   92     0.720910 0.715733 0.715178 0.710311 0.707674 0.704200 0.700900
   93     0.730185 0.726403 0.725942 0.721025 0.717370 0.713864 0.712776
   94     0.735340 0.734395 0.734204 0.728350 0.723221 0.719811 0.719870
   95     0.739726 0.739983 0.735825 0.733126 0.730145 0.727376 0.723428
   96     0.737868 0.734112 0.733583 0.728251 0.724233 0.722146 0.719353
   97     0.737156 0.734761 0.733594 0.727704 0.724202 0.720331 0.718524
   98     0.735177 0.732049 0.733330 0.727179 0.724139 0.720487 0.719417
   99     0.734439 0.734262 0.730046 0.727993 0.723508 0.719124 0.718756
  100     0.733382 0.730088 0.725915 0.723226 0.716413 0.715219 0.715780
  101     0.724332 0.720512 0.719076 0.715207 0.709948 0.707976 0.705938
  102     0.719093 0.717019 0.714280 0.710815 0.708519 0.701868 0.702602
  103     0.729917 0.729819 0.727197 0.719968 0.719457 0.715163 0.718355
  104     0.735644 0.732300 0.731358 0.725305 0.722258 0.721000 0.718453
  105     0.743628 0.737694 0.735137 0.731945 0.729148 0.727884 0.722034
  106     0.739321 0.736733 0.735153 0.730111 0.727479 0.724603 0.719440
  107     0.742317 0.737891 0.735792 0.728631 0.727010 0.722428 0.723523
  108     0.739856 0.739222 0.736817 0.731419 0.726927 0.727495 0.726382
  109     0.739007 0.739793 0.737285 0.731682 0.728323 0.726746 0.724425
  110     0.731386 0.731283 0.728670 0.723337 0.719691 0.715705 0.716367
  111     0.725814 0.722183 0.717832 0.716527 0.711279 0.706895 0.707131
  112     0.726430 0.724297 0.718103 0.714599 0.713237 0.711750 0.708120
  113     0.732916 0.735520 0.732999 0.727067 0.722050 0.715961 0.716727
  114     0.738379 0.735084 0.731579 0.727395 0.723042 0.721401 0.719368
  115     0.741412 0.737918 0.735923 0.730509 0.729345 0.723648 0.724210
  116     0.739887 0.740355 0.734132 0.731460 0.727281 0.723201 0.723032
  117     0.738755 0.739201 0.735817 0.730793 0.726946 0.724326 0.723341
  118     0.742057 0.738586 0.737321 0.730071 0.731132 0.726414 0.723787
  119     0.743904 0.741151 0.735820 0.734865 0.727984 0.726270 0.724396
  120     0.731034 0.728690 0.728374 0.722938 0.719806 0.715522 0.713795
  121     0.725680 0.720098 0.719755 0.714934 0.709902 0.707025 0.707086
  122     0.722270 0.718919 0.715968 0.713768 0.709465 0.708238 0.704393
  123     0.731874 0.729377 0.725936 0.722561 0.721225 0.714612 0.712768
  124     0.738714 0.735026 0.731436 0.727965 0.724115 0.721308 0.720089
  125     0.738844 0.737209 0.733196 0.729071 0.728328 0.722787 0.722426
  126     0.741424 0.740052 0.737060 0.731985 0.727289 0.725805 0.725366
  127     0.742396 0.738717 0.735490 0.733922 0.726159 0.725552 0.723819
  128     0.740990 0.738904 0.737342 0.730838 0.728555 0.724776 0.721284
  129     0.741399 0.737597 0.734341 0.731287 0.729249 0.724420 0.723271
  130     0.733175 0.729797 0.728603 0.722836 0.720029 0.716960 0.713002
  131     0.726407 0.722519 0.720905 0.717603 0.713087 0.710393 0.708702
  132     0.722336 0.720419 0.717451 0.712492 0.708682 0.707469 0.704309
  133     0.731947 0.730781 0.727809 0.723796 0.720560 0.717352 0.714460
  134     0.736577 0.735583 0.733334 0.727631 0.722723 0.721373 0.719772
  135     0.742033 0.740238 0.737809 0.733172 0.729690 0.724715 0.723009
  136     0.741470 0.739179 0.736842 0.733152 0.729966 0.726189 0.725994
  137     0.744301 0.739883 0.736716 0.733971 0.730247 0.725602 0.725170
  138     0.742456 0.740174 0.738451 0.732456 0.730989 0.724976 0.723123
  139     0.742804 0.739187 0.736462 0.731188 0.728739 0.724383 0.722662
  140     0.731931 0.729734 0.727840 0.723836 0.720102 0.716429 0.716198
  141     0.725917 0.722875 0.721561 0.716445 0.713894 0.712038 0.707342
  142     0.721951 0.719654 0.718331 0.713364 0.709965 0.706597 0.704402
  143     0.732463 0.729310 0.727644 0.724204 0.721889 0.716060 0.714180
  144     0.736228 0.733877 0.732250 0.728219 0.722158 0.719603 0.715237
  145     0.741102 0.738660 0.738034 0.733285 0.728219 0.723928 0.722498
  146     0.741999 0.740059 0.735913 0.731310 0.728155 0.726069 0.723685
  147     0.739959 0.737951 0.737550 0.732178 0.727619 0.724821 0.721019
  148     0.740965 0.737816 0.736596 0.731246 0.729126 0.724068 0.723516
  149     0.740586 0.738173 0.735674 0.731091 0.726970 0.723443 0.722203
  150     0.731880 0.728897 0.729003 0.722655 0.720152 0.715839 0.714943
  151     0.725752 0.723566 0.720941 0.717091 0.711909 0.708599 0.708228
  152     0.722367 0.720899 0.719007 0.714637 0.710851 0.707731 0.703463
  153     0.733691 0.730020 0.726713 0.723044 0.721039 0.713525 0.714834
  154     0.733524 0.734052 0.731763 0.728137 0.722804 0.720115 0.716894
  155     0.740173 0.735364 0.734618 0.729590 0.726461 0.725857 0.721330
  156     0.740375 0.736005 0.735267 0.730744 0.728013 0.723401 0.721863
  157     0.740592 0.737194 0.736746 0.728853 0.727291 0.722452 0.722053
  158     0.741381 0.736191 0.735284 0.731085 0.729322 0.724426 0.722049
  159     0.740657 0.739712 0.737665 0.732667 0.729109 0.723821 0.724339
  160     0.727971 0.727230 0.725655 0.719027 0.716911 0.711389 0.710799
  161     0.725896 0.721567 0.720682 0.716732 0.711237 0.712045 0.707874
  162     0.723357 0.717967 0.719228 0.713251 0.709749 0.708616 0.711976
  163     0.732015 0.731961 0.727906 0.719405 0.721424 0.715258 0.719409
  164     0.735389 0.730891 0.731563 0.726921 0.722572 0.716329 0.721851
  165     0.741785 0.739840 0.736048 0.733823 0.729038 0.723827 0.723170
  166     0.736256 0.735094 0.734101 0.728199 0.726366 0.724126 0.724205
  167     0.737733 0.732618 0.732450 0.729731 0.725677 0.716680 0.723269
  168     0.734556 0.734560 0.730902 0.727204 0.726302 0.719834 0.721763
  169     0.738827 0.732350 0.736320 0.728957 0.725787 0.720202 0.723370
  170     0.724342 0.720545 0.723171 0.722183 0.716716 0.705620 0.710218
  171     0.723874 0.724416 0.722739 0.716163 0.712934 0.707803 0.709377
  172     0.721635 0.718979 0.715447 0.710951 0.710825 0.709829 0.714148
  173     0.733003 0.726991 0.736775 0.722564 0.722389 0.716494 0.718670
  174     0.731115 0.731352 0.734809 0.727427 0.729182 0.724699 0.725861
  175     0.743931 0.744113 0.735318 0.734434 0.725095 0.724515 0.727612
  176     0.744659 0.740460 0.737189 0.732407 0.733195 0.729512 0.737623
  177     0.740170 0.737284 0.744032 0.732297 0.731830 0.725870 0.732662
  178     0.740869 0.737465 0.740449 0.737350 0.732303 0.721639 0.738650
  179     0.744091 0.743244 0.737149 0.732245 0.731967 0.724874 0.732931
  180     0.729290 0.726009 0.723801 0.722218 0.717874 0.719513 0.719704
  181     0.721973 0.728380 0.718816 0.717915 0.715157 0.714930 0.707075
  182     0.727402 0.716814 0.735326 0.710065 0.711391 0.707296 0.715040
  183     0.730329 0.722868 0.721726 0.728772 0.721641 0.710710 0.728842
  184     0.737981 0.739237 0.736918 0.727549 0.723898 0.730586 0.724859
  185     0.741373 0.740519 0.740852 0.737638 0.729775 0.724338 0.733133
  186     0.744525 0.745416 0.740333 0.731874 0.736375 0.725351 0.730784
  187     0.751645 0.734669 0.738193 0.736825 0.728478 0.720451 0.737109
  188     0.751162 0.734673 0.737605 0.725056 0.735902 0.729284 0.740784
  189     0.743937 0.739624 0.737284 0.739407 0.734797 0.731562 0.727515
  190     0.731789 0.726751 0.729516 0.722017 0.724433 0.715934 0.730159
  191     0.729851 0.711828 0.721528 0.729799 0.723472 0.725332 0.714575
  192     0.723033 0.725520 0.725351 0.714155 0.705831 0.720091 0.733729
  193     0.741650 0.728963 0.716863 0.725133 0.715256 0.714339 0.742077
  194     0.737431 0.732657 0.741525 0.730487 0.725089 0.725757 0.733786
  195     0.742136 0.747812 0.749933 0.733478 0.728075 0.730747 0.743626
  196     0.737938 0.741154 0.740465 0.740590 0.728763 0.734291 0.743735
  197     0.728222 0.735344 0.746864 0.736247 0.731626 0.723243 0.742665
  198     0.744592 0.729362 0.749987 0.729560 0.725006 0.722357 0.732263
  199     0.734944 0.745291 0.740429 0.736806 0.729518 0.716077 0.738033
  200     0.736271 0.735327 0.736453 0.723687 0.733046 0.714720 0.733641
  201     0.732613 0.737647 0.734283 0.716728 0.726958 0.725854 0.726858
  202     0.730098 0.735928 0.735992 0.730773 0.725007 0.718218 0.726456
  203     0.728294 0.738634 0.738715 0.730986 0.718427 0.716612 0.746803
  204     0.744933 0.733824 0.747937 0.725929 0.729699 0.732807 0.740803
  205     0.736920 0.738752 0.740051 0.727356 0.733585 0.731905 0.732535
  206     0.750847 0.739976 0.739762 0.732115 0.731632 0.725702 0.732026
  207     0.744372 0.736255 0.741971 0.732733 0.728825 0.728952 0.740948
  208     0.731938 0.739996 0.739955 0.726779 0.726926 0.723995 0.727148
  209     0.741007 0.734099 0.735011 0.731770 0.730561 0.728948 0.726669
  210     0.733242 0.732714 0.736611 0.729218 0.721027 0.723220 0.720505
  211     0.731707 0.733304 0.730099 0.724299 0.721255 0.717849 0.718828
