   1.467  -0.144  18.867
   1.489  -0.142  19.400
   1.474  -0.138  19.950
   1.462  -0.131  20.483
   1.475  -0.120  21.017
   1.470  -0.138  21.567
   1.460  -0.121  22.100
   1.434  -0.115  22.633
   1.415  -0.122  23.167
   1.384  -0.147  23.717
   1.402  -0.091  24.250
   1.392  -0.101  24.783
   1.414  -0.104  25.333
   1.396  -0.137  25.867
   1.398  -0.099  26.400
   1.419  -0.096  26.950
   1.393  -0.119  27.483
   1.388  -0.102  28.017
   1.378  -0.125  28.550
   1.392  -0.112  29.100
   1.429  -0.079  29.633
   1.414  -0.090  29.800
   1.425  -0.117
