MRH 20150625
    23.44    69.96   116.44   162.93   209.40   255.91   302.39
    46.51    46.48    46.49    46.47    46.51    46.48    46.48
     0.84046847     0.56727064     0.36654642     0.22137825     0.12476841     0.06249401     0.02616671     0.00550645    -0.00344527    -0.00634936    -0.00606277    -0.00484732    -0.00326611    -0.00198179    -0.00114817    -0.00077360     0.00032822     0.00016688
    -0.02325434    -0.02805857    -0.03587177    -0.04137662    -0.04236718    -0.03972933    -0.03576612    -0.02830281    -0.01987477    -0.01338403    -0.00813917    -0.00501836    -0.00240911    -0.00050513     0.00099191     0.00120804     0.00041507     0.00057188
     1.00000000     0.67546761     0.43801847     0.26785973     0.15674157     0.08810984     0.05294784     0.03457828     0.02418289     0.01783455     0.01242014     0.00876214     0.00578349     0.00395615     0.00411064     0.00339757     0.00311152     0.00392696
     0.83122689     0.54284942     0.33238587     0.18901028     0.09984902     0.04839999     0.02265134     0.00902366     0.00315721     0.00114580    -0.00097796    -0.00099171    -0.00007352     0.00030317     0.00104213     0.00092305    -0.00050522    -0.00017247
     0.04225431     0.04498333     0.03192870     0.01004084    -0.00560313    -0.01743033    -0.01931199    -0.01650986    -0.01379836    -0.00939897    -0.00523900    -0.00308289    -0.00225698    -0.00097553     0.00032004    -0.00030554     0.00015981    -0.00022891
     1.00000000     0.65439969     0.40115902     0.22744997     0.12020959     0.06196880     0.03600737     0.02295985     0.01728315     0.01191571     0.00690956     0.00564939     0.00452297     0.00409483     0.00342372     0.00365645     0.00300556     0.00392056
     0.82650685     0.51374447     0.29753608     0.15598205     0.06946383     0.02538409     0.00773860     0.00340269    -0.00218756    -0.00331924    -0.00078120    -0.00050211    -0.00234288    -0.00094222     0.00224586     0.00031714    -0.00072892    -0.00018034
     0.05609966     0.05677695     0.03502734     0.01199516    -0.00351274    -0.01454868    -0.01750297    -0.01233699    -0.00683390    -0.00549188    -0.00265976     0.00105847     0.00011466    -0.00200311    -0.00079374     0.00189889    -0.00147921    -0.00230514
     1.00000000     0.62727535     0.36853957     0.19505787     0.08797315     0.04065306     0.02550153     0.02000222     0.01504282     0.00941097     0.00731887     0.00719365     0.00633393     0.00587613     0.00679120     0.00749647     0.00812737     0.00811207
     0.82296026     0.50559342     0.27797884     0.13404793     0.05090268     0.01385655    -0.00248506    -0.00589822    -0.00523341    -0.00355526    -0.00347251    -0.00303318    -0.00123482    -0.00106341    -0.00099074    -0.00103591    -0.00076391    -0.00001527
     0.03702445     0.03412243     0.01690193    -0.00176364    -0.01111766    -0.01485871    -0.01266064    -0.00903372    -0.00545044    -0.00229355    -0.00029724     0.00154595     0.00141563     0.00018186     0.00010878     0.00045144     0.00086295     0.00102879
     1.00000000     0.61512512     0.33806854     0.16276376     0.06332297     0.02505126     0.01633115     0.01354702     0.00962686     0.00578910     0.00540310     0.00540022     0.00403341     0.00340198     0.00368771     0.00373544     0.00306552     0.00293703
     0.81462681     0.48033327     0.24597085     0.10551926     0.03312767     0.00228785    -0.00509625    -0.00537309    -0.00420213    -0.00391004    -0.00155810    -0.00031330     0.00004583     0.00078780     0.00102335     0.00043516     0.00105324    -0.00004036
     0.06819376     0.06969084     0.04442106     0.01452299    -0.00316532    -0.01055282    -0.01062182    -0.00704755    -0.00488555    -0.00178538    -0.00104940     0.00050879     0.00033417    -0.00038390    -0.00013029     0.00033468     0.00046760     0.00023335
     1.00000000     0.59597939     0.30897942     0.13278234     0.04208820     0.01429926     0.01551869     0.01230310     0.00886696     0.00593704     0.00422576     0.00280392     0.00289529     0.00392046     0.00351964     0.00400288     0.00487822     0.00329778
     0.81215233     0.46231529     0.22376052     0.08468014     0.01585508    -0.01000464    -0.01483075    -0.01114915    -0.00376975     0.00080270     0.00199651     0.00212580     0.00299054     0.00207878     0.00124623    -0.00124594    -0.00191793    -0.00181696
     0.03175443     0.02607868     0.00861300    -0.00250331    -0.00682440    -0.00597099    -0.00432065    -0.00180388    -0.00107347     0.00372224     0.00291693     0.00165880    -0.00213600    -0.00493500    -0.00405423    -0.00382945    -0.00477648    -0.00429572
     1.00000000     0.56967825     0.27564082     0.10483699     0.02198024     0.01574001     0.01946649     0.01482971     0.00802864     0.00672006     0.00632892     0.00688125     0.00677056     0.00845634     0.00858882     0.00826823     0.00831770     0.00752352
     0.81246996     0.44734910     0.19836362     0.06262320     0.00129874    -0.01358099    -0.01051146    -0.00444505     0.00005627     0.00193577     0.00068635    -0.00071891    -0.00085862    -0.00266276    -0.00258584    -0.00122971     0.00033532    -0.00093270
     0.05171026     0.04535593     0.02562034     0.00666687    -0.00406407    -0.00666986    -0.00689226    -0.00269055    -0.00249250    -0.00018176    -0.00022759     0.00180525     0.00032327     0.00001415    -0.00089644    -0.00157721    -0.00195638    -0.00196933
     1.00000000     0.55483192     0.24861431     0.07903005     0.00840856     0.02006107     0.01728353     0.00786934     0.00565750     0.00503400     0.00482277     0.00508497     0.00547579     0.00792203     0.00912174     0.00846530     0.00724290     0.00876580
   1.425  -0.117  400    2    0    0    0  0.000 18.000
