                 MRH
   25    6 2015
      18.75     18.17      6.64       NaN       NaN    874.13     29.40    630.0   1800
      19.25     37.80     24.09       NaN       NaN    585.50   1435.94    630.0   1800
      19.75     47.14     95.06       NaN       NaN    287.62    366.39    630.0   1800
      20.25   -182.64    299.46       NaN       NaN    959.49   1925.71    630.0   1800
      20.75    363.27    135.33       NaN       NaN    445.76    690.35    630.0   1800
      21.25    162.27     65.30       NaN       NaN   1348.00   1798.00    630.0   1800
      22.25     16.11     87.93       NaN       NaN    468.39    660.09    630.0   1800
      22.75    -24.96     50.02       NaN       NaN    650.56    223.96    630.0   1800
      23.25     59.54    104.81       NaN       NaN    714.56    277.02    630.0   1800
      23.75     -0.31     20.21       NaN       NaN    673.34     84.21    630.0   1800
      24.25       NaN       NaN       NaN       NaN    395.09     44.96    630.0   1800
      24.75      0.90     49.96       NaN       NaN    873.30    128.87    630.0   1800
      25.25    -53.63     20.19       NaN       NaN    737.98     68.83    630.0   1800
      25.75    -36.01     10.22       NaN       NaN    726.23     62.74    630.0   1800
      26.25    -32.47     29.84       NaN       NaN    746.89     67.28    630.0   1800
      26.75    -41.20     33.07       NaN       NaN    823.46     70.24    630.0   1800
      27.25    -62.50     13.59       NaN       NaN    712.81     30.18    630.0   1800
      27.75    -61.87     12.80       NaN       NaN    669.55     32.69    630.0   1800
      28.25    -33.63     22.13       NaN       NaN    667.50     47.66    630.0   1800
      28.75      4.40     22.75       NaN       NaN    636.50     45.48    630.0   1800
      29.25     13.36     26.91       NaN       NaN    660.03     68.94    630.0   1800
