                 MRH
   25    6 2015
    18.5076       4.08      10.06     852.59      52.33     827.76      19.99  102.5    0.0  630.0  180.0
    19.0459        NaN        NaN     756.79    2871.18     145.91      28.29  102.5    0.0  630.0  180.0
    19.5841        NaN        NaN     163.60     687.41     114.40      53.54  102.5    0.0  630.0  180.0
    20.1224        NaN        NaN     959.49    1925.71      57.73      15.97  102.5    0.0  630.0  180.0
    20.6608    -283.45    2049.39     735.52    1198.22      20.91      11.09  102.5    0.0  630.0  180.0
    21.1991        NaN        NaN        NaN        NaN      22.55       8.48  102.5    0.0  630.0  180.0
    22.2755       7.97     117.86     316.78     353.38      31.77       7.60  102.5    0.0  630.0  180.0
    22.8139     -50.70      59.60     692.05     398.31      50.41       9.00  102.5    0.0  630.0  180.0
    23.3521      -8.55      76.89     851.22     435.86      77.37      15.55  102.5    0.0  630.0  180.0
    23.8902       2.21      31.25     591.64     141.54     108.28       8.30  102.5    0.0  630.0  180.0
    24.4286      12.25      12.80     395.09      44.96     160.34       4.42  102.5    0.0  630.0  180.0
    24.9668      17.59      22.45     812.33     119.73     245.01      14.22  102.5    0.0  630.0  180.0
    25.5050      10.00      21.83     882.25     122.18     256.52      14.67  102.5    0.0  630.0  180.0
    26.0433      15.42      16.93     758.24      84.54     233.88       9.53  102.5    0.0  630.0  180.0
    26.5814      28.72      12.84     843.10      67.85     298.25       9.33  102.5    0.0  630.0  180.0
    27.1196      54.67       8.83     708.21      40.10     309.53       6.06  102.5    0.0  630.0  180.0
    27.6578      39.28      10.87     666.97      51.25     310.77       8.62  102.5    0.0  630.0  180.0
    28.1962      28.20      13.90     676.23      63.82     293.23       9.53  102.5    0.0  630.0  180.0
    28.7344      21.77      12.51     642.76      55.73     274.74       7.88  102.5    0.0  630.0  180.0
    29.2728      -8.89      23.01     675.28     107.65     177.42       9.74  102.5    0.0  630.0  180.0
    18.4021      27.89       4.83    1003.58      27.27    1427.38      16.08   12.8  -50.2  630.0  180.0
    18.8876      39.57      14.90     721.14      71.66     285.89      10.56   12.8  -50.2  630.0  180.0
    19.4258      59.65       9.18     395.45      34.40     138.98       3.26   12.8  -50.2  630.0  180.0
    19.9643     -18.80      40.91     304.93     135.24      71.65       7.03   12.8  -50.2  630.0  180.0
    20.5025     -36.49      35.81     279.45     183.91      38.19       4.30   12.8  -50.2  630.0  180.0
    21.0407      42.73      63.74     228.67     498.07      31.10       8.60   12.8  -50.2  630.0  180.0
    21.5791     -48.06      93.57     352.19     312.07      45.41      10.12   12.8  -50.2  630.0  180.0
    22.1173    -175.68      35.54     367.55     449.18      32.23       5.35   12.8  -50.2  630.0  180.0
    22.6556     -70.17     104.66     635.52     472.43      53.69      13.68   12.8  -50.2  630.0  180.0
    23.1938     -30.61      69.77     387.78     361.11      38.39       7.81   12.8  -50.2  630.0  180.0
    23.7320     -70.78      88.75     519.04     439.65      59.15      14.24   12.8  -50.2  630.0  180.0
    24.2703     -22.43      49.50     736.63     256.76      96.24      12.49   12.8  -50.2  630.0  180.0
    24.8086      16.08      30.01     867.61     166.00     194.92      15.26   12.8  -50.2  630.0  180.0
    25.3468      17.86      25.43     822.43     139.11     229.77      15.16   12.8  -50.2  630.0  180.0
    25.8850      26.41      15.73     878.39      85.48     231.89       8.97   12.8  -50.2  630.0  180.0
    26.4232      20.26      25.92     914.64     152.22     225.64      15.63   12.8  -50.2  630.0  180.0
    26.9615      33.44      17.81     720.13      87.74     238.35      10.67   12.8  -50.2  630.0  180.0
    27.4996      37.75      15.14     833.35      79.48     265.92       9.74   12.8  -50.2  630.0  180.0
    28.0379      40.43      13.75     667.07      62.37     297.82       9.57   12.8  -50.2  630.0  180.0
    28.5762      25.72      15.42     673.69      73.14     316.36      12.05   12.8  -50.2  630.0  180.0
    29.1145       7.00      14.27     633.59      66.09     248.62       9.01   12.8  -50.2  630.0  180.0
    29.6527      -2.11      16.65     694.67      78.37     410.50      16.36   12.8  -50.2  630.0  180.0
    18.4550       9.47       3.37     757.66      14.06     761.32       4.52  102.5   50.2  630.0  180.0
    18.9933      58.48      32.76     564.34     135.04     129.36      10.01  102.5   50.2  630.0  180.0
    19.5315    -104.33      16.17     499.00     100.99      70.97       2.50  102.5   50.2  630.0  180.0
    20.0699    -147.08      35.17     235.35     374.62      24.31       4.24  102.5   50.2  630.0  180.0
    20.6082     201.28      51.69     432.10     684.09      13.82       3.10  102.5   50.2  630.0  180.0
    21.1464      43.65     263.75     770.42    3331.07      15.47       7.24  102.5   50.2  630.0  180.0
    21.6846     112.84     445.32     416.45    1105.42      18.46       8.51  102.5   50.2  630.0  180.0
    22.2230     -68.52      11.81     481.44     299.00      38.84       3.55  102.5   50.2  630.0  180.0
    22.7613     -15.15     120.81     410.17     494.45      36.96      11.80  102.5   50.2  630.0  180.0
    23.2995     -64.68     100.57     786.84     684.88      44.13      12.77  102.5   50.2  630.0  180.0
    23.8377     -48.94      66.75     606.14     315.10      76.96      13.34  102.5   50.2  630.0  180.0
    24.3761      21.08      41.52     632.06     207.23     130.58      14.08  102.5   50.2  630.0  180.0
    24.9143      18.69       9.95    1104.22      72.64        NaN        NaN  102.5   50.2  630.0  180.0
    25.4525      44.50       8.79    1139.24      87.74     269.12       8.14  102.5   50.2  630.0  180.0
    25.9907      31.44      28.16     839.58     151.31     202.49      14.53  102.5   50.2  630.0  180.0
    26.5289      15.05      26.71     825.15     144.41     191.80      13.31  102.5   50.2  630.0  180.0
    27.0671      28.84      24.56     760.90     124.94     211.86      13.20  102.5   50.2  630.0  180.0
    27.6053      30.88      12.72     742.68      61.43     281.35       8.44  102.5   50.2  630.0  180.0
    28.1436      42.51       9.12     599.74      38.23     318.17       6.52  102.5   50.2  630.0  180.0
    28.6819      39.50      17.84     636.47      80.77     242.49      10.56  102.5   50.2  630.0  180.0
    29.2202      17.61      11.35     688.49      54.68     278.08       8.05  102.5   50.2  630.0  180.0
    29.7585      -0.99      12.10     692.81      57.06    1079.39      31.48  102.5   50.2  630.0  180.0
    18.5604       9.13       4.14     857.72      22.95    1025.09      11.79   45.0  -45.0  630.0  180.0
    19.0986      12.32      20.36     737.80     101.02     193.43       9.80   45.0  -45.0  630.0  180.0
    19.6368     -26.76      42.70     261.33     144.73      55.55       5.60   45.0  -45.0  630.0  180.0
    20.1751    -180.03      61.23     370.04     539.43      25.37       6.15   45.0  -45.0  630.0  180.0
    20.7135     156.18      25.35     601.00     416.00      21.21       3.09   45.0  -45.0  630.0  180.0
    21.2516     -78.51     132.29     663.23     933.93      25.12       7.06   45.0  -45.0  630.0  180.0
    21.7898      17.31      47.69     398.73     178.40        NaN        NaN   45.0  -45.0  630.0  180.0
    22.3282    -100.08      52.90     203.21     403.97      27.00       6.65   45.0  -45.0  630.0  180.0
    22.8666    -108.91      67.64     622.28     319.56      55.13       9.37   45.0  -45.0  630.0  180.0
    23.4048     -65.74      83.46     627.13     380.71      61.81      12.58   45.0  -45.0  630.0  180.0
    23.9429       8.59      51.68     773.53     266.22      83.37      10.68   45.0  -45.0  630.0  180.0
    24.4813      51.17      15.11     487.25      61.01     150.69       5.17   45.0  -45.0  630.0  180.0
    25.0195      22.70      26.24     921.31     156.37     231.57      16.34   45.0  -45.0  630.0  180.0
    25.5577       0.43      17.29     771.07      86.26     239.75      10.03   45.0  -45.0  630.0  180.0
    26.0959      -3.63      12.48     711.48      68.49     193.38       6.69   45.0  -45.0  630.0  180.0
    26.6341      13.99      16.86     765.90      84.44     233.72       9.44   45.0  -45.0  630.0  180.0
    27.1723      33.85       9.07     623.66      38.81     265.30       5.24   45.0  -45.0  630.0  180.0
    27.7105      53.93      16.59     812.96      85.10     258.06      10.30   45.0  -45.0  630.0  180.0
    28.2489      26.05      17.51     649.13      80.72     253.95      10.99   45.0  -45.0  630.0  180.0
    28.7871       8.32      17.86     654.74      82.98     274.43      12.17   45.0  -45.0  630.0  180.0
    29.3255     -25.45      17.25     667.59      79.15     211.94       8.69   45.0  -45.0  630.0  180.0
    18.6129     -12.85       4.70     895.68      26.82    1015.21      13.15   89.9  -45.0  630.0  180.0
    19.1511     -26.73      17.03     414.21      63.11     153.99       6.30   89.9  -45.0  630.0  180.0
    19.6893     -33.33      67.22     411.63     253.82      40.19       5.04   89.9  -45.0  630.0  180.0
    20.2277     129.14     211.75        NaN        NaN      21.67       8.61   89.9  -45.0  630.0  180.0
    20.7660    -256.87      95.69     156.00     686.00      22.53       6.87   89.9  -45.0  630.0  180.0
    21.3041    -114.75      46.17    1348.00    1798.00      30.26      10.88   89.9  -45.0  630.0  180.0
    21.8424        NaN        NaN        NaN        NaN      41.94      12.04   89.9  -45.0  630.0  180.0
    22.3808     -11.39      62.18     620.00    1272.00      27.72       6.72   89.9  -45.0  630.0  180.0
    22.9191      17.65      35.37     609.07     204.89      48.49       4.86   89.9  -45.0  630.0  180.0
    23.4573     -42.10      74.11     577.90     342.02      66.29      12.64   89.9  -45.0  630.0  180.0
    23.9955       0.22      14.29     755.05      91.28     127.63       5.79   89.9  -45.0  630.0  180.0
    24.5339      -0.63      35.32     934.27     228.23     166.55      16.10   89.9  -45.0  630.0  180.0
    25.0721      37.92      14.28     737.98      68.83     258.10       8.62   89.9  -45.0  630.0  180.0
    25.6104      25.46       7.23     570.22      28.59     216.09       3.22   89.9  -45.0  630.0  180.0
    26.1485      22.96      21.10     735.53     104.68     206.35      10.93   89.9  -45.0  630.0  180.0
    26.6867      29.13      23.38     803.83     123.01     243.08      14.71   89.9  -45.0  630.0  180.0
    27.2249      44.19       9.61     717.41      45.11     315.85       7.02   89.9  -45.0  630.0  180.0
    27.7632      43.75       9.05     672.12      40.60     293.46       5.84   89.9  -45.0  630.0  180.0
    28.3014      23.78      15.64     658.76      70.80     258.03       9.48   89.9  -45.0  630.0  180.0
    28.8397      -3.11      16.09     630.24      71.88     250.08       9.42   89.9  -45.0  630.0  180.0
    29.3780      -9.45      19.03     644.79      86.15     203.10       9.12   89.9  -45.0  630.0  180.0
    18.6655     -13.07       6.11     870.33      33.87     752.14      12.36  134.8  -45.0  630.0  180.0
    18.7177     -32.84       7.32     925.00      42.56     685.77      13.58  134.8  -45.0  630.0  180.0
    18.7699     -35.74       9.26     876.58      51.50     556.60      13.54  134.8  -45.0  630.0  180.0
    18.8221     -37.51      11.70     796.30      61.20     382.69      11.64  134.8  -45.0  630.0  180.0
    19.2037     -71.44      19.33     378.45      71.81     119.39       5.75  134.8  -45.0  630.0  180.0
    19.2559     -97.44      28.91     795.69     162.09     116.82       9.18  134.8  -45.0  630.0  180.0
    19.3081     -96.33      24.58     504.67      99.55     108.04       6.49  134.8  -45.0  630.0  180.0
    19.3603    -122.50       7.91     648.76      91.23      74.97       1.94  134.8  -45.0  630.0  180.0
    19.7419      85.29      93.56     881.74    1012.82      26.05       8.25  134.8  -45.0  630.0  180.0
    19.7941       8.84      95.11     245.46     374.81      32.37       6.19  134.8  -45.0  630.0  180.0
    19.8463     -69.48      77.18     296.86     451.40      29.98       5.53  134.8  -45.0  630.0  180.0
    19.8985     125.09      57.37        NaN        NaN      24.12       4.65  134.8  -45.0  630.0  180.0
    20.2802      -7.64     143.65     353.91    1472.02      20.47       9.04  134.8  -45.0  630.0  180.0
    20.3324    -107.75     425.16     100.00    1657.00      12.02       6.01  134.8  -45.0  630.0  180.0
    20.3846     231.92      75.04        NaN        NaN      19.65       7.05  134.8  -45.0  630.0  180.0
    20.4369      77.73     369.30     335.38     736.61      16.40       6.98  134.8  -45.0  630.0  180.0
    20.8186       6.64      18.49     408.00    1044.00      23.47       3.91  134.8  -45.0  630.0  180.0
    20.8708     -21.49       9.19        NaN        NaN      15.55       1.30  134.8  -45.0  630.0  180.0
    20.9230     208.03      20.19        NaN        NaN      19.50       1.31  134.8  -45.0  630.0  180.0
    20.9752     -11.75     167.59     165.18     366.66      17.53       5.03  134.8  -45.0  630.0  180.0
    21.3567     227.72       5.88     133.00      80.00      16.88       0.71  134.8  -45.0  630.0  180.0
    21.4090    -209.03     113.84     565.23     807.11      23.66       3.46  134.8  -45.0  630.0  180.0
    21.4612    -243.42     224.86     998.59    1171.92      12.50       5.94  134.8  -45.0  630.0  180.0
    21.5134    -141.99     104.35        NaN        NaN      17.29       2.64  134.8  -45.0  630.0  180.0
    21.8949     -36.28      65.60     635.61    1149.53      21.21       7.36  134.8  -45.0  630.0  180.0
    21.9472     146.06      36.51        NaN        NaN      24.31       6.63  134.8  -45.0  630.0  180.0
    21.9994     -88.95      78.89     117.00     491.00      32.12       6.04  134.8  -45.0  630.0  180.0
    22.0516     -36.25      59.01     432.14     729.41      25.20       5.05  134.8  -45.0  630.0  180.0
    22.4333     -20.15      46.39     388.13     520.95      29.76       6.27  134.8  -45.0  630.0  180.0
    22.4855      19.24     118.95     289.02     407.37      31.90       9.49  134.8  -45.0  630.0  180.0
    22.5378      15.43     125.52     585.31     587.79      38.89      13.21  134.8  -45.0  630.0  180.0
    22.5900      56.74     135.26     795.38     725.46      36.74      12.08  134.8  -45.0  630.0  180.0
    22.9717     -31.10      44.98     390.42     333.92      37.54       5.64  134.8  -45.0  630.0  180.0
    23.0241      -8.34      35.25     519.07     147.25      59.73       5.36  134.8  -45.0  630.0  180.0
    23.0763       4.84      54.16     411.22     311.44      57.31       8.83  134.8  -45.0  630.0  180.0
    23.1285       6.07      61.96     275.08     252.09      51.06       8.32  134.8  -45.0  630.0  180.0
    23.5098     -16.02      72.60     674.02     354.36      69.06      12.57  134.8  -45.0  630.0  180.0
    23.5621     -48.83      26.32     704.19     197.29      73.77       6.54  134.8  -45.0  630.0  180.0
    23.6143    -113.21      12.85     406.03      92.59      69.73       2.26  134.8  -45.0  630.0  180.0
    23.6665     -38.13      67.33     806.01     425.03      52.65       8.46  134.8  -45.0  630.0  180.0
    24.0480      -7.23      55.54     862.80     312.77      99.89      14.53  134.8  -45.0  630.0  180.0
    24.1002     -22.04      52.02     573.48     246.29      97.43      13.71  134.8  -45.0  630.0  180.0
    24.1525      28.75      26.60     795.63     137.42     112.51       7.30  134.8  -45.0  630.0  180.0
    24.2047      24.90      28.35     845.52     152.49     141.30       9.95  134.8  -45.0  630.0  180.0
    24.5864      41.83      32.02     747.51     167.19     168.30      13.96  134.8  -45.0  630.0  180.0
    24.6389      19.05      30.30     783.64     162.45     183.95      14.71  134.8  -45.0  630.0  180.0
    24.6909      33.18      18.07     847.98      97.04     218.32       9.74  134.8  -45.0  630.0  180.0
    24.7431      19.28      27.62     709.94     137.51     168.03      11.89  134.8  -45.0  630.0  180.0
    25.1246      16.40      22.87     760.81     116.69     206.62      12.15  134.8  -45.0  630.0  180.0
    25.1769      14.60      24.06     800.25     126.50     238.03      14.66  134.8  -45.0  630.0  180.0
    25.2291      26.14      17.76     879.31      96.91     248.80      10.97  134.8  -45.0  630.0  180.0
    25.2813      22.90       9.90     763.13      48.08     283.63       6.42  134.8  -45.0  630.0  180.0
    25.6628      -0.74      24.31     768.77     125.44     230.50      14.23  134.8  -45.0  630.0  180.0
    25.7150     155.65      10.54     858.19      47.40        NaN        NaN  134.8  -45.0  630.0  180.0
    25.7673      40.50      19.93     788.31     100.58     212.43      10.19  134.8  -45.0  630.0  180.0
    25.8195      15.91      24.69     821.79     130.81     223.76      14.12  134.8  -45.0  630.0  180.0
    26.2010      11.24      19.54     823.99     103.53     223.13      10.90  134.8  -45.0  630.0  180.0
    26.2532      15.20      26.43     855.41     144.18     208.30      14.15  134.8  -45.0  630.0  180.0
    26.3054      22.05       6.39     515.20      22.85     188.46       2.20  134.8  -45.0  630.0  180.0
    26.3577      33.82      16.27     849.73      86.45     252.89      10.05  134.8  -45.0  630.0  180.0
    26.7392      25.75      17.29     885.54      94.97     251.60      10.77  134.8  -45.0  630.0  180.0
    26.7914      34.60      23.02     724.85     114.29     228.54      13.27  134.8  -45.0  630.0  180.0
    26.8437      44.74      17.07     827.85      89.74     251.28      10.54  134.8  -45.0  630.0  180.0
    26.8959      29.18      10.51     689.85      51.01     276.03       7.60  134.8  -45.0  630.0  180.0
    27.2774      41.11      15.92     855.69      84.79     278.44      10.85  134.8  -45.0  630.0  180.0
    27.3297      34.26      19.69     754.19      99.02     277.03      13.73  134.8  -45.0  630.0  180.0
    27.3819      44.79      14.70     784.21      73.80     277.21       9.69  134.8  -45.0  630.0  180.0
    27.4341      28.12      21.07     749.50     106.29     263.37      14.22  134.8  -45.0  630.0  180.0
    27.8156      28.95      14.88     620.63      67.02     255.37       9.44  134.8  -45.0  630.0  180.0
    27.8678      41.83      14.11     686.42      65.20     288.97       9.49  134.8  -45.0  630.0  180.0
    27.9200      47.52       5.60     714.69      30.77     328.71       5.61  134.8  -45.0  630.0  180.0
    27.9723      40.76      13.23     712.04      62.50     323.93      10.09  134.8  -45.0  630.0  180.0
    28.3539      15.67      20.97     657.45      97.66     233.16      12.18  134.8  -45.0  630.0  180.0
    28.4062       3.46      16.71     608.51      72.79     235.17       9.19  134.8  -45.0  630.0  180.0
    28.4584      23.26       9.52     719.07      44.88     296.35       6.48  134.8  -45.0  630.0  180.0
    28.5106      12.81      13.72     679.21      63.31     279.21       8.91  134.8  -45.0  630.0  180.0
    28.8922       6.65      19.35     605.65      85.63     221.84      10.47  134.8  -45.0  630.0  180.0
    28.9444       6.45      12.77     578.42      54.93     267.37       7.81  134.8  -45.0  630.0  180.0
    28.9967     -10.62      20.95     692.69     100.95     233.96      12.35  134.8  -45.0  630.0  180.0
    29.0489      29.06      17.29     636.02      77.06     226.57       9.07  134.8  -45.0  630.0  180.0
    29.4307      23.77       9.71     488.26      36.98     225.03       4.60  134.8  -45.0  630.0  180.0
    29.4829       0.85      21.15     613.57      93.58     196.88       9.80  134.8  -45.0  630.0  180.0
    29.5350       8.98      18.35     646.75      83.45     253.01      10.92  134.8  -45.0  630.0  180.0
    29.5875      14.81      15.06     618.86      65.87     337.78      11.78  134.8  -45.0  630.0  180.0
    18.9408      78.24      26.58     542.88     114.23     162.93      10.57  147.5   39.9  630.0  180.0
    19.4790      81.74      21.81     430.93      71.12      49.77       2.41  147.5   39.9  630.0  180.0
    20.0173     -77.99      42.03     491.64     350.19      34.22       4.51  147.5   39.9  630.0  180.0
    20.5557    -108.00      41.87     577.49     645.58      22.58       3.88  147.5   39.9  630.0  180.0
    21.0939     223.08      43.91     101.00    1529.00       6.96       4.72  147.5   39.9  630.0  180.0
    21.6321    -102.05      77.64     346.72     926.30      22.15       6.90  147.5   39.9  630.0  180.0
    22.1705       4.52      72.50     574.07     402.93      35.74       6.70  147.5   39.9  630.0  180.0
    22.7088      35.37      37.45     470.33     461.19      35.67       6.80  147.5   39.9  630.0  180.0
    23.2470     -63.51      35.75     410.46     175.29      43.60       4.71  147.5   39.9  630.0  180.0
    23.7851     -34.62      67.89     681.65     328.90      77.87      13.56  147.5   39.9  630.0  180.0
    24.3235       9.81      42.89     741.87     213.95     127.31      13.79  147.5   39.9  630.0  180.0
    24.8617      17.66      21.65     792.58     114.65     202.46      11.05  147.5   39.9  630.0  180.0
    25.3999      18.85      18.99     896.94     105.74     230.41      11.05  147.5   39.9  630.0  180.0
    25.9382      50.17      12.48    1001.63      78.19     204.14       6.36  147.5   39.9  630.0  180.0
    26.4763      15.67      16.27     792.71      83.51     245.76       9.75  147.5   39.9  630.0  180.0
    27.0146      28.66      16.21     742.06      79.24     256.43       9.94  147.5   39.9  630.0  180.0
    27.5528      30.18      20.98     745.31     104.73     226.53      11.90  147.5   39.9  630.0  180.0
    28.0911      54.14       5.38     680.21      28.57     313.46       4.97  147.5   39.9  630.0  180.0
    28.6294      27.12      14.06     706.46      66.26     283.13       9.35  147.5   39.9  630.0  180.0
    29.1677      21.82      19.92     645.21      89.76     203.38       9.46  147.5   39.9  630.0  180.0
    29.7059      12.17       9.89     677.37      45.45     756.63      17.64  147.5   39.9  630.0  180.0
