                 MRH
   25    6 2015
    18.5076        NaN        NaN        NaN        NaN     852.59      52.33  102.5    0.0  630.0  180.0
    19.0459        NaN        NaN        NaN        NaN     756.79    2871.18  102.5    0.0  630.0  180.0
    19.5841        NaN        NaN        NaN        NaN     163.60     687.41  102.5    0.0  630.0  180.0
    20.1224        NaN        NaN        NaN        NaN     959.49    1925.71  102.5    0.0  630.0  180.0
    20.6608        NaN        NaN        NaN        NaN     735.52    1198.22  102.5    0.0  630.0  180.0
    22.2755        NaN        NaN        NaN        NaN     316.78     353.38  102.5    0.0  630.0  180.0
    22.8139        NaN        NaN        NaN        NaN     692.05     398.31  102.5    0.0  630.0  180.0
    23.3521        NaN        NaN        NaN        NaN     851.22     435.86  102.5    0.0  630.0  180.0
    23.8902        NaN        NaN        NaN        NaN     591.64     141.54  102.5    0.0  630.0  180.0
    24.4286        NaN        NaN        NaN        NaN     395.09      44.96  102.5    0.0  630.0  180.0
    24.9668        NaN        NaN        NaN        NaN     812.33     119.73  102.5    0.0  630.0  180.0
    25.5050        NaN        NaN        NaN        NaN     882.25     122.18  102.5    0.0  630.0  180.0
    26.0433        NaN        NaN        NaN        NaN     758.24      84.54  102.5    0.0  630.0  180.0
    26.5814        NaN        NaN        NaN        NaN     843.10      67.85  102.5    0.0  630.0  180.0
    27.1196        NaN        NaN        NaN        NaN     708.21      40.10  102.5    0.0  630.0  180.0
    27.6578        NaN        NaN        NaN        NaN     666.97      51.25  102.5    0.0  630.0  180.0
    28.1962        NaN        NaN        NaN        NaN     676.23      63.82  102.5    0.0  630.0  180.0
    28.7344        NaN        NaN        NaN        NaN     642.76      55.73  102.5    0.0  630.0  180.0
    29.2728        NaN        NaN        NaN        NaN     675.28     107.65  102.5    0.0  630.0  180.0
    18.6129      18.17       6.64        NaN        NaN     895.68      26.82   89.9  -45.0  630.0  180.0
    19.1511      37.80      24.09        NaN        NaN     414.21      63.11   89.9  -45.0  630.0  180.0
    19.6893      47.14      95.06        NaN        NaN     411.63     253.82   89.9  -45.0  630.0  180.0
    20.2277    -182.64     299.46        NaN        NaN        NaN        NaN   89.9  -45.0  630.0  180.0
    20.7660     363.27     135.33        NaN        NaN     156.00     686.00   89.9  -45.0  630.0  180.0
    21.3041     162.27      65.30        NaN        NaN    1348.00    1798.00   89.9  -45.0  630.0  180.0
    22.3808      16.11      87.93        NaN        NaN     620.00    1272.00   89.9  -45.0  630.0  180.0
    22.9191     -24.96      50.02        NaN        NaN     609.07     204.89   89.9  -45.0  630.0  180.0
    23.4573      59.54     104.81        NaN        NaN     577.90     342.02   89.9  -45.0  630.0  180.0
    23.9955      -0.31      20.21        NaN        NaN     755.05      91.28   89.9  -45.0  630.0  180.0
    24.5339       0.90      49.96        NaN        NaN     934.27     228.23   89.9  -45.0  630.0  180.0
    25.0721     -53.63      20.19        NaN        NaN     737.98      68.83   89.9  -45.0  630.0  180.0
    25.6104     -36.01      10.22        NaN        NaN     570.22      28.59   89.9  -45.0  630.0  180.0
    26.1485     -32.47      29.84        NaN        NaN     735.53     104.68   89.9  -45.0  630.0  180.0
    26.6867     -41.20      33.07        NaN        NaN     803.83     123.01   89.9  -45.0  630.0  180.0
    27.2249     -62.50      13.59        NaN        NaN     717.41      45.11   89.9  -45.0  630.0  180.0
    27.7632     -61.87      12.80        NaN        NaN     672.12      40.60   89.9  -45.0  630.0  180.0
    28.3014     -33.63      22.13        NaN        NaN     658.76      70.80   89.9  -45.0  630.0  180.0
    28.8397       4.40      22.75        NaN        NaN     630.24      71.88   89.9  -45.0  630.0  180.0
    29.3780      13.36      26.91        NaN        NaN     644.79      86.15   89.9  -45.0  630.0  180.0
