  Image    fringe1  fringe2  fringe3  fringe4  fringe5  fringe6  fringe7
-----------------------------------------------------------------------------
    1     0.715674 0.714054 0.713642 0.707296 0.703238 0.701016 0.694797
    2     0.717959 0.713813 0.716050 0.706347 0.708761 0.702934 0.699064
    3     0.714306 0.715180 0.725004 0.709846 0.707097 0.703306 0.701345
    4     0.720144 0.714568 0.715003 0.710821 0.703725 0.703953 0.656488
    5     0.769005 0.685180 0.761151 0.715546 0.706348 0.702757 0.701984
    6     0.725486 0.719298 0.719055 0.713867 0.710797 0.704524 0.701947
    7     0.723236 0.723879 0.721812 0.713131 0.714875 0.712622 0.710692
    8     0.721823 0.726313 0.724962 0.714665 0.713588 0.707298 0.713778
    9     0.722784 0.720878 0.729322 0.713914 0.710812 0.713845 0.712658
   10     0.713143 0.711390 0.712379 0.702622 0.699939 0.697885 0.701143
   11     0.685879 0.697496 0.701754 0.689824 0.706769 0.695849 0.724847
   12     0.708620 0.707124 0.707726 0.693343 0.701688 0.676340 0.726907
   13     0.606418 0.393923 0.231706 0.430089 0.648613 0.114816 1.046682
   14     0.720408 0.714285 0.716249 0.712876 0.718467 0.688144 0.711109
   15     0.718110 0.712750 0.724316 0.718788 0.709725 0.707271 0.726516
   16     0.737911 0.745086 0.721657 0.727655 0.713972 0.698082 0.734913
   17     0.735892 0.738053 0.739791 0.713793 0.716483 0.708616 0.744527
   18     0.730704 0.722749 0.728745 0.731430 0.733361 0.725447 0.738477
   19     0.725680 0.730878 0.761466 0.636433 0.732925 0.661908 0.768447
   20     0.713181 0.715375 0.706081 0.698191 0.697923 0.692841 0.712070
   21     0.678292 0.711630 0.704848 0.689296 0.700919 0.693424*********
   22     0.726567 0.755510 0.716610 0.701201 0.753670 0.720805 0.751694
   23     0.470476 0.240835 0.245602 0.421483 0.219020 0.141118 1.092818
   24     0.724567 0.709080 0.696344 0.755816 0.704089 0.712501 0.821713
   25     0.724938 0.731315 0.793201 0.693063 0.710850 0.768111 0.796681
   26     0.763686 0.702502 0.994693 0.720492 0.733633 0.729690 0.836683
   27     0.686931 0.772942 0.699605 0.687309 0.735164 0.716185 0.779224
   28     0.725839 0.809469 0.723333 0.705992 0.734696 0.702718 0.889696
   29     0.689404 0.721244 0.754476 0.729133 0.985803 0.710066 0.872733
   30     0.748911 0.721191 0.697877 0.691674 0.701268 0.705382 0.749827
   31     0.697128 0.726111 0.715867 0.669040 0.723960 0.714354 0.720568
   32     0.759535 0.735015 0.720330 0.724100 0.676652 0.720433 1.083524
   33     0.630383 0.241856 0.260573 0.276398 0.368861 0.097760 0.998065
   34     0.750091 0.731913 0.783052 0.710641 0.722030 0.713677 0.848357
   35     0.672368 0.757598 0.785955 0.690172 0.879863 0.689495 1.017843
   36     0.312202 0.708695 0.759936 0.763231 0.960435 0.841748 1.105318
   37     0.651880 0.153797 0.200404 0.780876 0.601658 0.827062 0.993730
   38     0.716858 0.216437 0.144360 0.536038 0.179716 0.690101 0.988680
   39     0.683626 0.147663 0.150129 0.712962 0.278514 0.756674 0.841875
   40     0.719914 0.720253 0.730194 0.675469 0.689238 0.706131 0.792288
   41     0.721449 0.727114 0.721560 0.687931 0.671360 0.722997 0.721709
   42     0.815431 0.683874 0.146444 0.778695 0.934169 0.730665 0.709795
   43     0.556434 0.025856 0.167295 0.630366 0.212411 0.042771 1.066281
   44     0.691099 0.075068 0.633886 0.734077 0.233701 0.654658 0.554865
   45     0.723319 0.314165 0.572417 0.762663 0.643387 0.172444 0.984866
   46     0.717146 0.678025 0.388256 0.724803 0.261927 0.868192 0.969599
   47     0.714050 0.683469 0.730420 0.768598 0.006813 0.706521 1.021391
   48     0.344974 0.990969 0.657926 0.667812 0.142087 0.076416 0.974276
   49     0.728021 0.623963 0.100321 0.653787 0.689676 0.093312 0.877484
   50     0.732478 0.683336 0.685583 0.707186 0.729476 0.727100 0.954993
   51     0.718460 0.077104 0.806101 0.777205 0.673463 0.678877 0.918096
   52     0.725413 0.704511 0.647830 0.711708 0.703650 0.738403 0.962142
   53     0.807638 0.467984 0.215986 0.011224 0.750382 0.545009 0.992178
   54     0.710193 0.505317 0.696758 0.712875 0.715743 0.688164 1.143617
   55     0.466784 0.558233 0.799352 0.840219 0.227517 0.268916 1.027207
   56     0.177985 0.668617 0.076743 0.691972 0.072650 0.871064 0.688868
   57     0.207921 0.241805 0.190316 0.791425 0.344248 0.752430 0.985059
   58     0.688103 0.256876 0.034754 0.712358 0.803483 0.594562 0.879149
   59     0.858643 0.104886 0.112870 0.731265 0.113177 0.896453 1.072667
   60     0.721161 0.725619 0.719076 0.721972 0.736589 0.754001 0.942257
   61     0.782865 0.288826 0.731670 0.687492 0.733576 0.722760 0.913217
   62     0.620302 0.697453 0.036385 0.669758 0.709198 0.795811 0.941111
   63     0.714152 0.239026********* 0.727237 0.778280 0.622039 1.147478
   64     0.710560 0.703898 0.748627********* 0.719594 0.754295 0.575062
   65     0.674363 0.202525 0.019824 0.927657 0.075187 0.266023 1.002513
   66     0.567507 1.472968 0.998991 0.710245 0.787210 0.258350 1.324055
   67     0.689197 0.608980 0.749632 0.666387 0.012371 0.697385 0.716014
   68     0.657284 0.105633 0.727868 0.724090 0.719381 0.784507 0.674377
   69     0.736923 0.717382 0.717090 0.763578 0.712764 0.875741 0.807241
   70     0.732708 0.731198 0.638724 0.750327 0.721924 0.700573 0.776911
   71     0.743531 0.723235 0.697102 0.717618 0.731043 0.670251 0.822033
   72     0.748795 0.482684 0.739304 0.669324 0.748990 0.694652 0.761547
   73     0.724841 0.735252 0.811930 0.712461 0.777964 0.701404 0.601498
   74     0.723503 0.701677 0.912817 0.729368 0.720298 0.741012 0.804991
   75     0.752346 0.695963 0.792706 0.739269 0.735236 0.691073 0.931011
   76     0.694822 0.715705 0.743150 0.722846 0.720562 0.717732 0.778809
   77     0.698620 0.752041 0.768613 0.721819 0.667638 0.677090 0.823771
   78     0.705524 0.726051 0.919844 0.710999 0.701200 0.714532 0.792006
   79     0.683731 0.744324 0.730192 0.802738 0.725978 0.754956 0.838726
   80     0.722967 0.685679 0.754351 0.749534 0.760128 0.724639 0.782341
   81     0.723237 0.723476 0.774525 0.701277 0.751676 0.693285 0.762892
   82     0.713474 0.692404 0.719161-4.416983 0.716114 0.688057 0.766455
   83     0.722359 0.728508 0.712416 0.727553 0.714761 0.719893 0.764589
   84     0.737001 0.767805 0.738560 0.678980 0.722264 0.747272 0.783185
   85     0.714505 0.747338 0.718671 0.701092 0.712333 0.715774 0.708675
   86     0.729641 0.752878 0.738871 0.719766 0.750460 0.718017 0.783960
   87     0.732844 0.699244 0.734397 0.715867 0.717059 0.746595 0.766495
   88     0.743435 0.753254 0.712651 0.726177 0.700127 0.695037 0.716151
   89     0.682899 0.740562 0.714384 0.686855 0.716883 0.700341 0.776460
   90     0.697807 0.707702 0.726372 0.750967 0.714275 0.725607 0.815997
   91     0.728180 0.728231 0.722872 0.692201 0.734753 0.741802 0.752361
   92     0.736568 0.742549 0.766697 0.716800 0.712050 0.672581 0.827340
   93     0.729788 0.726627 0.757268 0.713308 0.695960 0.711265 0.793429
   94     0.746991 0.719298 0.747671 0.698455 0.751015 0.709602 0.798097
   95     0.750006 0.713044 0.725693 0.728746 0.698287 0.717036 0.790881
   96     0.716452 0.713356 0.712468 0.732576 0.729917 0.723513 0.767304
   97     0.744757 0.714271 0.725166 0.717832 0.742557 0.723548 0.742484
   98     0.739148 0.734697 0.722874 0.739077 0.749640 0.726652 0.724566
   99     0.726146 0.725529 0.748095 0.724869 0.725724 0.710604 0.789465
  100     0.731384 0.737708 0.758733 0.724808 0.728553 0.713624 0.822236
  101     0.731913 0.738728 0.742648 0.701521 0.718762 0.709373 0.766754
  102     0.727867 0.733751 0.745227 0.722258 0.712434 0.714756 0.789452
  103     0.720299 0.727550 0.717371 0.723240 0.724719 0.712227 0.741826
  104     0.727472 0.730307 0.737118 0.715065 0.728761 0.707372 0.712784
  105     0.730076 0.743054 0.729665 0.711798 0.723911 0.697487 0.742242
  106     0.719821 0.734765 0.739826 0.721868 0.712609 0.702957 0.757898
  107     0.740140 0.722990 0.725407 0.728541 0.715301 0.720806 0.740791
  108     0.722210 0.723145 0.740662 0.720165 0.716858 0.698505 0.723930
  109     0.732116 0.713737 0.717881 0.726312 0.711797 0.712375 0.732627
  110     0.745045 0.718419 0.731504 0.727738 0.712674 0.706436 0.756095
  111     0.734002 0.736993 0.730145 0.710264 0.719304 0.700293 0.725805
  112     0.726928 0.723658 0.736047 0.710320 0.710834 0.704767 0.744361
  113     0.737723 0.724199 0.713232 0.724171 0.725913 0.703182 0.727641
  114     0.729860 0.724640 0.712968 0.713660 0.711364 0.716860 0.714162
  115     0.746952 0.724687 0.718185 0.713275 0.723265 0.724695 0.731111
  116     0.727579 0.723308 0.730824 0.712187 0.703603 0.708005 0.733623
  117     0.731865 0.724689 0.725477 0.724669 0.711393 0.709598 0.730507
  118     0.724008 0.730371 0.730360 0.722370 0.711580 0.714108 0.711354
  119     0.730563 0.729562 0.731526 0.712459 0.707976 0.708675 0.738891
  120     0.731714 0.722986 0.722268 0.719698 0.718890 0.712827 0.736283
  121     0.729452 0.731295 0.732232 0.724347 0.719818 0.711201 0.710206
  122     0.735449 0.737810 0.728931 0.722564 0.716166********* 0.712508
  123     0.735222 0.728996 0.726927 0.720224 0.713856 0.714333 0.725537
  124     0.724891 0.729957 0.733809 0.717435 0.722869 0.710692 0.719318
  125     0.730982 0.727898 0.722702 0.722149 0.713707 0.716857 0.711489
  126     0.732289 0.728668 0.723847 0.717961 0.723022 0.721364 0.723849
  127     0.728106 0.732027 0.732042 0.722094 0.718601 0.713428 0.724045
  128     0.734427 0.724705 0.730988 0.721648 0.718324 0.712796 0.715218
  129     0.734737 0.729339 0.729337 0.720741 0.713744 0.718733 0.715344
  130     0.732600 0.729752 0.728353 0.718116 0.721139 0.711047 0.729713
  131     0.730928 0.733745 0.728297 0.719894 0.722747 0.718764 0.716020
  132     0.727514 0.718124 0.730646 0.721135 0.720525 0.717465 0.701748
  133     0.732289 0.733261 0.729636 0.725817 0.718707 0.717057 0.722478
  134     0.733021 0.729632 0.731197 0.731234 0.722007 0.721334 0.723806
  135     0.739316 0.723506 0.733880 0.726419 0.724799 0.708091 0.714011
  136     0.738222 0.732261 0.724226 0.724051 0.724477 0.723734 0.726384
  137     6.041781 0.727839****************** 0.710803 0.721480 0.718820
  138     0.730301 0.726127 0.725257 0.721348 0.719896 0.712213 0.714081
  139     0.735118 0.731251 0.735503 0.722743 0.707387 0.715121 0.728309
  140     0.738013 0.732423 0.723787 0.723752 0.714921 0.714863 0.719142
  141     0.737647 0.730599 0.728329 0.727298 0.712894 0.706951 0.701586
  142     0.727751 0.730546 0.728520 0.724947 0.711696 0.712337 0.727704
  143     0.731671 0.731226 0.725147 0.724763 0.723480 0.721312 0.725044
  144     0.734134 0.735386 0.733418 0.722373 0.724866 0.729143 0.728202
  145     0.736752 0.725797 0.730860 0.727259 0.717682 0.709930 0.722069
  146     0.743269 0.729135 0.731497 0.723241 0.714211 0.720589 0.721275
  147     0.727083 0.741537 0.727766 0.714830 0.723712 0.720471 0.727831
  148     0.735036 0.732673 0.727806 0.723390 0.719379 0.718081 0.712647
  149     0.729556 0.735035 0.729636 0.724078 0.719592 0.708249 0.716237
  150     0.734682 0.736748 0.731147 0.714451 0.715900 0.724052 0.722637
  151     0.730167 0.725013 0.733418 0.733118 0.722080 0.719867 0.717832
  152     0.736626 0.732300 0.733662 0.723064 0.720990 0.706594 0.727920
  153     0.734744 0.727920 0.731367 0.729081 0.709949 0.713552 0.722165
  154     0.731269 0.729354 0.733038 0.725878 0.724441 0.721707 0.723392
  155     0.736330 0.729415 0.728511 0.717082 0.716236 0.712337 0.728309
  156     0.733284 0.734247 0.724494 0.723991 0.719447 0.719733 0.716064
  157     0.733446 0.728076 0.725711 0.720790 0.716709 0.711822 0.723347
  158     0.730556 0.730890 0.724114 0.718831 0.718204 0.711465 0.719900
  159     0.732798 0.726151 0.729511 0.719207 0.726664 0.718625 0.715884
  160     0.728210 0.731916 0.729997 0.728234 0.714785 0.709157 0.723697
  161     0.729733 0.725588 0.732494 0.723276 0.720689 0.719893 0.718398
  162     0.730566 0.735810 0.726501 0.722302 0.719102 0.709697 0.728481
  163     0.727556 0.730525 0.720318 0.717156 0.717015 0.717362 0.714442
  164     0.740399 0.729664 0.726649 0.723829 0.710821 0.714838 0.720025
  165     0.733522 0.725829 0.725616 0.719986 0.718182 0.711913 0.719545
  166     0.733512 0.724429 0.726506 0.719472 0.719387 0.718528 0.718439
  167     0.733300 0.732827 0.724516 0.720347 0.716526 0.713802 0.722541
  168     0.733330 0.729037 0.727181 0.720489 0.716148 0.718548 0.709853
  169     0.736451 0.730617 0.727018 0.724119 0.719654 0.706841 0.726241
  170     0.735611 0.732691 0.725854 0.721351 0.720100 0.710401 0.716824
  171     0.732912 0.726416 0.725974 0.723111 0.719092 0.718021 0.726247
  172     0.729898 0.733891 0.730084 0.728021 0.713265 0.714598 0.721583
  173     0.730631 0.731730 0.728933 0.720610 0.712929 0.718986 0.717188
  174     0.736948 0.728610 0.722785 0.723543 0.709797 0.711347 0.708968
  175     0.729308 0.727141 0.730212 0.721876 0.716533 0.717938 0.714161
  176     0.735530 0.728122 0.726645 0.727679 0.716833 0.712699 0.720628
  177     0.734018 0.725870 0.726408 0.726597 0.713388 0.712330 0.720646
  178     0.731398 0.730925 0.726892 0.728608 0.717622 0.712758 0.719571
  179     0.733221 0.731407 0.723064 0.719376 0.720203 0.714312 0.719294
  180     0.729944 0.726632 0.733659 0.720848 0.718085 0.714531 0.717381
  181     0.730608 0.725839 0.728850 0.722960 0.718864 0.704196 0.713238
  182     0.729905 0.727103 0.725275 0.723724 0.718007 0.721061 0.714848
  183     0.735403 0.733415 0.730069 0.723548 0.718808 0.718865 0.712033
  184     0.734412 0.730369 0.730081 0.724212 0.719418 0.712303 0.725199
  185     0.731030 0.729385 0.730772 0.728345 0.727138 0.714710 0.719771
  186     0.736426 0.728164 0.730394 0.722843 0.723545 0.719570 0.725252
  187     0.731558 0.736706 0.732973 0.726497 0.721140 0.726540 0.727617
  188     0.731154 0.732549 0.731758 0.726071 0.717442 0.719486 0.721367
  189     0.743027 0.733763 0.736389 0.725330 0.718307 0.714464 0.717642
  190     0.732569 0.731839 0.729770 0.724210 0.720160 0.717980 0.721841
  191     0.733963 0.732285 0.732680 0.722662 0.721594 0.714638 0.719972
  192     0.735697 0.731216 0.726134 0.719195 0.716004 0.712929 0.719491
  193     0.730967 0.729514 0.725527 0.731580 0.720873 0.721906 0.723733
  194     0.742415 0.733045 0.735888 0.725450 0.724184 0.711945 0.722857
  195     0.738174 0.733671 0.731380 0.727544 0.730737 0.727715 0.724712
  196     0.737827 0.735649 0.729000 0.727211 0.716342 0.723439 0.730879
  197     0.735643 0.735287 0.734233 0.724869 0.727414 0.722510 0.721975
  198     0.744164 0.733808 0.732996 0.727608 0.728907 0.722621 0.731273
  199     0.737513 0.731068 0.728315 0.716597 0.717475 0.726253 0.719107
  200     0.739459 0.737892 0.731861 0.725448 0.725436 0.707039 0.728843
  201     0.733338 0.732191 0.722008 0.722915 0.720771 0.723510 0.730532
  202     0.734561 0.732530 0.728496 0.722116 0.719383 0.724661 0.728795
  203     0.738189 0.735422 0.724824 0.727151 0.730898 0.727962 0.731514
  204     0.736536 0.739272 0.743901 0.736082 0.728345 0.720366 0.727910
  205     0.737247 0.727580 0.743971 0.724934 0.723421 0.724451 0.735591
  206     0.731132 0.730874 0.731644 0.723623 0.726745 0.715437 0.714573
  207     0.735426 0.736511 0.728917 0.730988 0.721151 0.715511 0.733774
  208     0.735553 0.734072 0.729044 0.725176 0.724356 0.722777 0.724762
  209     0.734829 0.731708 0.731349 0.722037 0.720120 0.720639 0.724855
  210     0.736967 0.734232 0.739720 0.721878 0.722397 0.724332 0.722407
  211     0.730973 0.733831 0.736078 0.724284 0.718534 0.722678 0.718476
  212     0.730614 0.738341 0.739271 0.726798 0.723487 0.719525 0.720989
