   1.502  -0.160  18.850
   1.526  -0.135  19.383
   1.512  -0.115  19.917
   1.527  -0.138  20.450
   1.521  -0.137  21.000
   1.518  -0.119  21.533
   1.509  -0.124  22.067
   1.523  -0.121  22.617
   1.544  -0.120  23.150
   1.546  -0.117  23.683
   1.507  -0.131  24.217
   1.519  -0.120  24.767
   1.499  -0.134  25.300
   1.516  -0.097  25.833
   1.495  -0.117  26.383
   1.512  -0.073  26.917
   1.506  -0.101  27.450
   1.496  -0.079  28.000
   1.475  -0.097  28.533
   1.486  -0.109  29.067
   1.495  -0.094  29.600
   1.487  -0.094  29.783
   1.510  -0.115
