MRH 20150621
    23.48    69.98   116.44   162.94   209.40   255.88   302.37
    46.50    46.46    46.50    46.46    46.48    46.49    46.49
     0.83969289     0.56921613     0.36582914     0.22010601     0.12491191     0.06236467     0.02804288     0.00595946    -0.00066145    -0.00617958    -0.00572339    -0.00468010    -0.00437199    -0.00203291    -0.00279174    -0.00003818    -0.00086707     0.00045394
    -0.02102154    -0.03047323    -0.03780859    -0.04055614    -0.04306881    -0.03854002    -0.03377915    -0.02677191    -0.01852989    -0.01565852    -0.00752360    -0.00577835    -0.00130621    -0.00082581     0.00023640     0.00118800    -0.00059711     0.00153276
     1.00000000     0.67873526     0.43792158     0.26653755     0.15742598     0.08725799     0.05271285     0.03381892     0.02308662     0.02043780     0.01301881     0.00983774     0.00678447     0.00613737     0.00501973     0.00490406     0.00400046     0.00363452
     0.83375180     0.54139805     0.33032057     0.18674265     0.09998625     0.04869479     0.01925217     0.00607118    -0.00033142    -0.00182769    -0.00119605    -0.00222682    -0.00174394    -0.00055079    -0.00011433     0.00013190    -0.00048375    -0.00036211
     0.03804209     0.04204090     0.02758089     0.00698427    -0.00979036    -0.01757866    -0.01941413    -0.01708625    -0.01176118    -0.00839222    -0.00520798    -0.00310263    -0.00381061    -0.00193925    -0.00116953     0.00005374    -0.00043832    -0.00159176
     1.00000000     0.65061599     0.39715734     0.22414429     0.12071069     0.06217787     0.03320109     0.02259872     0.01519122     0.01163753     0.00843089     0.00601330     0.00578673     0.00413944     0.00422967     0.00276931     0.00309752     0.00389621
     0.82868594     0.51711053     0.29344818     0.15188333     0.07172640     0.03062238     0.01169247     0.00411492     0.00002254    -0.00141608    -0.00138509    -0.00084013    -0.00075776     0.00084708     0.00127596     0.00156382     0.00129468     0.00163465
     0.08879302     0.10040621     0.07438324     0.03726121     0.00742198    -0.00967381    -0.01633806    -0.01440976    -0.01073747    -0.00674599    -0.00337306    -0.00098989     0.00058664     0.00160670     0.00212821     0.00154615     0.00073455    -0.00100293
     1.00000000     0.63277161     0.36430100     0.18857926     0.08730005     0.03905026     0.02448294     0.01832625     0.01350254     0.00889334     0.00504600     0.00284326     0.00251661     0.00317928     0.00410921     0.00346513     0.00401388     0.00359214
     0.82391673     0.50484151     0.27561888     0.12939098     0.04809917     0.00993482    -0.00519096    -0.00663853    -0.00515322    -0.00401768    -0.00298219    -0.00295041    -0.00176559    -0.00207822    -0.00082258    -0.00040240     0.00074624     0.00063666
     0.03117444     0.03041794     0.01308781    -0.00343221    -0.01270001    -0.01510958    -0.01322430    -0.00917782    -0.00669643    -0.00320449    -0.00142389     0.00106076     0.00231286     0.00281686     0.00192031     0.00192696     0.00143042     0.00047007
     1.00000000     0.61341566     0.33467478     0.15703483     0.06042153     0.02221694     0.01753886     0.01395411     0.01049649     0.00660071     0.00497553     0.00481336     0.00442652     0.00514963     0.00406815     0.00318874     0.00352659     0.00277530
     0.81766164     0.47983491     0.24133405     0.10354495     0.03089399     0.00565511    -0.00372156    -0.00253311    -0.00240669     0.00003568    -0.00047425    -0.00078836    -0.00144701    -0.00204113    -0.00155725    -0.00194405    -0.00289432    -0.00249909
     0.09086602     0.08564733     0.05901845     0.02140740    -0.00070739    -0.01237437    -0.01231410    -0.00963330    -0.00548101    -0.00293781    -0.00186610    -0.00004312    -0.00175892    -0.00141339    -0.00133503     0.00061617    -0.00013208    -0.00150429
     1.00000000     0.59218246     0.30211121     0.12865613     0.03869775     0.01760411     0.01691085     0.01320312     0.00856814     0.00536229     0.00418925     0.00407064     0.00459754     0.00497881     0.00431110     0.00426254     0.00436906     0.00422182
     0.81764603     0.46563122     0.22155462     0.08137108     0.01284918    -0.01123345    -0.01392825    -0.00848124    -0.00365541    -0.00035086    -0.00005829    -0.00006571    -0.00110479    -0.00276470    -0.00294841    -0.00536302    -0.00606399    -0.00612790
     0.02481732     0.01842862     0.00361728    -0.00679726    -0.00985052    -0.00839004    -0.00803093    -0.00515254    -0.00270422     0.00043566     0.00032742    -0.00040457    -0.00218042    -0.00282065    -0.00561343    -0.00537213    -0.00463128    -0.00185080
     1.00000000     0.56963873     0.27088532     0.09989216     0.02038775     0.01754753     0.02006323     0.01271305     0.00650893     0.00379302     0.00376101     0.00332258     0.00491573     0.00659319     0.00905877     0.01045295     0.01033062     0.00896923
     0.81637812     0.44522339     0.19551139     0.06031815     0.00285016    -0.01054964    -0.00912518    -0.00470697    -0.00163978    -0.00016722    -0.00177035    -0.00394862    -0.00230903    -0.00309571    -0.00358068    -0.00553322    -0.00601851    -0.00515010
     0.07432979     0.07688832     0.04504035     0.01542038    -0.00326353    -0.00964366    -0.01110426    -0.00597911    -0.00350585     0.00047541     0.00020423     0.00012318    -0.00229369    -0.00188344    -0.00393911    -0.00514197    -0.00583118    -0.00570367
     1.00000000     0.55120981     0.24479291     0.07605398     0.00794506     0.01774720     0.01787587     0.00982789     0.00597008     0.00405850     0.00416164     0.00571270     0.00573524     0.00603975     0.00810624     0.01020620     0.01103568     0.01048440
   1.510  -0.115  400    2    0    0    0  0.000 18.000
