                 MRH
   21    6 2015
      18.25       NaN       NaN       NaN       NaN    863.00     25.42    630.0   1800
      18.75     43.05      3.33       NaN       NaN    907.24     14.97    630.0   1800
      19.25     71.90     19.68       NaN       NaN    776.04     66.05    630.0   1800
      19.75    135.85     33.74       NaN       NaN    658.60    111.42    630.0   1800
      20.25    135.58     13.80       NaN       NaN    598.90     65.58    630.0   1800
      20.75    158.90     11.66       NaN       NaN    942.17     49.21    630.0   1800
      21.25    139.13     22.61       NaN       NaN    732.93     59.61    630.0   1800
      21.75    127.59     25.75       NaN       NaN    609.71     71.25    630.0   1800
      22.25    144.18     22.63       NaN       NaN    706.20     68.84    630.0   1800
      22.75    130.81      2.80       NaN       NaN    937.45     15.26    630.0   1800
      23.25    163.34      4.94       NaN       NaN    830.09     20.40    630.0   1800
      23.75    140.32      3.68       NaN       NaN    837.51     14.52    630.0   1800
      24.25       NaN       NaN       NaN       NaN    718.71     16.82    630.0   1800
      24.75    115.73      2.86       NaN       NaN    804.51     10.42    630.0   1800
      25.25       NaN       NaN       NaN       NaN    729.34     22.95    630.0   1800
      25.75     71.31      6.34       NaN       NaN    849.04     21.02    630.0   1800
      26.25    115.04      3.46       NaN       NaN    562.15     16.05    630.0   1800
      26.75     48.09     21.48       NaN       NaN    625.04     41.99    630.0   1800
      27.25    113.68     50.12       NaN       NaN    347.84     75.15    630.0   1800
      27.75    189.41    178.23       NaN       NaN    284.23    280.39    630.0   1800
      28.25     32.98    185.06       NaN       NaN    371.16    562.90    630.0   1800
      28.75    -21.20     55.09       NaN       NaN    863.74   1462.97    630.0   1800
      29.25     33.86     25.10       NaN       NaN    764.66     78.44    630.0   1800
