                 MRH
   21    6 2015
    18.4818       1.39       4.58     863.00      25.42     991.80      12.43  102.5    0.0  630.0  180.0
    19.0199       5.30      21.74     813.24     112.27     282.95      15.40  102.5    0.0  630.0  180.0
    19.5581     -13.86      39.73     742.33     195.54     138.14      13.57  102.5    0.0  630.0  180.0
    20.0963     -20.13      25.82     670.91     122.58     134.94       8.67  102.5    0.0  630.0  180.0
    20.6346     -38.71      10.99     902.26      85.70     115.82       4.44  102.5    0.0  630.0  180.0
    21.1728     -20.24      18.19     747.79      90.53     168.04       7.46  102.5    0.0  630.0  180.0
    21.7111     -34.26      27.05     579.39     116.00     174.97      11.19  102.5    0.0  630.0  180.0
    22.2495     -15.99      24.27     683.72     113.27     206.25      11.89  102.5    0.0  630.0  180.0
    22.7877     -21.22       4.32     666.04      15.34     264.32       1.67  102.5    0.0  630.0  180.0
    23.3260      -7.38       6.69     731.64      33.92     455.73       8.13  102.5    0.0  630.0  180.0
    23.8642      -9.60       5.21     726.98      26.33     708.50       9.96  102.5    0.0  630.0  180.0
    24.4024       0.97       3.27     718.71      16.82    1014.35       9.41  102.5    0.0  630.0  180.0
    24.9406       8.67       2.95     759.89      16.46    1062.47       9.67  102.5    0.0  630.0  180.0
    25.4788       9.30       4.48     729.34      22.95     651.75       8.23  102.5    0.0  630.0  180.0
    26.0171      -0.00       5.85     737.95      30.75     414.79       6.79  102.5    0.0  630.0  180.0
    26.5554      20.60      11.46     612.29      49.31     265.05       6.79  102.5    0.0  630.0  180.0
    27.0938       0.96      25.29     335.45      82.76      82.82       4.78  102.5    0.0  630.0  180.0
    27.6320    -144.87      72.54     238.35     370.69      24.68       6.22  102.5    0.0  630.0  180.0
    28.1704      30.57     166.20     407.39     702.87      27.53      10.41  102.5    0.0  630.0  180.0
    28.7087    -132.66     331.88    1100.45    2914.55      16.21       8.25  102.5    0.0  630.0  180.0
    29.2470     -30.38      24.91     603.74     119.94      84.86       5.66  102.5    0.0  630.0  180.0
    18.3763      55.25       2.83     907.93      14.01    1935.30      11.06   12.7  -50.2  630.0  180.0
    18.8618      66.90       7.58     920.92      42.65     727.38      14.31   12.7  -50.2  630.0  180.0
    19.3999      52.17      11.80     841.83      62.26     473.31      14.00   12.7  -50.2  630.0  180.0
    19.9382      32.39       7.07     750.52      35.79     472.13       8.71   12.7  -50.2  630.0  180.0
    20.4764       9.20       3.93     629.59      13.98     402.37       2.46   12.7  -50.2  630.0  180.0
    21.0146      -3.14       6.29     836.33      31.43     500.02       6.90   12.7  -50.2  630.0  180.0
    21.5528      12.59      11.22     725.59      53.35     503.07      13.12   12.7  -50.2  630.0  180.0
    22.0912     -19.90      10.91     736.31      52.72     531.84      13.73   12.7  -50.2  630.0  180.0
    22.6296       1.98       8.48     757.48      41.01     565.94      11.15   12.7  -50.2  630.0  180.0
    23.1677       2.86       1.15    1038.91      17.17     746.03       6.11   12.7  -50.2  630.0  180.0
    23.7060     -25.60       2.81     822.20      16.39     992.12       8.95   12.7  -50.2  630.0  180.0
    24.2442      -9.12       2.13     870.99      13.59    1201.85       9.12   12.7  -50.2  630.0  180.0
    24.7824      19.99       1.29        NaN        NaN        NaN        NaN   12.7  -50.2  630.0  180.0
    25.3207       2.15       3.21     797.52      18.11     917.09       9.11   12.7  -50.2  630.0  180.0
    25.8589      70.26       2.34     932.78      22.71     699.93       8.70   12.7  -50.2  630.0  180.0
    26.3972       9.37       6.25     703.80      28.27     520.37       7.10   12.7  -50.2  630.0  180.0
    26.9355     -10.05      18.16     650.05      83.19     203.43       8.69   12.7  -50.2  630.0  180.0
    27.4738      19.21      38.71     435.34     242.31      49.57       6.19   12.7  -50.2  630.0  180.0
    28.0121     -14.69      44.49     428.23     394.08      50.59       6.85   12.7  -50.2  630.0  180.0
    28.5505     -97.63     119.85     372.43     712.54      22.95       7.97   12.7  -50.2  630.0  180.0
    29.0888     -23.37      33.35     730.67     143.75      76.37       5.44   12.7  -50.2  630.0  180.0
    29.6271      20.48      11.44     787.44      57.87     723.97      19.99   12.7  -50.2  630.0  180.0
    18.4292      35.59       3.15     945.80      19.56    1026.58       9.89  102.5   50.2  630.0  180.0
    18.9674      42.69      18.45     805.80      94.23     335.60      15.27  102.5   50.2  630.0  180.0
    19.5056      34.99      29.93     582.63     133.45     170.89      12.65  102.5   50.2  630.0  180.0
    20.0437      45.70      19.34     582.74      83.86     156.93       7.29  102.5   50.2  630.0  180.0
    20.5820      50.87       4.13     775.57      33.49     114.46       2.02  102.5   50.2  630.0  180.0
    21.1205      56.82      15.19     699.74      71.76     180.40       6.15  102.5   50.2  630.0  180.0
    21.6586      31.29      27.12     567.69     112.66     167.85      10.43  102.5   50.2  630.0  180.0
    22.1969      74.63      19.92     615.17      85.70     248.96      11.35  102.5   50.2  630.0  180.0
    22.7352      78.32       7.92     665.87      34.34     335.69       5.60  102.5   50.2  630.0  180.0
    23.2735      96.80       6.28     664.25      29.57     491.78       7.91  102.5   50.2  630.0  180.0
    23.8117      75.32       6.19     709.61      31.35        NaN        NaN  102.5   50.2  630.0  180.0
    24.3499      68.05       3.33     729.17      17.00     995.06       9.32  102.5   50.2  630.0  180.0
    24.8881      71.18       2.77     825.58      11.18        NaN        NaN  102.5   50.2  630.0  180.0
    25.4263      75.72       4.30     726.29      21.89     728.17       8.61  102.5   50.2  630.0  180.0
    25.9646      60.75       4.14     889.33      24.72     611.34       7.63  102.5   50.2  630.0  180.0
    26.5029      72.89       9.74     669.85      43.21     353.02       7.75  102.5   50.2  630.0  180.0
    27.0412      52.46      19.47     368.64      70.57     104.07       4.52  102.5   50.2  630.0  180.0
    27.5795      32.27      57.71     351.27     236.19      39.47       4.59  102.5   50.2  630.0  180.0
    28.1179      73.58     121.80     424.66     474.05      40.86      12.49  102.5   50.2  630.0  180.0
    28.6562      -9.58     181.17     267.58     751.93      22.20       9.06  102.5   50.2  630.0  180.0
    29.1945      -8.86      21.11     624.64      94.24     174.15       8.60  102.5   50.2  630.0  180.0
    29.7328      15.87       9.69     746.63      47.41    1099.43      25.66  102.5   50.2  630.0  180.0
    18.5345      22.00       2.45     889.13      15.20    1432.22      11.50   45.0  -45.0  630.0  180.0
    19.0726       1.68      12.21     898.97      68.00     487.80      15.37   45.0  -45.0  630.0  180.0
    19.6108      -4.23      17.31     770.27      87.90     282.66      12.28   45.0  -45.0  630.0  180.0
    20.1490     -25.64       7.06     663.59      33.93     357.05       6.82   45.0  -45.0  630.0  180.0
    20.6873     -43.45       8.12     674.13      36.30     393.35       7.06   45.0  -45.0  630.0  180.0
    21.2255     -45.86      12.78     752.98      62.75     360.06      10.96   45.0  -45.0  630.0  180.0
    21.7638     -48.43      13.83     704.81      65.58     401.32      13.10   45.0  -45.0  630.0  180.0
    22.3022     -53.30      12.86     715.05      61.20     424.22      12.96   45.0  -45.0  630.0  180.0
    22.8404     -44.81       4.80     658.26      20.25     520.26       5.00   45.0  -45.0  630.0  180.0
    23.3787     -58.10       3.62     841.23      22.06     745.13       8.71   45.0  -45.0  630.0  180.0
    23.9169     -59.20       2.74     792.53      15.77    1082.31       9.48   45.0  -45.0  630.0  180.0
    24.4552     -48.64       3.41     806.91      19.25    1193.01      12.60   45.0  -45.0  630.0  180.0
    24.9933     -23.81       1.64     933.07      14.29        NaN        NaN   45.0  -45.0  630.0  180.0
    25.5315     -33.72       3.53     856.29      21.71     765.63       8.74   45.0  -45.0  630.0  180.0
    26.0698     -64.19       3.80     896.90      17.73        NaN        NaN   45.0  -45.0  630.0  180.0
    26.6081     -18.27      11.03     723.60      52.46     369.59       9.47   45.0  -45.0  630.0  180.0
    27.1465     -46.78      28.59     385.60     101.57      90.62       5.77   45.0  -45.0  630.0  180.0
    27.6847    -103.97      69.81     296.14     268.86      39.26       6.97   45.0  -45.0  630.0  180.0
    28.2231      -6.47     161.06     317.61     603.62      33.60      12.03   45.0  -45.0  630.0  180.0
    28.7614       5.93     165.90     473.45    1211.31      18.30       8.84   45.0  -45.0  630.0  180.0
    29.2997       9.04      45.31     671.64     215.20     118.88      13.30   45.0  -45.0  630.0  180.0
    18.5870     -30.44       2.36     907.24      14.97    1475.55      11.76   89.9  -45.0  630.0  180.0
    19.1251     -50.84      13.91     738.83      69.61     334.65      11.82   89.9  -45.0  630.0  180.0
    19.6636     -96.06      23.86     574.87     106.88     171.16      10.21   89.9  -45.0  630.0  180.0
    20.2015     -95.87       9.76     526.88      46.67     172.38       4.99   89.9  -45.0  630.0  180.0
    20.7398    -112.36       8.25     982.08      48.39     258.36       5.09   89.9  -45.0  630.0  180.0
    21.2782     -98.38      15.99     718.07      77.57     261.75      10.17   89.9  -45.0  630.0  180.0
    21.8163     -90.22      18.21     640.04      82.76     285.29      12.30   89.9  -45.0  630.0  180.0
    22.3547    -101.95      16.00     728.68      78.26     330.19      12.80   89.9  -45.0  630.0  180.0
    22.8930     -92.50       1.98    1208.85      26.39     477.62       5.53   89.9  -45.0  630.0  180.0
    23.4312    -115.50       3.49     928.54      22.68     713.30       8.28   89.9  -45.0  630.0  180.0
    23.9696     -99.22       2.60     948.04      12.26     522.90       4.44   89.9  -45.0  630.0  180.0
    24.5077     -81.83       2.03     849.14      12.77        NaN        NaN   89.9  -45.0  630.0  180.0
    25.5841     -50.43       4.48     849.04      21.02        NaN        NaN   89.9  -45.0  630.0  180.0
    26.1224     -81.34       2.44     386.34       9.19     319.78       1.70   89.9  -45.0  630.0  180.0
    26.6607     -34.00      15.19     637.79      67.98     278.41       9.89   89.9  -45.0  630.0  180.0
    27.1990     -80.38      35.44     360.23     125.47      72.49       6.14   89.9  -45.0  630.0  180.0
    27.7374    -133.93     126.03     330.11     420.78      34.83      10.25   89.9  -45.0  630.0  180.0
    28.2756     -23.32     130.86     334.92     879.42      20.51       7.73   89.9  -45.0  630.0  180.0
    28.8140      14.99      38.95     627.03     257.76      21.48       2.18   89.9  -45.0  630.0  180.0
    29.3523     -23.95      17.75     925.57     101.11     178.68       8.00   89.9  -45.0  630.0  180.0
    18.6395     -86.58       1.11    1088.40      14.58    1142.55       7.47  134.9  -45.0  630.0  180.0
    18.6918     -81.30       2.17    1105.99      20.37    1013.64      10.66  134.9  -45.0  630.0  180.0
    18.7440     -86.36       1.49    1246.27      20.35     797.08       7.17  134.9  -45.0  630.0  180.0
    18.7962     -72.56       4.38     863.63      25.58     692.56       9.00  134.9  -45.0  630.0  180.0
    19.1777     -69.41      16.65     699.53      80.12     243.13      10.13  134.9  -45.0  630.0  180.0
    19.2299     -89.02      18.36     722.26      91.58     222.76      10.40  134.9  -45.0  630.0  180.0
    19.2821    -109.66      21.19     631.23      99.40     197.87      10.58  134.9  -45.0  630.0  180.0
    19.3344     -97.56      24.61     744.91     126.70     189.64      12.22  134.9  -45.0  630.0  180.0
    19.7159     -57.71      35.84     575.84     154.72     114.90       9.87  134.9  -45.0  630.0  180.0
    19.7681     -77.20      32.56     559.16     135.45     121.64       9.34  134.9  -45.0  630.0  180.0
    19.8203     -99.59      31.64     435.57     123.80     109.25       8.43  134.9  -45.0  630.0  180.0
    19.8726     -89.57      34.41     750.83     172.98     125.08      10.97  134.9  -45.0  630.0  180.0
    20.2541    -155.42      12.74     472.56      58.34     124.24       4.06  134.9  -45.0  630.0  180.0
    20.3063    -113.67       7.63     326.71      52.13      56.07       2.25  134.9  -45.0  630.0  180.0
    20.3585    -104.08      12.00     587.73      53.92     147.97       4.07  134.9  -45.0  630.0  180.0
    20.4107     -97.95       6.65     403.43      20.36      89.70       1.00  134.9  -45.0  630.0  180.0
    20.7924    -101.43      11.46     549.18      49.10     155.78       4.00  134.9  -45.0  630.0  180.0
    20.8446     -93.07      10.04     434.91      40.91     122.43       2.52  134.9  -45.0  630.0  180.0
    20.8968    -111.50      12.59     375.43      41.86     100.56       2.60  134.9  -45.0  630.0  180.0
    20.9490     -83.13      15.49     377.65      59.70     119.93       4.02  134.9  -45.0  630.0  180.0
    21.3306    -104.79      29.11     758.43     148.78     153.23      11.20  134.9  -45.0  630.0  180.0
    21.3828     -98.66      27.85     618.33     123.82     148.24       9.74  134.9  -45.0  630.0  180.0
    21.4351     -75.38      28.36     532.97     116.55     154.66      10.23  134.9  -45.0  630.0  180.0
    21.4873     -92.43      26.54     584.30     114.04     161.12       9.97  134.9  -45.0  630.0  180.0
    21.8689     -77.84      24.49     554.62     102.03     196.02      11.38  134.9  -45.0  630.0  180.0
    21.9211     -76.94      24.33     580.12     103.95     201.84      11.52  134.9  -45.0  630.0  180.0
    21.9733     -82.02      25.12     743.58     125.29     214.41      13.36  134.9  -45.0  630.0  180.0
    22.0256     -98.12      23.41     615.30     103.50     215.32      11.99  134.9  -45.0  630.0  180.0
    22.4073     -88.41      20.36     664.93      95.77     235.95      11.77  134.9  -45.0  630.0  180.0
    22.4596     -80.96      19.36     689.80      91.53     246.94      11.50  134.9  -45.0  630.0  180.0
    22.5118     -89.99      18.90     708.67      90.53     254.61      11.53  134.9  -45.0  630.0  180.0
    22.5641     -99.61      16.30     727.17      79.46     269.28      10.66  134.9  -45.0  630.0  180.0
    22.9455     -57.64       5.93     672.32      29.49     392.37       6.46  134.9  -45.0  630.0  180.0
    22.9977     -82.23       7.16     761.69      37.97     417.48       8.26  134.9  -45.0  630.0  180.0
    23.0500     -69.09       5.93     698.08      29.90     428.68       7.07  134.9  -45.0  630.0  180.0
    23.1022     -97.39       6.63     717.41      30.33     450.27       7.39  134.9  -45.0  630.0  180.0
    23.4838     -85.93       5.67     698.80      28.31     619.23       9.41  134.9  -45.0  630.0  180.0
    23.5360     -79.86       4.57     712.01      23.42     686.93       8.74  134.9  -45.0  630.0  180.0
    23.5883     -89.30       4.50     717.41      23.17     728.73       9.26  134.9  -45.0  630.0  180.0
    23.6405     -85.17       3.75     723.14      19.61     787.28       8.59  134.9  -45.0  630.0  180.0
    24.0220     -75.87       2.71     742.23      14.50    1122.12       9.37  134.9  -45.0  630.0  180.0
    24.0743     -75.99       2.47     764.82      13.83    1187.89       9.41  134.9  -45.0  630.0  180.0
    24.1265     -78.24       2.66     834.33      15.11     462.31       4.51  134.9  -45.0  630.0  180.0
    24.1787     -76.70       3.62        NaN        NaN        NaN        NaN  134.9  -45.0  630.0  180.0
    24.5602     -75.88       1.69     930.27      13.62        NaN        NaN  134.9  -45.0  630.0  180.0
    24.6125     -85.46       1.76        NaN        NaN        NaN        NaN  134.9  -45.0  630.0  180.0
    24.6647     -73.28       2.19     818.20      15.55        NaN        NaN  134.9  -45.0  630.0  180.0
    24.7169     -69.39       2.24     388.64       7.00        NaN        NaN  134.9  -45.0  630.0  180.0
    25.0984     -63.73       2.92     760.22      16.03     993.24       8.86  134.9  -45.0  630.0  180.0
    25.1506     -53.49       3.33     764.76      18.09     919.92       9.14  134.9  -45.0  630.0  180.0
    25.2028     -42.74       3.66     772.34      19.93     857.99       9.17  134.9  -45.0  630.0  180.0
    25.2550     -46.14       3.46     736.10      18.36     827.19       8.48  134.9  -45.0  630.0  180.0
    25.6366     -50.83       2.96    1002.32      16.41        NaN        NaN  134.9  -45.0  630.0  180.0
    25.6888     -47.03       3.89        NaN        NaN        NaN        NaN  134.9  -45.0  630.0  180.0
    25.7411     -43.90       4.12     760.37      22.38     660.08       7.93  134.9  -45.0  630.0  180.0
    25.7933     -47.35       4.05     831.15      23.66     631.99       7.75  134.9  -45.0  630.0  180.0
    26.1749     -45.70       7.02     794.47      34.96     462.13       7.39  134.9  -45.0  630.0  180.0
    26.2271    -144.73       2.00     405.93      10.19     313.03       1.55  134.9  -45.0  630.0  180.0
    26.2794     -37.39       1.87     701.49      14.40     307.21       2.41  134.9  -45.0  630.0  180.0
    26.3316     -28.66       4.82     603.33      18.92     416.64       3.83  134.9  -45.0  630.0  180.0
    26.7132     -41.80      19.24     628.98      86.18     226.43      10.25  134.9  -45.0  630.0  180.0
    26.7654     -56.49      19.18     668.59      89.00     215.77       9.90  134.9  -45.0  630.0  180.0
    26.8177     -70.70      23.50     582.99     100.98     179.98      10.01  134.9  -45.0  630.0  180.0
    26.8699     -89.29      23.57     793.88     124.26     180.15      10.79  134.9  -45.0  630.0  180.0
    27.2515     -93.64      45.00     407.45     167.75      60.80       6.62  134.9  -45.0  630.0  180.0
    27.3038    -111.42      40.12     269.67     149.55      58.16       6.16  134.9  -45.0  630.0  180.0
    27.3560    -116.62      29.72     257.20     174.45      45.04       4.65  134.9  -45.0  630.0  180.0
    27.4082     -87.96      69.35     324.74     591.05      35.03       4.64  134.9  -45.0  630.0  180.0
    27.7898     -31.69      99.16     162.61     430.09      31.84       6.72  134.9  -45.0  630.0  180.0
    27.8420    -122.75      69.46     201.36     386.32      35.03       7.60  134.9  -45.0  630.0  180.0
    27.8943     -16.49     107.28     296.89     371.32      37.68       9.18  134.9  -45.0  630.0  180.0
    27.9465     -70.70      58.33     395.94     565.07      30.81       5.94  134.9  -45.0  630.0  180.0
    28.3282    -155.37     155.93     270.78     714.20      28.58       8.20  134.9  -45.0  630.0  180.0
    28.3804     112.68      68.95     304.10     568.87      23.28       7.98  134.9  -45.0  630.0  180.0
    28.4326     -31.92     147.00    1026.36    1838.03      20.13      10.67  134.9  -45.0  630.0  180.0
    28.4848     169.29     152.96    1245.00    5512.00      16.91       8.62  134.9  -45.0  630.0  180.0
    28.8665     -69.23      42.67     181.81     113.82      18.83       1.27  134.9  -45.0  630.0  180.0
    28.9188       1.20     140.76     911.28    1954.03      22.55      10.23  134.9  -45.0  630.0  180.0
    28.9710     -22.24     168.84     227.34     609.71      23.41       9.39  134.9  -45.0  630.0  180.0
    29.0232       0.45      23.53     275.78     256.16      29.64       4.51  134.9  -45.0  630.0  180.0
    29.4048       3.32       3.04     854.13      28.81     182.81       2.83  134.9  -45.0  630.0  180.0
    29.4570      11.00      16.95     796.99      86.57     339.14      13.98  134.9  -45.0  630.0  180.0
    29.5092       3.33      13.10     751.92      64.23     392.74      12.24  134.9  -45.0  630.0  180.0
    29.5615      -0.30       6.55     837.99      33.43     550.96       8.21  134.9  -45.0  630.0  180.0
    18.9148      69.29      12.78     826.53      65.89     468.31      14.78  147.5   39.9  630.0  180.0
    19.4530      84.00      21.17     732.72     101.56     263.28      13.47  147.5   39.9  630.0  180.0
    19.9912      39.60      14.89     619.05      65.64     238.80       8.60  147.5   39.9  630.0  180.0
    20.5295      27.96       2.78     717.66      22.25     170.42       2.05  147.5   39.9  630.0  180.0
    21.0678      40.76       9.12     488.62      33.97     237.56       4.55  147.5   39.9  630.0  180.0
    21.6060      50.99      17.99     690.77      82.62     283.26      11.88  147.5   39.9  630.0  180.0
    22.1444      52.07      15.40     678.97      70.07     342.37      12.26  147.5   39.9  630.0  180.0
    22.6826      49.22       8.69     766.63      41.79     449.59       8.85  147.5   39.9  630.0  180.0
    23.2209      59.51       4.46     711.18      22.70     585.93       7.36  147.5   39.9  630.0  180.0
    23.7591      49.57       3.54     739.38      18.49     819.34       8.39  147.5   39.9  630.0  180.0
    24.2974      54.97       3.25     753.01      17.18     998.39       9.32  147.5   39.9  630.0  180.0
    24.8356      50.46       2.15     744.84      11.74    1286.71       8.92  147.5   39.9  630.0  180.0
    25.3737      38.47       4.33     738.52      22.32     696.06       8.43  147.5   39.9  630.0  180.0
    25.9121      35.63       4.58     761.91      24.42     555.45       7.32  147.5   39.9  630.0  180.0
    26.4503      38.72      11.57     691.29      53.22     348.51       9.27  147.5   39.9  630.0  180.0
    26.9887      19.97      21.58     495.32      86.41     126.86       6.30  147.5   39.9  630.0  180.0
    27.5270     154.04      37.07     291.06     246.56      34.90       4.47  147.5   39.9  630.0  180.0
    28.0653     -57.12      84.67     253.61     267.12      49.90       9.95  147.5   39.9  630.0  180.0
    28.6039      79.72     214.66     785.00    1695.00      15.82       9.86  147.5   39.9  630.0  180.0
    29.1419      13.36      66.91     478.83     275.33      75.94      12.18  147.5   39.9  630.0  180.0
    29.6802      24.37       8.43     777.94      42.09    1192.45      24.00  147.5   39.9  630.0  180.0
