                 MRH
   21    6 2015
    18.4818        NaN        NaN        NaN        NaN     863.00      25.42  102.5    0.0  630.0  180.0
    19.0199        NaN        NaN        NaN        NaN     813.24     112.27  102.5    0.0  630.0  180.0
    19.5581        NaN        NaN        NaN        NaN     742.33     195.54  102.5    0.0  630.0  180.0
    20.0963        NaN        NaN        NaN        NaN     670.91     122.58  102.5    0.0  630.0  180.0
    20.6346        NaN        NaN        NaN        NaN     902.26      85.70  102.5    0.0  630.0  180.0
    21.1728        NaN        NaN        NaN        NaN     747.79      90.53  102.5    0.0  630.0  180.0
    21.7111        NaN        NaN        NaN        NaN     579.39     116.00  102.5    0.0  630.0  180.0
    22.2495        NaN        NaN        NaN        NaN     683.72     113.27  102.5    0.0  630.0  180.0
    22.7877        NaN        NaN        NaN        NaN     666.04      15.34  102.5    0.0  630.0  180.0
    23.3260        NaN        NaN        NaN        NaN     731.64      33.92  102.5    0.0  630.0  180.0
    23.8642        NaN        NaN        NaN        NaN     726.98      26.33  102.5    0.0  630.0  180.0
    24.4024        NaN        NaN        NaN        NaN     718.71      16.82  102.5    0.0  630.0  180.0
    24.9406        NaN        NaN        NaN        NaN     759.89      16.46  102.5    0.0  630.0  180.0
    25.4788        NaN        NaN        NaN        NaN     729.34      22.95  102.5    0.0  630.0  180.0
    26.0171        NaN        NaN        NaN        NaN     737.95      30.75  102.5    0.0  630.0  180.0
    26.5554        NaN        NaN        NaN        NaN     612.29      49.31  102.5    0.0  630.0  180.0
    27.0938        NaN        NaN        NaN        NaN     335.45      82.76  102.5    0.0  630.0  180.0
    27.6320        NaN        NaN        NaN        NaN     238.35     370.69  102.5    0.0  630.0  180.0
    28.1704        NaN        NaN        NaN        NaN     407.39     702.87  102.5    0.0  630.0  180.0
    28.7087        NaN        NaN        NaN        NaN    1100.45    2914.55  102.5    0.0  630.0  180.0
    29.2470        NaN        NaN        NaN        NaN     603.74     119.94  102.5    0.0  630.0  180.0
    18.5870      43.05       3.33        NaN        NaN     907.24      14.97   89.9  -45.0  630.0  180.0
    19.1251      71.90      19.68        NaN        NaN     738.83      69.61   89.9  -45.0  630.0  180.0
    19.6636     135.85      33.74        NaN        NaN     574.87     106.88   89.9  -45.0  630.0  180.0
    20.2015     135.58      13.80        NaN        NaN     526.88      46.67   89.9  -45.0  630.0  180.0
    20.7398     158.90      11.66        NaN        NaN     982.08      48.39   89.9  -45.0  630.0  180.0
    21.2782     139.13      22.61        NaN        NaN     718.07      77.57   89.9  -45.0  630.0  180.0
    21.8163     127.59      25.75        NaN        NaN     640.04      82.76   89.9  -45.0  630.0  180.0
    22.3547     144.18      22.63        NaN        NaN     728.68      78.26   89.9  -45.0  630.0  180.0
    22.8930     130.81       2.80        NaN        NaN    1208.85      26.39   89.9  -45.0  630.0  180.0
    23.4312     163.34       4.94        NaN        NaN     928.54      22.68   89.9  -45.0  630.0  180.0
    23.9696     140.32       3.68        NaN        NaN     948.04      12.26   89.9  -45.0  630.0  180.0
    24.5077     115.73       2.86        NaN        NaN     849.14      12.77   89.9  -45.0  630.0  180.0
    25.5841      71.31       6.34        NaN        NaN     849.04      21.02   89.9  -45.0  630.0  180.0
    26.1224     115.04       3.46        NaN        NaN     386.34       9.19   89.9  -45.0  630.0  180.0
    26.6607      48.09      21.48        NaN        NaN     637.79      67.98   89.9  -45.0  630.0  180.0
    27.1990     113.68      50.12        NaN        NaN     360.23     125.47   89.9  -45.0  630.0  180.0
    27.7374     189.41     178.23        NaN        NaN     330.11     420.78   89.9  -45.0  630.0  180.0
    28.2756      32.98     185.06        NaN        NaN     334.92     879.42   89.9  -45.0  630.0  180.0
    28.8140     -21.20      55.09        NaN        NaN     627.03     257.76   89.9  -45.0  630.0  180.0
    29.3523      33.86      25.10        NaN        NaN     925.57     101.11   89.9  -45.0  630.0  180.0
