  Image    fringe1  fringe2  fringe3  fringe4  fringe5  fringe6  fringe7
-----------------------------------------------------------------------------
    1     0.712448 0.709731 0.707838 0.704178 0.697258 0.694692 0.689658
    2     0.713724 0.713644 0.711071 0.706624 0.700917 0.698556 0.695548
    3     0.718596 0.743452 0.733562 0.750090 0.740273 0.703952 0.702085
    4     0.357956 0.716433 0.714715 0.708805 0.704533 0.702387 0.699831
    5     0.724905 0.725474 0.721617 0.717954 0.714403 0.709114 0.708310
    6     0.730988 0.730389 0.735218 0.723960 0.719880 0.720321 0.712420
    7     0.731362 0.731995 0.730737********* 0.721794 0.716826 0.715990
    8     0.731594 0.732269 0.734671 0.725176 0.722299 0.715121 0.715182
    9     0.731306 0.729229 0.728497 0.724519 0.716393 0.716285 0.719084
   10     0.713110 0.709078 0.701818 0.700417 0.697906 0.691812 0.690768
   11     0.708354 0.707679 0.706313 0.698939 0.699342 0.692592 0.691972
   12     0.710543 0.712500 0.707695 0.703356 0.706346 0.697830 0.699063
   13     0.716849 0.714368 0.717926 0.706458 0.708007 0.706969 0.709661
   14     0.718575 0.714166 0.719102 0.710595 0.709406 0.704388 0.708643
   15     0.728611 0.724525 0.732313 0.718426 0.711996 0.711981 0.719272
   16     0.725798 0.725013 0.730758 0.729685 0.722925 0.717679 0.721945
   17     0.736455 0.740242 0.734360 0.716359 0.723649 0.718424 0.722080
   18     0.730038 0.743064 0.737958 0.727534 0.727397 0.721434 0.733960
   19     0.731339 0.734446 0.746124 0.718777 0.717815 0.719455 0.734623
   20     0.713050 0.710724 0.711030 0.703258 0.702335 0.696729 0.698558
   21     0.706777 0.701584 0.699857 0.699596 0.697746 0.692859 0.708777
   22     0.705519 0.710937 0.714533 0.695714 0.712213 0.703629 0.715901
   23     0.721291 0.722151 0.724729 0.717888 0.717246 0.693749 0.717914
   24     0.723010 0.715167 0.718124 0.716698 0.713659 0.705970 0.711883
   25     0.732001 0.732591 0.732471 0.721415 0.734483 0.720000 0.744228
   26     0.736027 0.744879 0.722650 0.715368 0.728967 0.708653 0.762176
   27     0.733695 0.733531 0.741325 0.727885 0.720495 0.710525 0.762469
   28     0.732825 0.724289 0.734189 0.732116 0.725716 0.730640 0.739279
   29     0.733618 0.734251 0.739392 0.719686 0.737549 0.728587 0.765716
   30     0.720996 0.715669 0.712251 0.708370 0.706402 0.701729 0.702489
   31     0.718071 0.716826 0.709062 0.711680 0.705671 0.697338 0.702176
   32     0.722523 0.713764 0.711927 0.716178 0.698411 0.684104 0.705026
   33     0.726043 0.736258 0.719682 0.723859 0.709182 0.701804 0.722889
   34     0.726898 0.749834 0.724900 0.716065 0.719061 0.715188 0.710463
   35     0.729770 0.739217 0.793968 0.715053********* 0.722385 0.735580
   36     0.742942 0.742900 0.735659 0.723239 0.737226 0.740515 0.746658
   37     0.744451 0.764104 0.748582****************** 0.731720 0.724932
   38     0.728318 0.736057 0.749736 0.723231 0.733406 0.710571 0.731196
   39     0.723873 0.742014 0.727782 0.734673 0.733534 0.720976 0.738557
   40     0.720791 0.724265 0.718911 0.713089 0.711038 0.705759 0.699987
   41     0.719658 0.712060 0.719002 0.702577 0.709390 0.710803 0.715101
   42     0.729046 0.713641 0.708111 0.706753 0.704956 0.704548 0.705560
   43     0.713252 0.733532 0.733006 0.726708 0.721635 0.734246 0.712862
   44     0.725973 0.730446 0.730985 0.727130 0.718694 0.714651 0.719629
   45     0.737790 0.739970 0.731448 0.739136 0.724842 0.732908 0.728090
   46     0.729889 0.738963 0.741921 0.730775 0.724124 0.729904 0.739224
   47     0.731470 0.742789 0.732142 0.734501 0.725433 0.727699 0.725106
   48     0.746588 0.733242 0.746378 0.729242 0.735906 0.723344 0.733275
   49     0.743886 0.730649 0.742978 0.719116 0.723027 0.725131 0.728729
   50     0.728030 0.725073 0.722970 0.715988 0.711449 0.710439 0.711362
   51     0.713631 0.716676 0.719873 0.709637 0.718081 0.702226 0.698487
   52     0.710469 0.714951 0.716536 0.708585 0.709832 0.698420 0.697152
   53     0.730005 0.731643 0.722157 0.722666 0.722403 0.709522 0.707799
   54     0.736406 0.730935 0.730110 0.723559 0.717773 0.715903 0.723116
   55     0.744551 0.735429 0.736789 0.734661 0.730613 0.720060 0.734686
   56     0.737227 0.744768 0.745928 0.731502 0.730448 0.727697 0.726826
   57     0.738907 0.740166 0.727793 0.732587 0.737961 0.734458 0.732492
   58     0.744639 0.739955 0.728349 0.733115 0.711662 0.724451 0.733712
   59     0.741646 0.739848 0.737351 0.735529 0.725681 0.727891 0.725074
   60     0.724785 0.724265 0.723511 0.715713 0.714716 0.704662 0.708948
   61     0.725086 0.712368 0.713337 0.708910 0.704248 0.700780 0.710148
   62     0.724155 0.718815 0.713313 0.706793 0.719757 0.701191 0.717133
   63     0.730825 0.723328 0.731409 0.730133 0.719313 0.713209 0.724441
   64     0.741203 0.732590 0.730807 0.725132 0.717561 0.717798 0.722886
   65     0.743087 0.740864 0.741421 0.734152 0.725289 0.721750 0.729951
   66     0.738071 0.734674 0.732153 0.742432 0.718142 0.728355 0.734263
   67     0.740822 0.735115 0.735609 0.728142 0.729393 0.721903 0.734552
   68     0.737155 0.732963 0.731440 0.739890 0.734085 0.727028 0.728237
   69     0.739284 0.743512 0.739541 0.729105 0.728916 0.735692 0.735992
   70     0.730813 0.730166 0.725712 0.726674 0.717284 0.717409 0.712405
   71     0.723274 0.718847 0.712239 0.714076 0.705046 0.703717 0.704789
   72     0.713319 0.713435 0.715329 0.706286 0.702302 0.705315 0.703793
   73     0.733705 0.741560 0.723287 0.718708 0.711349 0.714534 0.715963
   74     0.741557 0.734572 0.729954 0.723852 0.728009 0.717025 0.726566
   75     0.740380 0.744750 0.739808 0.734514 0.736289 0.726844 0.736046
   76     0.742842 0.740993 0.741912 0.736629 0.725705 0.726816 0.726204
   77     0.747033 0.734296 0.737780 0.730531 0.727173 0.724279 0.732642
   78     0.740249 0.740188 0.742621 0.736238 0.729308 0.730880 0.726010
   79     0.743636 0.739557 0.743173 0.740188 0.731104 0.729273 0.730534
   80     0.732302 0.722860 0.724521 0.723489 0.714761 0.713587 0.710005
   81     0.720691 0.721364 0.721815 0.713455 0.708494 0.701992 0.701396
   82     0.717948 0.712269 0.715560 0.707583 0.704567 0.697881 0.700442
   83     0.726369 0.725074 0.722446 0.720228 0.717618 0.713289 0.714124
   84     0.734481 0.738896 0.732952 0.726497 0.728660 0.719592 0.712519
   85     0.746403 0.743872 0.744890 0.731745 0.730591 0.734235 0.730969
   86     0.742342 0.742594 0.730679 0.727801 0.727714 0.722752 0.722821
   87     0.751342 0.739534 0.744144 0.733022 0.727658 0.722497 0.731055
   88     0.740560 0.741863 0.736799 0.732997 0.726862 0.723923 0.732949
   89     0.972498 0.741426 0.739448 0.737396 0.727843 0.728257 0.735509
   90     0.732367 0.732466 0.729662 0.723635 0.717487 0.714844 0.712170
   91     0.722646 0.717318 0.718297 0.709563 0.710136 0.702064 0.702557
   92     0.668162 0.713226 0.712703 0.704880 0.701976 0.696423 0.696444
   93     0.754632 0.729642 0.728347 0.721908 0.719162 0.712825 0.718453
   94     0.743816 0.736595 0.736544 0.732195 0.726414 0.723455 0.723007
   95     0.747382 0.747510 0.744618 0.739905 0.734859 0.732275 0.732180
   96     0.752397 0.742396 0.739674 0.734312 0.732003 0.729206 0.727365
   97     0.744312 0.737728 0.739607 0.735550 0.730838 0.725020 0.728312
   98     0.744164 0.743039 0.740536 0.736594 0.731378 0.729033 0.725127
   99     0.743211 0.740626 0.740467 0.735587 0.731418 0.727598 0.727310
  100     0.735917 0.733700 0.729925 0.723859 0.722158 0.718009 0.714311
  101     0.722895 0.719355 0.717843 0.715753 0.709027 0.706111 0.705994
  102     0.720193****************** 0.720538 0.707515 0.698195 0.700214
  103     0.732856 0.743286 0.728727 0.717087 0.719557 0.713705 0.711936
  104     0.740818 0.739722 0.736296 0.730644 0.726450 0.723019 0.722722
  105    ********* 0.744993 0.742956 0.739252 0.733503 0.730237 0.725404
  106     0.744865 0.741570 0.736862 0.733882 0.729428 0.728638 0.725350
  107     0.742642 0.740821 0.737042 0.734379 0.730785 0.726104 0.724717
  108    ********* 0.741889 0.737535 0.735559 0.731644 0.726232 0.724292
  109    *********-6.833920 0.737465 9.886194 0.730498 0.724731 0.724393
  110     0.732692 0.731187 0.728351 0.723770 0.719375 0.716742 0.714278
  111     0.723519 0.720276 0.717539 0.712340 0.708029 0.705936 0.704052
  112     0.718300 0.719259 0.714919 0.710380 0.707523 0.703263 0.701981
  113     0.731358 0.729078 0.724575 0.721977 0.718118 0.713802 0.710920
  114     0.738377 0.737399 0.733926 0.729967 0.726792 0.722038 0.718499
  115     0.742103********* 0.738656 0.735098 0.732837 0.730560 0.724988
  116     0.744046 0.738969 0.737968 0.733942********* 0.727127 0.723709
  117     0.744374 0.742518 0.739156 0.734261 0.731474 0.726581*********
  118     0.743111*************************** 0.730134 0.727687 0.724159
  119     0.742727****************** 0.733021 0.729054-2.438862 0.724190
  120     0.731795 0.727803 0.725177 0.190038 0.715750********* 0.711443
  121     0.164652 0.719406 0.716781 0.713095 0.708830 0.705260 0.703124
  122     0.71955287.037964********* 0.710891 0.705470 0.702478 0.699120
  123     0.731418 0.727805 0.724420 0.720901 0.715251 0.713622 0.710605
  124     0.736174 0.733962 0.731398 0.727386****************** 0.718298
  125    ******************-9.357735 7.254120 0.730061 0.723709 0.721336
  126     0.742286 0.738957 0.739239 0.730209 0.727687 0.724422 0.722058
  127     0.738524 0.738728 0.734162 0.729790 0.725546 0.724178 0.722384
  128     0.738459 0.734218 0.732325 0.729456 0.725232 0.722892 0.719017
  129     0.739659 0.736735 0.732995 0.728781 0.725681 0.719552 0.720699
  130     0.729446 0.728346 0.725804 0.721016 0.718197 0.714017 0.709649
  131     0.723494 0.725921 0.720460 0.715914 0.708821 0.708158 0.706720
  132     0.719938 0.717668 0.714993 0.708728 0.702956 0.704360 0.701297
  133     0.727691 0.727482 0.723416 0.720815 0.719617 0.712199 0.714478
  134     0.736303 0.736450 0.731665 0.726770 0.723776 0.718914 0.718272
  135     0.740969 0.739148 0.734985 0.728868 0.727816******************
  136     0.388318****************** 0.748455 2.310885 0.949050 0.720044
  137    ********* 0.738081********* 0.729087 0.726383 0.720373 0.720496
  138     0.741790 0.731898 0.733074 0.727703 0.725355 0.720340 0.720541
  139     0.738763 0.736579 0.732881 0.728212 0.726786 0.725598 0.720170
  140     0.285651 0.731596 0.726726 0.719977 0.720652 0.712372 0.713834
  141     0.722169 0.725035 0.720329 0.714165 0.713645 0.709065 0.709574
  142     0.722003 0.722206 0.717360 0.708678 0.710851 0.703972 0.700691
  143     0.730461 0.729188 0.725678 0.720784 0.723354 0.708779 0.715841
  144    ********* 0.717674********* 0.728338 0.727794 0.720764 0.721082
  145     0.742115 0.741483 0.731309 0.731980 0.725982 0.721371 0.722998
  146     0.736662 0.735981 0.732913 0.730706 0.725523 0.720679 0.720721
  147     0.736934 0.742441 0.730344 0.731595 0.725479 0.720383 0.718190
  148     0.736187 0.732307 0.729533 0.728705 0.724542 0.720923 0.715868
  149     0.735604 0.729783 0.728797 0.725057 0.723928 0.720864 0.718979
  150     0.727804 0.727491 0.725937 0.719609 0.719461 0.713236 0.709085
  151     0.724976 0.727401 0.719172 0.713481 0.710563 0.707137 0.706572
  152     0.719322 0.718241 0.713073 0.707167 0.711360 0.700823 0.701864
  153     0.732673 0.722950 0.725226 0.720049 0.711204 0.709762 0.708438
  154     0.734983 0.729029 0.727430 0.723884 0.725044 0.716141 0.718298
  155     0.728550 0.734778 0.732843 0.728801 0.726237 0.719752 0.724458
  156     0.736319 0.734823 0.731753 0.729828 0.722601 0.719087 0.728570
  157     0.739134 0.740383 0.733672 0.718230 0.728620 0.725550 0.733851
  158     0.735310 0.743324 0.742139 0.736117 0.725459 0.721202 0.733259
  159     0.743823 0.750781 0.736695 0.729810 0.732561 0.728982 0.730051
  160     0.734437 0.727096 0.723314 0.727179 0.715380 0.720834 0.718377
  161     0.722467 0.721866 0.723087 0.726215 0.713988 0.708591 0.720997
  162     0.725942 0.722769 0.720969 0.707562 0.707239 0.701107 0.701252
  163     0.732264 0.714562 0.731796 0.715216 0.718521 0.720139 0.729758
  164     0.736246 0.736039 0.726010 0.729722 0.739094 0.714007 0.728717
  165     0.739320 0.740799 0.743950 0.734826 0.734177 0.721132 0.730782
  166     0.736162 0.734873 0.748759 0.725021 0.721707 0.747189 0.755968
  167     0.752516 0.729297 0.768384 0.749951 0.737882 0.718253 0.795003
  168     0.719823 0.718966 0.757022 0.720683 0.731469 0.731558 0.755231
  169     0.729598 0.756305 0.725196 0.739317 0.768356 0.761657 0.738208
  170     0.739137 0.715784 0.738029 0.712028 0.726168 0.707907 0.753599
  171     0.729988 0.707309 0.730132 0.693752 0.703832 0.695567 0.698246
  172     0.715494 0.710685 0.704702 0.728464 0.719136 0.714706 0.719699
  173     0.764661 0.710359 0.737804 0.749375 0.762053 0.045790 0.769538
  174     0.739662 0.752566 0.727370 0.748572 0.725246 0.729598 0.798604
  175     0.745509 0.740068 0.750175 0.757429 0.762515 0.754354 0.802818
  176     0.743318 0.736472 0.739027 0.711245 0.774954 0.722935 0.886801
  177     0.769151 0.705504 0.756020 0.728507 0.739177 0.746861 0.764121
  178     0.735620 0.743118 0.718174 0.738410 0.708504 0.702162 0.863898
  179     0.730163 0.757178 0.746331 0.760195 0.678893 0.723711 0.766797
  180     0.742310 0.736993 0.731097 0.713216 0.721921 0.699571 0.738145
  181     0.721626 0.712207 0.741154 0.745567 0.748446 0.714212 0.741258
  182     0.726631 0.728065 0.709657 0.713834 0.702758 0.687574 0.837720
  183     0.734535 0.741497 0.714925 0.701638 0.707730 0.711333 0.853279
  184     0.737620 0.730784 0.770122 0.785317 0.708120 0.699926 0.792252
  185     0.698816 0.699311 0.734461 0.692957 0.735006 0.725038 0.905390
  186     0.760640 0.747960 0.758471 0.771719 0.771075 0.722620 0.872642
  187     0.711226 0.203342 0.728809 0.707551 0.826577 0.704502 0.818339
  188     0.750351 0.061368 0.757507 0.765541 0.841299 0.720228 0.859856
  189     0.585431 0.703824 0.806905 0.697633 0.831942 0.442946 0.831871
  190     0.785197 0.748338 0.734496 0.717448 0.761880 0.748064 0.807863
  191     0.695108 0.760689 0.843070 0.623092 0.744922 0.725870 0.770611
  192     0.432493 0.744397 0.727205 0.661544 0.721111 0.703252 0.639270
  193     0.902575 0.762353 0.742739 0.656728 0.941323 0.661549 0.874275
  194     0.711932 0.805009 0.772428 0.795571 0.724766 0.700285 0.943013
  195     0.711425 0.753363 0.786760 0.760858 0.745189 0.707539 0.862553
  196     0.754042 0.475916 0.708068 0.259329 0.751555 0.701564 0.721003
  197     0.762231 0.675003 0.749934 0.738842 0.682399 0.981323 0.910489
  198     0.716904 0.753005 0.701726 0.723974 0.723990 0.743866 0.845315
  199     0.870430 0.670594 0.723155 0.695443 0.773079 0.773172 0.799957
  200     0.770690 0.735273 0.739399 0.671725 0.697628 0.710345 0.796855
  201     0.726634 0.726980 0.731814 0.728608 0.731265 0.691867 0.719491
  202     0.735232 0.733216 0.727960 0.732264 0.714247 0.716352 0.718114
  203     0.723514 0.730781 0.740499 0.719525 0.725594 0.733055 0.742230
  204     0.731775 0.729785 0.719442 0.722150 0.712285 0.713167 0.740134
  205     0.727972 0.739785 0.724468 0.736135 0.719487 0.731182 0.729157
  206     0.732260 0.733535 0.731766 0.730290 0.722095 0.716680 0.710302
  207     0.730428 0.729462 0.726275 0.720374 0.723202 0.717840 0.714750
  208     0.734851 0.731092 0.728377 0.724620 0.717335 0.717247 0.716147
  209     0.732858 0.728155 0.734820 0.724547 0.720559 0.719341 0.713923
  210     0.730757 0.729949 0.725541 0.721967 0.716486 0.714964 0.710749
  211     0.728033 0.727636 0.729300 0.722065 0.717449 0.710907 0.712498
  212     0.724264 0.727606 0.733601 0.723079 0.717438 0.716630 0.718550
