   1.495  -0.185  18.850
   1.527  -0.217  19.383
   1.539  -0.166  19.917
   1.552  -0.199  20.467
   1.555  -0.189  21.000
   1.555  -0.195  21.533
   1.546  -0.159  22.083
   1.538  -0.168  22.617
   1.535  -0.170  23.150
   1.550  -0.166  23.683
   1.540  -0.133  24.233
   1.538  -0.150  24.767
   1.527  -0.145  25.300
   1.527  -0.148  25.850
   1.504  -0.139  26.383
   1.512  -0.123  26.917
   1.500  -0.117  27.467
   1.503  -0.113  28.000
   1.498  -0.106  28.533
   1.493  -0.096  29.067
   1.470  -0.112  29.617
   1.484  -0.084  29.783
   1.522  -0.149
