MRH 20150623
    23.20    69.69   116.15   162.65   209.11   255.59   302.07
    46.49    46.46    46.50    46.45    46.48    46.48    46.48
     0.84029579     0.56695950     0.36776116     0.22390425     0.12718104     0.06646629     0.02858420     0.00811744    -0.00124617    -0.00456917    -0.00431883    -0.00345041    -0.00313878    -0.00267982    -0.00244178    -0.00206746    -0.00130716    -0.00086392
    -0.02175965    -0.03114747    -0.03848310    -0.04283014    -0.04260239    -0.04053319    -0.03379000    -0.02744637    -0.01985556    -0.01360670    -0.00769615    -0.00424742    -0.00177894    -0.00073058    -0.00037234     0.00081436     0.00063500     0.00045389
     1.00000000     0.67542374     0.43984121     0.27117747     0.15958473     0.09265254     0.05292860     0.03440716     0.02407284     0.01725290     0.01072679     0.00703449     0.00528407     0.00461212     0.00417042     0.00379895     0.00306080     0.00270321
     0.83535850     0.54367638     0.33374554     0.18958434     0.09949054     0.04696080     0.01965533     0.00599030     0.00105105    -0.00127987    -0.00127582    -0.00067320    -0.00004533     0.00039753     0.00060121     0.00054163     0.00054468    -0.00016621
     0.03415132     0.04161952     0.02673449     0.00798422    -0.00830023    -0.01649509    -0.01885887    -0.01569492    -0.01238551    -0.00864297    -0.00503634    -0.00236770    -0.00123395    -0.00003106     0.00005511     0.00065601    -0.00025766    -0.00014258
     1.00000000     0.65217257     0.40046379     0.22698085     0.11945163     0.05961314     0.03268480     0.02016532     0.01505345     0.01083276     0.00649468     0.00356524     0.00303474     0.00270721     0.00227797     0.00226686     0.00273097     0.00215101
     0.83074915     0.51564980     0.29339817     0.15230368     0.07108156     0.02986955     0.01272001     0.00425604     0.00048756    -0.00129103    -0.00130989    -0.00258332    -0.00205435    -0.00102811    -0.00026620     0.00025941     0.00164449     0.00230366
     0.09239449     0.10670880     0.07800844     0.04066952     0.00823072    -0.01043981    -0.01676153    -0.01356053    -0.01098558    -0.00610426    -0.00281692    -0.00127477     0.00035459     0.00132279     0.00234826     0.00160449    -0.00004452    -0.00121947
     1.00000000     0.62993795     0.36321720     0.18864354     0.08569258     0.03802946     0.02554151     0.01743067     0.01358804     0.00789200     0.00463367     0.00422484     0.00350311     0.00364591     0.00406001     0.00402711     0.00354530     0.00413138
     0.82844436     0.50524592     0.27354702     0.12755299     0.04553338     0.00763989    -0.00546590    -0.00678937    -0.00464216    -0.00237153    -0.00176733    -0.00254339    -0.00141798    -0.00203489    -0.00048704    -0.00027938     0.00100052     0.00007275
     0.03080383     0.02827503     0.01128788    -0.00450629    -0.01208406    -0.01351127    -0.01192289    -0.00700932    -0.00367214    -0.00164102    -0.00057550     0.00066987    -0.00014845     0.00007175    -0.00033448    -0.00063208    -0.00101976    -0.00081286
     1.00000000     0.61039317     0.33026266     0.15401998     0.05700179     0.01960910     0.01659862     0.01257154     0.00817503     0.00426970     0.00349392     0.00443423     0.00337356     0.00397039     0.00313240     0.00265981     0.00335154     0.00267873
     0.82142246     0.47817892     0.24121825     0.10359522     0.03207293     0.00288182    -0.00367086    -0.00321099    -0.00142424    -0.00076404     0.00065971    -0.00053067     0.00030959     0.00015968     0.00054746    -0.00081478     0.00038732     0.00145965
     0.08374999     0.08724598     0.05501676     0.02037990    -0.00437569    -0.01365464    -0.01485293    -0.01079329    -0.00635902    -0.00339740    -0.00223509    -0.00203947    -0.00343309    -0.00249342    -0.00104825     0.00016115     0.00001451     0.00017357
     1.00000000     0.58867806     0.29975700     0.12794134     0.03966209     0.01866431     0.01909378     0.01403789     0.00832849     0.00508201     0.00428600     0.00406190     0.00580367     0.00462709     0.00320085     0.00390740     0.00348204     0.00395356
     0.81409037     0.46146417     0.22045934     0.07780512     0.00967680    -0.01444507    -0.01480233    -0.00985243    -0.00377682     0.00025861     0.00004838     0.00053115     0.00102261    -0.00035504     0.00172356    -0.00105056    -0.00072617    -0.00250281
     0.02136856     0.01613574     0.00367724    -0.00821657    -0.01050005    -0.00818297    -0.01031455    -0.00605786    -0.00474525    -0.00090985    -0.00032968     0.00110041     0.00003470    -0.00319278    -0.00564564    -0.01005392    -0.01055555    -0.00540969
     1.00000000     0.56701046     0.27081132     0.09647552     0.01986329     0.02129257     0.02306116     0.01501677     0.00832539     0.00420602     0.00375260     0.00430013     0.00426134     0.00510791     0.01030031     0.01468409     0.01619825     0.01027065
     0.81188112     0.43893728     0.19236878     0.05758938    -0.00081399    -0.01427154    -0.01027127    -0.00445042    -0.00007363    -0.00206778    -0.00134823    -0.00229004     0.00046889     0.00068464     0.00165625    -0.00094218    -0.00088368    -0.00042944
     0.07342323     0.07202929     0.03922795     0.01220611    -0.00648166    -0.01116725    -0.01187120    -0.00726368    -0.00503342    -0.00126426    -0.00160302    -0.00188876    -0.00487486    -0.00611132    -0.00617193    -0.00866436    -0.00843122    -0.00615083
     1.00000000     0.54550529     0.24095131     0.07230898     0.01264749     0.02264143     0.01965995     0.01107399     0.00737605     0.00368154     0.00439839     0.00471122     0.00753239     0.00916582     0.01006410     0.01289271     0.01245541     0.01014489
   1.522  -0.149  400    2    0    0    0  0.000 18.000
