                 MRH
   23    6 2015
    18.4867        NaN        NaN        NaN        NaN     993.50      28.32  102.6    0.0  630.0  180.0
    19.0249        NaN        NaN        NaN        NaN     959.04     135.87  102.6    0.0  630.0  180.0
    19.5633        NaN        NaN        NaN        NaN     750.59     343.13  102.6    0.0  630.0  180.0
    20.1012        NaN        NaN        NaN        NaN     207.16     610.06  102.6    0.0  630.0  180.0
    21.7159        NaN        NaN        NaN        NaN     398.36     481.08  102.6    0.0  630.0  180.0
    22.2542        NaN        NaN        NaN        NaN     290.53     451.53  102.6    0.0  630.0  180.0
    22.7924        NaN        NaN        NaN        NaN     717.16    1129.88  102.6    0.0  630.0  180.0
    23.3306        NaN        NaN        NaN        NaN     291.26     308.85  102.6    0.0  630.0  180.0
    23.8688        NaN        NaN        NaN        NaN     489.39     314.41  102.6    0.0  630.0  180.0
    24.4072        NaN        NaN        NaN        NaN     299.31      36.37  102.6    0.0  630.0  180.0
    24.9455        NaN        NaN        NaN        NaN     391.21     201.04  102.6    0.0  630.0  180.0
    25.4838        NaN        NaN        NaN        NaN     645.63     268.22  102.6    0.0  630.0  180.0
    26.0222        NaN        NaN        NaN        NaN     832.01      46.54  102.6    0.0  630.0  180.0
    26.5602        NaN        NaN        NaN        NaN     494.35     180.97  102.6    0.0  630.0  180.0
    27.0984        NaN        NaN        NaN        NaN     654.49     154.62  102.6    0.0  630.0  180.0
    27.6369        NaN        NaN        NaN        NaN     715.90     110.51  102.6    0.0  630.0  180.0
    28.1750        NaN        NaN        NaN        NaN     587.03      64.21  102.6    0.0  630.0  180.0
    28.7136        NaN        NaN        NaN        NaN     984.33      64.38  102.6    0.0  630.0  180.0
    29.2517        NaN        NaN        NaN        NaN     686.59      55.25  102.6    0.0  630.0  180.0
    18.5919     -10.85       5.48        NaN        NaN    1050.08      24.68   89.8  -45.0  630.0  180.0
    19.1301      29.95      23.76        NaN        NaN    1001.29     103.65   89.8  -45.0  630.0  180.0
    19.6683      86.27      60.66        NaN        NaN     587.02     208.44   89.8  -45.0  630.0  180.0
    20.2065     354.35      49.50        NaN        NaN     621.00     915.00   89.8  -45.0  630.0  180.0
    20.7446    -242.55     241.28        NaN        NaN     926.20     868.96   89.8  -45.0  630.0  180.0
    21.2829    -268.08     110.69        NaN        NaN     557.00   34004.00   89.8  -45.0  630.0  180.0
    21.8212     -58.69      54.82        NaN        NaN     775.00     845.00   89.8  -45.0  630.0  180.0
    22.3594     -22.30      77.31        NaN        NaN     309.04     259.55   89.8  -45.0  630.0  180.0
    22.8976     112.78      92.06        NaN        NaN     427.78     250.17   89.8  -45.0  630.0  180.0
    23.4358      97.73      55.43        NaN        NaN     548.04     170.92   89.8  -45.0  630.0  180.0
    23.9740      22.68      22.74        NaN        NaN     735.37      83.60   89.8  -45.0  630.0  180.0
    24.5124      19.74       8.24        NaN        NaN    1122.92      34.52   89.8  -45.0  630.0  180.0
    25.0507     -11.59      36.76        NaN        NaN     640.86     116.85   89.8  -45.0  630.0  180.0
    25.5890      39.13      49.26        NaN        NaN     719.53     171.44   89.8  -45.0  630.0  180.0
    26.1274      76.60      24.68        NaN        NaN     434.89      88.81   89.8  -45.0  630.0  180.0
    26.6655     -27.81      54.01        NaN        NaN     510.15     157.97   89.8  -45.0  630.0  180.0
    27.2037     -56.79      51.96        NaN        NaN     681.33     174.83   89.8  -45.0  630.0  180.0
    27.7421     -62.52      30.77        NaN        NaN     629.14     102.51   89.8  -45.0  630.0  180.0
    28.2802    -185.29       8.15        NaN        NaN     434.46      26.83   89.8  -45.0  630.0  180.0
    28.8186     -59.08      21.06        NaN        NaN     792.56      76.90   89.8  -45.0  630.0  180.0
    29.3569     -76.19      19.23        NaN        NaN     740.68      66.12   89.8  -45.0  630.0  180.0
