                 MRH
   23    6 2015
    18.4867      10.80       4.92     993.50      28.32    1151.53      14.84  102.6    0.0  630.0  180.0
    19.0249      31.40      23.25     959.04     135.87     319.15      19.47  102.6    0.0  630.0  180.0
    19.5633      35.90      69.27     750.59     343.13     114.00      19.23  102.6    0.0  630.0  180.0
    20.1012       2.58      80.59     207.16     610.06      33.27       8.14  102.6    0.0  630.0  180.0
    20.6394      56.26      50.32        NaN        NaN      22.18       7.05  102.6    0.0  630.0  180.0
    21.1776     108.90      14.56        NaN        NaN      12.75       1.50  102.6    0.0  630.0  180.0
    21.7159     -34.07      28.52     398.36     481.08      15.15       3.82  102.6    0.0  630.0  180.0
    22.2542     -84.65     127.89     290.53     451.53      24.24       7.24  102.6    0.0  630.0  180.0
    22.7924     -46.11     125.68     717.16    1129.88      33.89       8.68  102.6    0.0  630.0  180.0
    23.3306      11.77      99.82     291.26     308.85      43.59      10.08  102.6    0.0  630.0  180.0
    23.8688     -31.18      75.94     489.39     314.41      51.71       9.87  102.6    0.0  630.0  180.0
    24.4072      18.70       6.97     299.31      36.37      44.38       0.71  102.6    0.0  630.0  180.0
    24.9455      11.52      55.29     391.21     201.04      58.68       7.37  102.6    0.0  630.0  180.0
    25.4838      61.91      54.68     645.63     268.22      78.51      10.73  102.6    0.0  630.0  180.0
    26.0222      79.34       9.64     832.01      46.54     144.26       2.22  102.6    0.0  630.0  180.0
    26.5602      50.12      42.32     494.35     180.97     103.35      10.90  102.6    0.0  630.0  180.0
    27.0984      76.79      33.79     654.49     154.62     132.71      10.82  102.6    0.0  630.0  180.0
    27.6369      73.22      22.66     715.90     110.51     153.59       8.73  102.6    0.0  630.0  180.0
    28.1750      53.15      15.44     587.03      64.21     130.74       4.69  102.6    0.0  630.0  180.0
    28.7136       1.02      11.82     984.33      64.38     248.40       6.63  102.6    0.0  630.0  180.0
    29.2517      36.96      12.73     686.59      55.25     264.29       7.22  102.6    0.0  630.0  180.0
    18.3813      58.88       1.91     890.43       6.48    1924.38       4.33   12.7  -50.2  630.0  180.0
    18.8667      47.03      12.18     977.07      67.05     652.68      19.43   12.7  -50.2  630.0  180.0
    19.4048      65.16      22.84     908.02     129.24     347.27      20.61   12.7  -50.2  630.0  180.0
    19.9430      39.61      51.68     597.52     230.72     124.64      15.99   12.7  -50.2  630.0  180.0
    20.4812      71.53      71.30     289.24     426.81      44.55       7.19   12.7  -50.2  630.0  180.0
    21.0193      85.89      24.88     324.89     148.91      48.59       3.63   12.7  -50.2  630.0  180.0
    21.5577      -1.66      46.45     577.85     218.62      77.28       9.28   12.7  -50.2  630.0  180.0
    22.0960      70.50      20.77     398.96      89.38      63.13       3.32   12.7  -50.2  630.0  180.0
    22.6341      29.68      43.44     563.46     187.45     129.56      13.62   12.7  -50.2  630.0  180.0
    23.1723      24.29      36.14     573.97     160.00     143.75      12.95   12.7  -50.2  630.0  180.0
    23.7105      -6.68      39.32     705.72     195.58     130.47      13.16   12.7  -50.2  630.0  180.0
    24.2491      35.70      10.33     485.39      47.66     163.89       3.98   12.7  -50.2  630.0  180.0
    24.7873      38.16      18.16     743.64      82.77     203.65       8.06   12.7  -50.2  630.0  180.0
    25.3255      32.16      26.12     715.59     125.59     182.03      11.43   12.7  -50.2  630.0  180.0
    25.8639      13.51      19.34     682.42      92.45     158.61       7.23   12.7  -50.2  630.0  180.0
    26.4020       6.63      23.94     698.98     119.38     136.07       8.38   12.7  -50.2  630.0  180.0
    26.9402      24.10      37.85     588.41     172.75     124.36      11.76   12.7  -50.2  630.0  180.0
    27.4785      34.48      24.63     659.88     118.90     135.77       8.62   12.7  -50.2  630.0  180.0
    28.0168      29.38       8.72     780.16      46.01     169.08       4.05   12.7  -50.2  630.0  180.0
    28.5551      29.89       9.68     853.17      51.72     264.32       6.65   12.7  -50.2  630.0  180.0
    29.0934      46.38      11.64     771.86      53.58     327.41       8.28   12.7  -50.2  630.0  180.0
    29.6318      24.40      12.75     800.25      61.97     627.69      18.60   12.7  -50.2  630.0  180.0
    18.4342      67.17       6.23    1003.96      35.33    1005.81      15.92  102.6   50.2  630.0  180.0
    18.9724      83.55      24.04     971.87     139.00     315.31      19.40  102.6   50.2  630.0  180.0
    19.5105      40.65      57.25     494.04     230.29     120.27      16.57  102.6   50.2  630.0  180.0
    20.0487      63.47      62.02     166.73     661.40      27.39       8.34  102.6   50.2  630.0  180.0
    20.5868    -150.29      76.23     509.54    1279.63      19.96       6.14  102.6   50.2  630.0  180.0
    21.1251      46.47      15.10        NaN        NaN      23.53       2.44  102.6   50.2  630.0  180.0
    21.6634     -36.05      29.58     299.25     425.59      18.88       3.66  102.6   50.2  630.0  180.0
    22.2017      63.87     152.56     299.45     569.18      23.03       6.52  102.6   50.2  630.0  180.0
    22.7398    -113.87      61.16     267.99     957.81      16.97       6.64  102.6   50.2  630.0  180.0
    23.2780      -2.76      93.62     266.34     646.57      26.71       7.11  102.6   50.2  630.0  180.0
    23.8162       9.01      79.52     254.15     343.60      35.84       6.06  102.6   50.2  630.0  180.0
    24.3546     -62.80      37.76     334.13     281.56      32.10       3.57  102.6   50.2  630.0  180.0
    24.8929      12.33      46.19     348.83     367.76      24.01       4.36  102.6   50.2  630.0  180.0
    25.4312     110.84      66.36     275.27     627.92      26.18       5.96  102.6   50.2  630.0  180.0
    25.9696      67.22      29.99     362.14     186.59      37.52       3.88  102.6   50.2  630.0  180.0
    26.5077     -17.52      74.06     216.70     257.39      44.95       7.74  102.6   50.2  630.0  180.0
    27.0459      60.79      42.28     602.09     194.59     105.00      10.96  102.6   50.2  630.0  180.0
    27.5841      82.42      31.48     620.97     133.02     115.90       8.46  102.6   50.2  630.0  180.0
    28.1225      64.24      16.23     906.31     104.14     181.44       7.69  102.6   50.2  630.0  180.0
    28.6608      46.86      12.61     619.36      51.09     184.54       4.85  102.6   50.2  630.0  180.0
    29.1991      13.85      12.77     812.33      61.49     319.06       9.04  102.6   50.2  630.0  180.0
    29.7375      15.40       6.91     767.16      32.37    2351.53      36.69  102.6   50.2  630.0  180.0
    18.5394      17.98       4.41    1042.42      26.29    1543.89      18.10   45.1  -45.0  630.0  180.0
    19.0776      42.71      15.98     978.92      94.01     471.68      19.71   45.1  -45.0  630.0  180.0
    19.6158      -4.19      35.82     685.53     176.78     196.88      18.10   45.1  -45.0  630.0  180.0
    20.1539     -48.52      51.37     347.25     343.78      51.84      10.02   45.1  -45.0  630.0  180.0
    20.6921    -112.98      72.36     496.24     448.23      34.11       5.81   45.1  -45.0  630.0  180.0
    21.2303     -14.35      19.09     230.20      68.17      68.69       3.12   45.1  -45.0  630.0  180.0
    21.7689      15.14      50.10     313.17     186.48      57.10       5.87   45.1  -45.0  630.0  180.0
    22.3069     -41.95      60.83     400.63     219.72      75.13      10.72   45.1  -45.0  630.0  180.0
    22.8451     -35.60      45.62     490.50     193.18     116.71      13.53   45.1  -45.0  630.0  180.0
    23.3833     -58.92      38.51     671.12     189.64     134.07      13.45   45.1  -45.0  630.0  180.0
    23.9215       6.94      22.02     634.90     101.85     188.79      10.40   45.1  -45.0  630.0  180.0
    24.4599      28.01       7.18     865.33      42.20     198.27       3.07   45.1  -45.0  630.0  180.0
    24.9982      61.30      22.32     696.15     105.71     196.05      10.47   45.1  -45.0  630.0  180.0
    25.5365      12.21      26.48     565.76     112.89     145.95       8.98   45.1  -45.0  630.0  180.0
    26.0748     -17.25      14.01     386.46      63.63     141.91       5.57   45.1  -45.0  630.0  180.0
    26.6129      35.44      42.39     581.46     194.09     107.09      11.41   45.1  -45.0  630.0  180.0
    27.1511      32.20      36.08     636.39     169.45     122.19      11.21   45.1  -45.0  630.0  180.0
    27.6894      52.87      25.07     693.16     123.28     123.99       7.93   45.1  -45.0  630.0  180.0
    28.2277      43.30      10.39     980.08      76.15     137.19       4.94   45.1  -45.0  630.0  180.0
    28.7660      58.16      12.33     641.89      55.50     223.02       6.23   45.1  -45.0  630.0  180.0
    29.3043      31.22      11.14     701.93      48.75     315.52       7.45   45.1  -45.0  630.0  180.0
    18.5919       7.67       3.87    1050.08      24.68        NaN        NaN   89.8  -45.0  630.0  180.0
    19.1301     -21.18      16.80    1001.29     103.65     434.86      19.81   89.8  -45.0  630.0  180.0
    19.6683     -61.00      42.89     587.02     208.44     139.46      16.34   89.8  -45.0  630.0  180.0
    20.2065    -250.56      35.00     621.00     915.00      29.70       8.12   89.8  -45.0  630.0  180.0
    20.7446     171.51     170.61     926.20     868.96      30.49       7.95   89.8  -45.0  630.0  180.0
    21.2829     189.56      78.27     557.00   34004.00      14.11       4.66   89.8  -45.0  630.0  180.0
    21.8212      41.50      38.76     775.00     845.00      24.74       5.51   89.8  -45.0  630.0  180.0
    22.3594      15.77      54.66     309.04     259.55      43.78       7.44   89.8  -45.0  630.0  180.0
    22.8976     -79.75      65.10     427.78     250.17      86.86      14.30   89.8  -45.0  630.0  180.0
    23.4358     -69.11      39.20     548.04     170.92     121.45      11.97   89.8  -45.0  630.0  180.0
    23.9740     -16.03      16.08     735.37      83.60     225.67       9.60   89.8  -45.0  630.0  180.0
    24.5124     -13.96       5.83    1122.92      34.52     243.47       2.90   89.8  -45.0  630.0  180.0
    25.0507       8.19      25.99     640.86     116.85     168.25      10.43   89.8  -45.0  630.0  180.0
    25.5890     -27.67      34.83     719.53     171.44     122.64      10.49   89.8  -45.0  630.0  180.0
    26.1274     -54.16      17.45     434.89      88.81      83.55       4.82   89.8  -45.0  630.0  180.0
    26.6655      19.66      38.19     510.15     157.97     114.21      10.60   89.8  -45.0  630.0  180.0
    27.2037      40.16      36.74     681.33     174.83     123.86      11.20   89.8  -45.0  630.0  180.0
    27.7421      44.21      21.76     629.14     102.51     123.85       6.76   89.8  -45.0  630.0  180.0
    28.2802     131.02       5.77     434.46      26.83      97.58       2.00   89.8  -45.0  630.0  180.0
    28.8186      41.78      14.89     792.56      76.90     206.49       7.38   89.8  -45.0  630.0  180.0
    29.3569      53.88      13.59     740.68      66.12     310.71      10.02   89.8  -45.0  630.0  180.0
    18.6445     -26.19       4.42    1084.29      29.51    1349.07      17.72  134.9  -45.0  630.0  180.0
    18.6967     -33.52       5.99    1061.27      39.07    1132.16      19.41  134.9  -45.0  630.0  180.0
    18.7490     -35.08       6.82    1076.66      45.20     965.51      18.93  134.9  -45.0  630.0  180.0
    18.8012     -43.46       7.87    1062.83      51.46     818.78      18.34  134.9  -45.0  630.0  180.0
    19.1827     -37.31      23.98     915.79     139.03     302.42      19.20  134.9  -45.0  630.0  180.0
    19.2349     -73.23      26.57     876.41     156.22     274.02      20.01  134.9  -45.0  630.0  180.0
    19.2871     -64.57      29.47     683.16     147.52     219.97      16.49  134.9  -45.0  630.0  180.0
    19.3393     -69.62      32.42     726.53     163.04     206.28      16.88  134.9  -45.0  630.0  180.0
    19.7209     -43.08      66.68     544.58     318.09      76.43      11.67  134.9  -45.0  630.0  180.0
    19.7732     -28.28      64.21     395.93     306.46      62.12      10.52  134.9  -45.0  630.0  180.0
    19.8255     -55.77      81.52     522.26     335.84      69.16      14.04  134.9  -45.0  630.0  180.0
    19.8777     -78.00      88.55     476.34     378.32      59.16      11.89  134.9  -45.0  630.0  180.0
    20.2590      70.70      91.50     214.98     611.93      23.26       5.99  134.9  -45.0  630.0  180.0
    20.3112     -14.43     442.94     783.90    1027.45      22.10       7.43  134.9  -45.0  630.0  180.0
    20.3635    -176.68     181.93     316.18     868.07      30.26      16.29  134.9  -45.0  630.0  180.0
    20.4157    -129.18      39.00        NaN        NaN      24.01       5.42  134.9  -45.0  630.0  180.0
    20.7971     -32.98      17.60     323.00     436.00      20.98       3.31  134.9  -45.0  630.0  180.0
    20.8494     288.21      30.94     621.00     848.00      13.61       3.74  134.9  -45.0  630.0  180.0
    20.9016      29.01      11.64        NaN        NaN      12.00       1.73  134.9  -45.0  630.0  180.0
    20.9538     147.92      18.69     773.00    1965.00      15.67       1.73  134.9  -45.0  630.0  180.0
    21.3354     126.03      42.90        NaN        NaN      13.39       3.86  134.9  -45.0  630.0  180.0
    21.3876     -25.97     198.20        NaN        NaN      19.29       6.20  134.9  -45.0  630.0  180.0
    21.4398      38.18      49.76     248.00     576.00      18.49       5.05  134.9  -45.0  630.0  180.0
    21.4921     140.51      43.23        NaN        NaN      17.41       4.56  134.9  -45.0  630.0  180.0
    21.8737     -60.77      68.55     251.59     246.69       7.83       1.86  134.9  -45.0  630.0  180.0
    21.9259    -189.67      39.85     236.52     278.43      22.08       3.01  134.9  -45.0  630.0  180.0
    21.9782    -151.21      22.07     874.00     439.00      17.41       2.27  134.9  -45.0  630.0  180.0
    22.0304    -212.26       4.77     210.98      57.56      18.41       0.77  134.9  -45.0  630.0  180.0
    22.4120    -143.59      53.74     616.52     738.68      30.51       6.94  134.9  -45.0  630.0  180.0
    22.4642      50.58      88.78     245.06     394.34      35.39       8.93  134.9  -45.0  630.0  180.0
    22.5164      -1.35     127.32     206.77     364.39      32.57       9.15  134.9  -45.0  630.0  180.0
    22.5687      -9.75     122.05     261.81     443.16      38.53      11.19  134.9  -45.0  630.0  180.0
    22.9502      -7.11      81.58     387.82     359.71      50.56       9.97  134.9  -45.0  630.0  180.0
    23.0024      18.89      75.53     347.45     324.89      50.10       9.68  134.9  -45.0  630.0  180.0
    23.0546     -25.04      77.61     351.26     271.66      60.08      11.07  134.9  -45.0  630.0  180.0
    23.1068     -56.89      79.15     517.09     338.96      67.07      13.56  134.9  -45.0  630.0  180.0
    23.4885     -50.75      51.92     571.98     234.91      93.49      12.44  134.9  -45.0  630.0  180.0
    23.5406     -26.11      48.20     573.85     214.57      98.93      11.80  134.9  -45.0  630.0  180.0
    23.5928     -49.99      46.36     468.70     187.69      99.36      11.32  134.9  -45.0  630.0  180.0
    23.6451     -14.65      43.44     447.01     178.73     100.79      10.76  134.9  -45.0  630.0  180.0
    24.0266     -35.19      22.62     731.35     114.72     166.51       9.62  134.9  -45.0  630.0  180.0
    24.0788     -32.25      26.02     745.49     132.03     156.58      10.39  134.9  -45.0  630.0  180.0
    24.1310     -42.61      19.89     624.57      91.69     151.29       7.56  134.9  -45.0  630.0  180.0
    24.1833     -15.50      15.85     478.85      61.73     138.58       5.43  134.9  -45.0  630.0  180.0
    24.5649      17.64      12.19     537.68      49.38     164.54       4.39  134.9  -45.0  630.0  180.0
    24.6172     -13.89      16.61     825.75     100.94     154.28       7.16  134.9  -45.0  630.0  180.0
    24.6694       4.17      20.96     634.40      95.04     143.22       7.10  134.9  -45.0  630.0  180.0
    24.7216       4.84      25.60     624.60     118.80     132.98       8.32  134.9  -45.0  630.0  180.0
    25.1033     -27.36      36.04     438.15     133.36     106.14       8.81  134.9  -45.0  630.0  180.0
    25.1555     -18.06      37.93     600.54     167.71     108.18       9.88  134.9  -45.0  630.0  180.0
    25.2077      18.44      37.67     547.00     156.16     108.15       9.50  134.9  -45.0  630.0  180.0
    25.2600      31.56      39.17     529.83     161.33     104.53       9.56  134.9  -45.0  630.0  180.0
    25.6416      14.09      35.52     611.84     155.77     105.96       8.77  134.9  -45.0  630.0  180.0
    25.6938      22.02      28.53     616.12     129.09     116.63       7.90  134.9  -45.0  630.0  180.0
    25.7461      14.95      24.69     470.84      96.08     113.96       6.60  134.9  -45.0  630.0  180.0
    25.7983      44.00      14.13     682.33      64.19     103.02       3.16  134.9  -45.0  630.0  180.0
    26.1799      44.70      29.82     641.81     167.59     124.22       9.93  134.9  -45.0  630.0  180.0
    26.2321      -1.54      25.20     433.53      96.68     104.57       6.45  134.9  -45.0  630.0  180.0
    26.2844      -7.33      24.90     518.62     102.47     113.65       6.91  134.9  -45.0  630.0  180.0
    26.3366      26.07      30.77     471.65     124.31     111.79       8.30  134.9  -45.0  630.0  180.0
    26.7180      21.11      31.01     712.25     152.14     157.05      12.26  134.9  -45.0  630.0  180.0
    26.7703      18.72      30.59     745.15     151.79     167.91      12.79  134.9  -45.0  630.0  180.0
    26.8225      40.61      30.31     659.56     141.55     160.29      12.03  134.9  -45.0  630.0  180.0
    26.8748      27.14      28.56     711.20     139.57     170.68      12.27  134.9  -45.0  630.0  180.0
    27.2562      45.66      23.46     707.17     115.02     183.29      10.82  134.9  -45.0  630.0  180.0
    27.3085      52.80      22.43     717.68     109.35     180.83      10.00  134.9  -45.0  630.0  180.0
    27.3607      38.53      19.62     688.16      94.18     182.06       8.96  134.9  -45.0  630.0  180.0
    27.4129      47.51      24.56     762.55     130.46     171.24      10.97  134.9  -45.0  630.0  180.0
    27.7945      48.10      18.63     647.85      88.26     135.61       6.45  134.9  -45.0  630.0  180.0
    27.8467      43.32      16.63     404.10      60.21     134.41       5.46  134.9  -45.0  630.0  180.0
    27.8991      45.00      19.96     556.81      85.02     154.88       7.58  134.9  -45.0  630.0  180.0
    27.9512      70.71      12.99     376.94      52.03     137.28       4.13  134.9  -45.0  630.0  180.0
    28.3328       7.76       4.06     484.65      24.71     119.22       1.85  134.9  -45.0  630.0  180.0
    28.3850      23.78      10.29     577.62      41.49     186.29       3.62  134.9  -45.0  630.0  180.0
    28.4372      20.23       4.06     316.07      11.96     164.71       1.19  134.9  -45.0  630.0  180.0
    28.4896      13.29      14.32     735.16      65.22     198.95       6.24  134.9  -45.0  630.0  180.0
    28.8712      18.72      11.85     595.27      47.44     237.38       5.94  134.9  -45.0  630.0  180.0
    28.9235      28.09      13.81     653.56      58.51     241.87       7.28  134.9  -45.0  630.0  180.0
    28.9758      22.40      10.96     643.52      45.19     251.84       5.74  134.9  -45.0  630.0  180.0
    29.0279      16.60      10.51     577.69      40.65     263.05       5.66  134.9  -45.0  630.0  180.0
    29.4094       5.33      13.65     696.85      60.44     354.25      10.61  134.9  -45.0  630.0  180.0
    29.4617      33.70      12.70     692.39      55.27     411.83      11.44  134.9  -45.0  630.0  180.0
    29.5139      24.47      12.62     827.22      61.93     486.15      14.00  134.9  -45.0  630.0  180.0
    29.5661      12.64      13.24     821.27      64.61     501.34      15.11  134.9  -45.0  630.0  180.0
    18.9198      67.28      19.08     954.70     102.74     432.08      19.70  147.5   39.9  630.0  180.0
    19.4580      91.26      35.39     906.81     199.77     235.42      20.93  147.5   39.9  630.0  180.0
    19.9962      39.39     100.36     725.63     484.76      75.48      18.56  147.5   39.9  630.0  180.0
    20.5343     -77.03     102.05     264.29     415.89      29.32       7.63  147.5   39.9  630.0  180.0
    21.0728      27.91      45.10     304.70     364.95      19.20       3.06  147.5   39.9  630.0  180.0
    21.6111      -0.29      93.35     460.88     382.90      30.86       7.18  147.5   39.9  630.0  180.0
    22.1491     -17.74      48.80        NaN        NaN      32.36       5.28  147.5   39.9  630.0  180.0
    22.6873      34.11      58.79     498.13     472.02      43.82      10.52  147.5   39.9  630.0  180.0
    23.2255      14.17      86.47     373.50     309.60      59.02      12.58  147.5   39.9  630.0  180.0
    23.7637     -30.01      68.47     395.79     254.84      60.83      10.37  147.5   39.9  630.0  180.0
    24.3021      19.04      41.67     362.01     176.29      62.45       6.80  147.5   39.9  630.0  180.0
    24.8404      61.52      52.09     343.30     177.76      56.49       6.69  147.5   39.9  630.0  180.0
    25.3787      -7.71      65.95     416.05     246.04      57.80       8.88  147.5   39.9  630.0  180.0
    25.9171     -10.72      29.94     546.83     118.71      84.53       5.56  147.5   39.9  630.0  180.0
    26.4552      53.96      46.41     614.98     219.58      91.53      10.81  147.5   39.9  630.0  180.0
    26.9935      44.96      37.67     723.80     183.61     126.35      11.76  147.5   39.9  630.0  180.0
    27.5316      86.71      24.54     758.97     124.38     155.15       9.51  147.5   39.9  630.0  180.0
    28.0699      64.12       3.36     388.71      22.09      95.80       1.35  147.5   39.9  630.0  180.0
    28.6083      51.59      12.11     959.55      65.46     244.02       6.73  147.5   39.9  630.0  180.0
    29.1466      31.39      13.67     661.17      58.21     252.89       7.45  147.5   39.9  630.0  180.0
    29.6849      24.66       8.88     759.14      41.27    1068.67      21.31  147.5   39.9  630.0  180.0
