                 MRH
   23    6 2015
      18.25       NaN       NaN       NaN       NaN    993.50     28.32    630.0   1800
      18.75    -10.85      5.48       NaN       NaN   1050.08     24.68    630.0   1800
      19.25     29.95     23.76       NaN       NaN    980.16     85.45    630.0   1800
      19.75     86.27     60.66       NaN       NaN    668.80    200.74    630.0   1800
      20.25    354.35     49.50       NaN       NaN    414.08    549.86    630.0   1800
      20.75   -242.55    241.28       NaN       NaN    926.20    868.96    630.0   1800
      21.25   -268.08    110.69       NaN       NaN    557.00  34004.00    630.0   1800
      21.75    -58.69     54.82       NaN       NaN    586.68    486.18    630.0   1800
      22.25    -22.30     77.31       NaN       NaN    299.79    260.40    630.0   1800
      22.75    112.78     92.06       NaN       NaN    572.47    578.62    630.0   1800
      23.25     97.73     55.43       NaN       NaN    419.65    176.49    630.0   1800
      23.75     22.68     22.74       NaN       NaN    612.38    162.67    630.0   1800
      24.25       NaN       NaN       NaN       NaN    299.31     36.37    630.0   1800
      24.75     19.74      8.24       NaN       NaN    757.06    101.99    630.0   1800
      25.25    -11.59     36.76       NaN       NaN    643.25    146.28    630.0   1800
      25.75     39.13     49.26       NaN       NaN    719.53    171.44    630.0   1800
      26.25     76.60     24.68       NaN       NaN    633.45     50.14    630.0   1800
      26.75    -27.81     54.01       NaN       NaN    502.25    120.11    630.0   1800
      27.25    -56.79     51.96       NaN       NaN    667.91    116.70    630.0   1800
      27.75    -62.52     30.77       NaN       NaN    672.52     75.37    630.0   1800
      28.25   -185.29      8.15       NaN       NaN    510.75     34.80    630.0   1800
      28.75    -59.08     21.06       NaN       NaN    888.45     50.14    630.0   1800
      29.25    -76.19     19.23       NaN       NaN    713.64     43.08    630.0   1800
