  Image    fringe1  fringe2  fringe3  fringe4  fringe5  fringe6  fringe7
-----------------------------------------------------------------------------
    1     0.714718 0.713781 0.713440 0.707597 0.704552 0.701143 0.695574
    2     0.715144 0.712084 0.711891 0.704828 0.704400 0.697713 0.698239
    3     0.737240 0.725286 0.719726 0.714830 0.713695 0.707479 0.706725
    4     0.683498 0.721224 0.718236 0.712920 0.713481 0.706621 0.705688
    5     0.729618 0.726502 0.767303 0.720444 0.686012********* 0.717569
    6     0.761831 0.734266 0.732204 0.726832 0.724269 0.720276 0.719271
    7     0.733920 0.735287 0.733969 0.728819 0.726657 0.721598 0.719099
    8     0.735016 0.735992 0.732768 0.728243 0.725512 0.722038 0.723563
    9     0.736086 0.737373 0.736172 0.732204 0.726893 0.721498 0.722456
   10     0.718995 0.721022 0.715160 0.708723 0.706060 0.701629 0.707334
   11     0.713448 0.715010 0.715139 0.706740 0.704431 0.698800 0.702405
   12     0.714788 0.722962 0.705500 0.711010 0.707304 0.699507 0.710302
   13     0.721957 0.719032 0.724037 0.715851 0.722071 0.710468 0.721831
   14     0.723971 0.720489 0.723409 0.713631 0.714786 0.705557 0.720502
   15     0.735223 0.734736 0.736282 0.725409 0.721433 0.709710 0.727143
   16     0.729536 0.733203 0.739380 0.732496 0.721193 0.725847 0.732198
   17     0.728544 0.745315 0.745019 0.731989 0.733846 0.733673 0.734734
   18     0.729467 0.738738 0.742506 0.733150 0.725820 0.717675 0.763713
   19     0.723260 0.741852 0.740397 0.737241 0.730086 0.728300 0.764521
   20     0.721006 0.718201 0.718377 0.707420 0.707567 0.707257 0.716183
   21     0.706046 0.706488 0.722446 0.708258 0.711005 0.698230 0.717422
   22     0.715602 0.722223 0.721188 0.709940 0.714478 0.705386 0.736501
   23     0.719440 0.736294 0.721161 0.719361 0.707672 0.697705 0.744485
   24     0.720389 0.729593 0.741885 0.715404 0.708412 0.713422 0.749984
   25     0.728814 0.739873 0.723588 0.739106 0.728659 0.735583 0.752798
   26     0.746362 0.752872 0.767789 0.724029 0.729201 0.701948 0.762664
   27     0.723002 0.724971 0.763303 0.734347 0.692955 0.724363 0.792120
   28     0.708821 0.709348 0.763179 0.726937 0.720367 0.751869 0.968335
   29     0.733994 0.766574 0.754286 0.693965 0.741673 0.720415 0.833929
   30     0.718757 0.714637 0.731393 0.712772 0.723606 0.710627 0.729050
   31     0.737925 0.714973 0.718760 0.709973 0.700985 0.699425 0.967922
   32     0.693719 0.751461 0.723993 0.706052 0.706854 0.678136 0.968032
   33     0.738768 0.725471 0.712458 0.720599 0.719160 0.710074 0.953865
   34     0.729936 0.737386 0.735581 0.718271 0.720005 0.734006 0.949782
   35     0.692806 0.158510 0.822658 0.704699 0.453873 0.762617 0.923554
   36     0.703948 0.681964 0.778738 0.705241 0.720747 0.731256 0.893647
   37     0.675361 0.309743 0.697774 0.832063 0.117247 1.176452 0.948014
   38     0.763723 0.743066 0.134145 0.680612 0.150396 0.764130 0.896499
   39     0.747661 0.708747 0.733609 0.722564 0.725870 0.969808 0.998643
   40     0.732820 0.707328 0.732350 0.723089 0.733538 0.699089 0.836560
   41     0.764102 0.725901 0.747985 0.669396 0.707973 0.723612 0.891858
   42     0.801828 0.692174 0.707022 0.764158 0.725964 0.642705 0.943718
   43     0.726061 0.194124 0.962030 0.299671 0.698757 0.708738 0.949770
   44     0.748302 0.740435 0.753679 0.721550 0.734597 0.699658 0.833144
   45     0.679686 0.061430 0.023058 0.759490 0.106081 0.788982 0.836376
   46     0.821736 0.179476 0.115083 0.717147 0.186084 0.807975 1.093771
   47     0.601372 0.277357 0.100993 0.783407 0.464006 0.397621 0.888904
   48     0.655427 0.223809 0.023725 0.770656 0.930867 0.708955 1.143029
   49     0.684115 0.713448 0.965659 0.465098 0.772174 0.149920 0.889829
   50     0.700093 0.727934 0.728811 0.700161 0.764982 0.705510 0.753135
   51     0.729057 0.760718 0.713497 0.282207 0.710019 0.641515 0.672261
   52     0.729003 0.745972 0.680402 0.751843 0.719257 9.058853 0.700402
   53     0.723130 0.639795 0.823887 0.044313 0.676075 0.781386 0.948478
   54     0.730896 0.728884 0.736719 0.704777 0.742102 0.731601 0.669203
   55     0.693882 0.674033 0.085857 0.757778 0.817280 0.147839 0.890569
   56     0.710156 0.652295 0.206718 0.760864 0.842054 0.696407 0.872665
   57     0.492322********* 0.341121 0.745119 0.036202 0.824348 0.845995
   58     0.685909 0.064283 0.726789 0.715143 0.608341 0.717758 0.947793
   59     0.707735 0.701016 0.086426 0.923082 0.167488 0.645373 0.915134
   60     0.712890 0.710947 0.738812 0.730332 0.710364 0.737559 0.764164
   61     0.711007 0.728875 0.742609 0.685289 0.746681 0.682608 0.796334
   62     0.701989 0.755756 0.714797 0.693504 0.727397 0.653062 1.031185
   63     0.709987 0.726862 0.805113 0.698523 0.641083 0.780830 0.820877
   64     0.722177 0.721327 0.763992 0.698853 0.724877 0.705887 0.700691
   65     0.690082 0.714740 0.747373 0.717262 0.726263 0.785786 0.933592
   66     0.700838 0.761946 0.295844 0.944800 0.751984********* 0.805354
   67     0.748941 0.763552 0.223783 0.709078 0.690139 0.764606 0.838514
   68     0.684577 0.722512 0.706882 0.722777 0.700172 0.943166 0.944818
   69     0.657790 0.735899 0.244683 0.619460 0.827171 0.840534 0.645595
   70     0.723359 0.705593 0.732733 0.703602 0.711581 0.713610 0.751264
   71     0.752173 0.712287 0.346485 0.709644 0.735591 0.093019 0.726326
   72     0.690807 0.823428 0.644249 0.725840 0.700615 0.746840 0.880807
   73     0.735346 0.798890 0.737518 0.744322 0.738862 0.728633 0.938859
   74     0.720130 0.742834 0.740850 0.720841 0.729674 0.743339 0.794033
   75     0.719042 0.733402 0.749750 0.745386 0.769148 0.717022 0.810422
   76     0.712457 0.773252 0.767401 0.705731 0.740429 0.738645 0.878349
   77     0.714536 0.728826 0.774574 0.733264 0.707624 0.708893 0.950623
   78     0.737217 0.725100 0.769954 0.723112 0.732314 0.712871 0.972068
   79     0.736570 0.729458 0.738629 0.714872 0.711318 0.696793 0.886430
   80     0.718266 0.732247 0.727516 0.716709 0.718624 0.717412 0.736809
   81     0.713254 0.727873 0.727175 0.730250 0.727500 0.709304 0.847698
   82     0.736288 0.756524 0.790614 0.743363 0.719530 0.757262 0.967859
   83     0.738494 0.755839 0.735860 0.735718 0.697041 0.717425 0.858504
   84     0.723898 0.733530 0.738071 0.744728 0.731666 0.722295 0.753560
   85     0.732160 0.742658 0.747958 0.731527 0.730586 0.735845 0.806612
   86     0.725670 0.730217 0.753263 0.720600 0.716074 0.706681 0.844809
   87     0.756298 0.738914 0.731881 0.737010 0.698406 0.703202 0.971558
   88     0.741608 0.737647 0.742085 0.726174 0.707902 0.708791 0.770638
   89     0.729603 0.728204 0.728738 0.733871 0.724897 0.726532 0.818193
   90     0.719370 0.724975 0.728239 0.726098 0.726310 0.715462 0.745927
   91     0.729783 0.725886 0.725060 0.725712 0.690968 0.732700 0.976858
   92     0.715140 0.746866 0.748647 0.705711 0.721386 0.740769 0.883161
   93     0.732983 0.726767 0.727460 0.720920 0.706061 0.729752 0.872294
   94     0.746390 0.741391 0.733939 0.728876 0.732575 0.734677 0.762384
   95     0.738171 0.742569 0.751703 0.741363 0.729652 0.731384 0.751952
   96     0.745509 0.748123 0.731595 0.731630 0.722150 0.728447 0.770214
   97     0.729757 0.727268 0.740330 0.719097 0.735479 0.725637 0.764123
   98     0.743101 0.752018 0.738491 0.718595 0.737547 0.713880 0.759640
   99     0.745468 0.740080 0.733855 0.728517 0.722540 0.709853 0.751947
  100     0.738142 0.726755 0.737330 0.725390 0.717605 0.716865 0.761088
  101     0.725068 0.749909 0.732709 0.727523 0.723541 0.724139 0.811646
  102     0.730819 0.723531 0.727279 0.721460 0.710404 0.706769 0.786706
  103     0.724329 0.724682 0.740608 0.754418 0.726727 0.731134 0.759318
  104     0.733130 0.735493 0.734087 0.728462 0.730974 0.716987 0.725134
  105     0.741674 0.732500 0.738202 0.733014 0.727912 0.718167 0.740679
  106     0.734398 0.740162 0.742516 0.733862 0.736752 0.732082 0.740626
  107     0.737828 0.743163 0.734565 0.733060 0.728399 0.734962 0.742277
  108     0.746278 0.741420 0.733650 0.747866 0.728051 0.725741 0.742417
  109     0.735824 0.732294 0.740232 0.731667 0.726888 0.730527 0.741341
  110     0.727123 0.725423 0.721013 0.721820 0.714900 0.710934 0.715747
  111     0.729677 0.737693 0.736301 0.725014 0.718098 0.712918 0.751452
  112     0.731609 0.743683 0.722383 0.703971 0.726584 0.756859 0.774952
  113     0.728897 0.720533 0.717866 0.728607 0.712987 0.744744 0.720231
  114     0.729517 0.735998 0.742208 0.720034 0.721042 0.717891 0.719245
  115     0.729056 0.739891 0.731968 0.721878 0.739418 0.727466 0.724199
  116     0.743666 0.733847 0.744355 0.712991 0.728241 0.720219 0.721893
  117     0.737034 0.733929 0.740028 0.742655 0.738512 0.719249 0.728592
  118     0.736209 0.742965 0.727575 0.735071 0.728259 0.719238 0.734419
  119     0.728103 0.737953 0.738583 0.729376 0.723008 0.716955 0.745771
  120     0.729367 0.728449 0.728402 0.719325 0.718564 0.708201 0.712611
  121     0.733547 0.731875 0.752452 0.688175 0.701967 0.711057 0.741405
  122     0.754452 0.746233 0.691091 0.720019 0.719252 0.709408 0.769543
  123     0.737185 0.743101 0.733632 0.707722 0.741868 0.727048 0.732583
  124     0.729450 0.718722 0.728800 0.723700 0.719579 0.717305 0.725240
  125     0.734483 0.732117 0.734907 0.726654 0.728423 0.726583 0.736885
  126     0.747871 0.738706 0.744883 0.720246 0.742443 0.723273 0.736699
  127     0.743807 0.733162 0.735014 0.737439 0.734935 0.725253 0.741691
  128     0.723926 0.739273 0.736595 0.726007 0.734798 0.714227 0.736444
  129     0.725723 0.738944 0.730068 0.730731 0.715173 0.728095 0.734358
  130     0.741434 0.729755 0.728084 0.722816 0.719170 0.718116 0.734126
  131     0.744220 0.751559 0.731933 0.737990 0.727436 0.712347 0.757556
  132     0.749631 0.701817 0.735139 0.709031 0.780411 0.692820 0.818930
  133     0.746083 0.727313 0.716477 0.721717 0.708062 0.706935 0.740573
  134     0.733396 0.738401 0.737114 0.730179 0.724686 0.726892 0.728692
  135     0.740689 0.747596 0.752339 0.735087 0.728041 0.732310 0.722541
  136     0.736492 0.742888 0.729587 0.723865 0.732289 0.723180 0.732459
  137     0.747388 0.736272 0.732129 0.727328 0.719000 0.726007 0.725391
  138     0.729438 0.741770 0.739133 0.734935 0.727041 0.712068 0.737008
  139     0.728910 0.744657 0.729763 0.717226 0.723235 0.708082 0.729984
  140     0.740138 0.738635 0.738667 0.723208 0.723041 0.732983 0.728541
  141     0.729880 0.762882 0.735393 0.727929 0.715073 0.711697 0.718506
  142     0.752917 0.719657 0.728224 0.715922 0.730777 0.728132 0.820862
  143     0.760047 0.704553 0.711854 0.745343 0.710910 0.691628 0.783824
  144     0.751219 0.747628 0.744575 0.727888 0.723639 0.724584 0.742376
  145     0.752457 0.746128 0.774045 0.724379 0.745011 0.720451 0.748712
  146     0.730948 0.740244 0.714391 0.741711 0.707785 0.716228 0.734048
  147     0.745547 0.719541 0.736347 0.725036 0.737108 0.720695 0.771513
  148     0.748775 0.747555 0.729897 0.733179 0.731789 0.713591 0.728706
  149     0.724814 0.721388 0.734150 0.738806 0.733924 0.719376 0.752028
  150     0.738629 0.719764 0.732082 0.721857 0.728400 0.735990 0.771758
  151     0.717407 0.746826 0.719163 0.721023 0.726013 0.694481 0.760360
  152     0.723409 0.718184 0.736986 0.746550 0.736583 0.713401 0.795982
  153     0.739626 0.722623 0.732364 0.718497 0.736410 0.703837 0.734687
  154     0.728157 0.743226 0.727035 0.723764 0.710285 0.715113 0.763834
  155     0.729255 0.747505 0.728945 0.729882 0.715461 0.718587 0.748643
  156     0.739022 0.736357 0.746918 0.724636 0.720956 0.712981 0.737687
  157     0.740728 0.727751 0.734055 0.734230 0.726963 0.718376 0.739804
  158     0.733141 0.735584 0.731155 0.718622 0.725961 0.719382 0.740248
  159     0.748900 0.734380 0.733902 0.726948 0.721658 0.714038 0.730653
  160     0.742745 0.730229 0.731889 0.719278 0.728473 0.713485 0.751745
  161     0.734324 0.728767 0.724660 0.727217 0.726618 0.714118 0.738019
  162     0.720650 0.718188 0.737785 0.735397 0.715193 0.710108 0.752188
  163     0.731403 0.726161 0.721203 0.728205 0.716863 0.713785 0.725667
  164     0.732824 0.732225 0.735982 0.712399 0.723039 0.714759 0.765526
  165     0.730900 0.715915 0.748747 0.721255 0.728920 0.716668 0.746064
  166     0.730749 0.738978 0.727251 0.724471 0.725400 0.718198 0.731536
  167     0.736903 0.732383 0.731485 0.726130 0.721074 0.716998 0.725337
  168     0.736262 0.737195 0.726255 0.725795 0.722966 0.728844 0.731679
  169     0.739412 0.725568 0.737173 0.728190 0.726859 0.713865 0.728232
  170     0.739630 0.732755 0.725970 0.731119 0.707772 0.732595 0.742539
  171     0.728222 0.729692 0.725049 0.719211 0.713852 0.709804 0.732827
  172     0.728411 0.712575 0.720522 0.721309 0.730175 0.699648 0.713105
  173     0.735633 0.716505 0.725138 0.723186 0.717187 0.719026 0.738117
  174     0.736919 0.732187 0.728888 0.718511 0.724743 0.726253 0.729892
  175     0.742116 0.727672 0.743202 0.732996 0.731788 0.713354 0.727160
  176     0.733935 0.733876 0.737581 0.727935 0.719451 0.718341 0.734573
  177     0.726783 0.736422 0.732687 0.737929 0.723152 0.704235 0.736155
  178     0.736602 0.730157 0.735689 0.718832 0.729702 0.723982 0.728790
  179     0.721700 0.727131 0.731062 0.718812 0.714900 0.726699 0.733822
  180     0.736198 0.727278 0.729468 0.722279 0.736675 0.716302 0.718614
  181     0.727483 0.725229 0.734238 0.723402 0.726563 0.716983 0.716764
  182     0.732186 0.704481 0.740463 0.736697 0.705445 0.714647 0.712654
  183     0.735571 0.724627 0.730086 0.718965 0.712434 0.722867 0.722724
  184     0.745389 0.722164 0.730287 0.744555 0.725749********* 0.744401
  185     0.741097 0.720207 0.740239 0.725704 0.746581 0.722608 5.679763
  186     0.749737 0.746079 0.730985 0.727906 0.719196 3.152701 0.728573
  187     0.732193 0.732739 0.731330 0.730200 0.721600 0.725234 0.711743
  188     0.740723 0.733597 0.734925 0.731406 0.720767 0.715957 0.726827
  189     0.738820 0.741612 0.729584 0.729544 0.734411 0.714986 0.719804
  190     0.737619 0.698482 0.728593 0.727566 0.726424 0.714818 0.718287
  191     0.732108 0.727888 0.729724 0.719372 0.719442 0.722041 0.717119
  192     0.739281 0.731321 0.724872 0.725351 0.717969 0.712200 0.719946
  193     0.746781 0.736625 0.733820 0.733742 0.723759 0.720188 0.714383
  194     0.735453 0.740724 0.728578 0.723652 0.722929 0.721148 0.729900
  195     0.738134 0.742853 0.726101 0.730646 0.737009 0.727291 0.730364
  196     0.740570 0.736135 0.735733 0.726884 0.725513 0.718849 0.719310
  197     0.744229 0.733877 0.727209 0.723871 0.723811 0.722488 0.722526
  198     0.734563 0.736491 0.732737 0.719977 0.730454 0.727932 0.717736
  199     0.741220 0.731652 0.733627 0.727077 0.734788 0.719524 0.714388
  200     0.731701 0.734838 0.728911 0.726327 0.721385 0.718226 0.724890
  201     0.732817 0.736278 0.727921 0.728785 0.725270 0.726424 0.723327
  202     0.742847 0.738613 0.732635 0.732584 0.721449 0.724535 0.721319
  203     0.730523 0.735784 0.731837 0.724236 0.721718 0.728730 0.725682
  204     0.740188 0.733186 0.733708 0.728975 0.724230 0.717402 0.724122
  205     0.741537 0.737125 0.729553 0.729365 0.725166 0.719162 0.731827
  206     0.739958 0.740202 0.738950 0.729387 0.730176 0.724560 0.726253
  207     0.737999 0.736065 0.727261 0.729224 0.726111 0.719488 0.722116
  208     0.738325 0.739789 0.732728 0.731484 0.724183 0.717778 0.724470
  209     0.738269 0.736462 0.736704 0.729477 0.728711 0.729197 0.721917
  210     0.739067 0.736082 0.733710 0.727453 0.726066 0.724262 0.719758
  211     0.736440 0.735081 0.735519 0.731054 0.727298 0.722702 0.720985
  212     0.736561 0.738331 0.739011 0.730749 0.728616 0.724871 0.721421
