   1.418  -0.214  18.867
   1.422  -0.195  19.400
   1.438  -0.189  19.950
   1.431  -0.215  20.483
   1.457  -0.188  21.017
   1.451  -0.201  21.567
   1.437  -0.184  22.100
   1.441  -0.173  22.633
   1.411  -0.146  23.183
   1.412  -0.154  23.717
   1.397  -0.110  24.250
   1.380  -0.119  24.783
   1.366  -0.132  25.333
   1.389  -0.146  25.867
   1.360  -0.150  26.400
   1.347  -0.119  26.950
   1.329  -0.130  27.483
   1.350  -0.109  28.017
   1.370  -0.127  28.567
   1.366  -0.129  29.100
   1.380  -0.096  29.633
   1.392  -0.126  29.800
   1.398  -0.152
