MRH 20150628
    22.97    69.49   115.97   162.47   208.92   255.44   301.91
    46.51    46.48    46.50    46.45    46.52    46.47    46.47
     0.84466046     0.57251883     0.37361485     0.22662428     0.12896731     0.06801204     0.02914544     0.00934188     0.00092281    -0.00423134    -0.00350711    -0.00271292    -0.00437102    -0.00261372    -0.00215101    -0.00242986    -0.00022891    -0.00051067
    -0.02281524    -0.02841831    -0.03775969    -0.04352846    -0.04145637    -0.03987076    -0.03336827    -0.02425047    -0.01871128    -0.01191251    -0.00577638    -0.00347816    -0.00077792     0.00085889    -0.00018455     0.00137137     0.00236683     0.00128995
     1.00000000     0.67831498     0.44443804     0.27311310     0.16045758     0.09358387     0.05338043     0.03183516     0.02439628     0.01752088     0.01268577     0.00969126     0.00917696     0.00777455     0.00673271     0.00646977     0.00528891     0.00499854
     0.84473211     0.55215287     0.33787140     0.19305463     0.10092800     0.04888006     0.02199363     0.00874301     0.00427045     0.00195422     0.00175495     0.00175727     0.00129129     0.00062268     0.00104350     0.00054379     0.00057701     0.00034990
     0.04133472     0.04533946     0.03197233     0.01062326    -0.00663826    -0.01553097    -0.01809393    -0.01435644    -0.01207190    -0.00798912    -0.00436175    -0.00197359    -0.00095412    -0.00042465    -0.00039146    -0.00078223    -0.00147220    -0.00137652
     1.00000000     0.65500796     0.40128255     0.22860409     0.11963638     0.06074753     0.03377960     0.02003163     0.01537158     0.01004953     0.00620444     0.00393365     0.00355261     0.00319398     0.00311561     0.00286099     0.00341832     0.00292671
     0.83752680     0.52336806     0.29828027     0.15355694     0.06708845     0.02426972     0.00620746    -0.00190306    -0.00259673    -0.00334069    -0.00187810    -0.00068660     0.00008559    -0.00110592     0.00027359     0.00023887     0.00025947     0.00144487
     0.04889648     0.04820014     0.02836760     0.00912469    -0.00796472    -0.01498349    -0.01546179    -0.01147665    -0.00706997    -0.00256899    -0.00100675    -0.00045497     0.00060490     0.00051422     0.00055986     0.00133381     0.00090063     0.00001144
     1.00000000     0.63006699     0.36296993     0.18919027     0.08483142     0.03624899     0.02130057     0.01558731     0.01117902     0.00701152     0.00495351     0.00429040     0.00356424     0.00468982     0.00476656     0.00491831     0.00440217     0.00556848
     0.82760400     0.50494319     0.27512640     0.12918904     0.04681007     0.00882598    -0.00556589    -0.00675653    -0.00402052    -0.00289274    -0.00235261    -0.00265761    -0.00106574    -0.00158985    -0.00236211    -0.00227061    -0.00244462    -0.00206176
     0.03358743     0.03278572     0.01647238    -0.00102506    -0.01060452    -0.01268923    -0.01082285    -0.00713931    -0.00387638    -0.00273681    -0.00133775    -0.00019750    -0.00193983    -0.00151237    -0.00139904    -0.00127302    -0.00038801    -0.00206774
     1.00000000     0.61095226     0.33283886     0.15608165     0.05818132     0.01966752     0.01539246     0.01240161     0.00754715     0.00592514     0.00420507     0.00469414     0.00476400     0.00500917     0.00520472     0.00437184     0.00511253     0.00513788
     0.81723034     0.47771123     0.24189772     0.10159586     0.03089100     0.00130022    -0.00498037    -0.00529313    -0.00170214    -0.00120525     0.00067765     0.00073150     0.00225804     0.00223841     0.00227677     0.00211583     0.00063065     0.00089484
     0.07586697     0.08133219     0.04966100     0.01978943    -0.00332243    -0.00914441    -0.00980088    -0.00607468    -0.00269086    -0.00089686     0.00112795     0.00125701     0.00119927     0.00061813     0.00064216     0.00120503     0.00072114     0.00062556
     1.00000000     0.59185952     0.30236849     0.12718379     0.03871512     0.01564927     0.01719163     0.01268074     0.00779120     0.00544582     0.00489900     0.00475584     0.00622910     0.00704971     0.00746528     0.00584454     0.00606794     0.00440421
     0.81062907     0.45824322     0.21785593     0.07620998     0.00632593    -0.01435097    -0.01910211    -0.01506956    -0.00738109    -0.00442172    -0.00165540     0.00158123     0.00339936     0.00365023     0.00601555     0.00535997     0.00323968     0.00136607
     0.02832527     0.02421504     0.00746198    -0.00374123    -0.00672195    -0.00523910    -0.00601013    -0.00280215    -0.00108256     0.00167734     0.00292043     0.00204555     0.00159432     0.00089473    -0.00209846    -0.00332519    -0.00326271    -0.00307576
     1.00000000     0.56584388     0.26893601     0.09453730     0.01617544     0.02010106     0.02506824     0.01937359     0.01080623     0.00755731     0.00658169     0.00549019     0.00643493     0.00687340     0.01027062     0.01113298     0.01002779     0.00694902
     0.80847597     0.43634814     0.18796399     0.05255919    -0.00433764    -0.01649923    -0.01231346    -0.00697530    -0.00038238    -0.00025169    -0.00043518    -0.00167492     0.00048107     0.00042218     0.00175101     0.00253287     0.00298767     0.00380600
     0.04616411     0.04215813     0.02082197     0.00430168    -0.00710338    -0.01008615    -0.00883784    -0.00332989    -0.00028484     0.00274386     0.00209935     0.00192219    -0.00025986    -0.00116232    -0.00204347    -0.00335066    -0.00351013    -0.00541916
     1.00000000     0.54371482     0.23640759     0.06653906     0.01247661     0.02501193     0.01995522     0.01020279     0.00406501     0.00675901     0.00554811     0.00574374     0.00411452     0.00672531     0.00979120     0.01368023     0.01427206     0.01739941
   1.398  -0.152  400    2    0    0    0  0.000 18.000
