                 MRH
   28    6 2015
    18.5083        NaN        NaN        NaN        NaN     915.01      28.71  102.6   -0.0  630.0  180.0
    19.0469        NaN        NaN        NaN        NaN     872.57      43.32  102.6   -0.0  630.0  180.0
    19.5852        NaN        NaN        NaN        NaN     806.91      36.46  102.6   -0.0  630.0  180.0
    20.1234        NaN        NaN        NaN        NaN     683.10      68.32  102.6   -0.0  630.0  180.0
    20.6617        NaN        NaN        NaN        NaN     600.84      99.64  102.6   -0.0  630.0  180.0
    21.2002        NaN        NaN        NaN        NaN    1084.34     556.07  102.6   -0.0  630.0  180.0
    21.7385        NaN        NaN        NaN        NaN     468.19     254.52  102.6   -0.0  630.0  180.0
    22.2769        NaN        NaN        NaN        NaN     638.10      86.97  102.6   -0.0  630.0  180.0
    22.8153        NaN        NaN        NaN        NaN     694.67      53.85  102.6   -0.0  630.0  180.0
    23.3537        NaN        NaN        NaN        NaN     702.69      38.10  102.6   -0.0  630.0  180.0
    23.8925        NaN        NaN        NaN        NaN     689.00      57.10  102.6   -0.0  630.0  180.0
    24.4306        NaN        NaN        NaN        NaN     681.82      65.70  102.6   -0.0  630.0  180.0
    24.9690        NaN        NaN        NaN        NaN     717.74      65.88  102.6   -0.0  630.0  180.0
    25.5075        NaN        NaN        NaN        NaN     690.15     103.42  102.6   -0.0  630.0  180.0
    26.0458        NaN        NaN        NaN        NaN     748.30      60.79  102.6   -0.0  630.0  180.0
    26.5842        NaN        NaN        NaN        NaN     692.30      94.32  102.6   -0.0  630.0  180.0
    27.1228        NaN        NaN        NaN        NaN     707.30     135.32  102.6   -0.0  630.0  180.0
    27.6608        NaN        NaN        NaN        NaN     532.64     126.68  102.6   -0.0  630.0  180.0
    28.1990        NaN        NaN        NaN        NaN     649.09     207.82  102.6   -0.0  630.0  180.0
    28.7373        NaN        NaN        NaN        NaN     832.90     341.46  102.6   -0.0  630.0  180.0
    29.2757        NaN        NaN        NaN        NaN     364.11     212.66  102.6   -0.0  630.0  180.0
    18.6135      52.35       5.45        NaN        NaN     944.77      20.61   90.0  -45.0  630.0  180.0
    19.1521      75.24       8.41        NaN        NaN     884.53      31.06   90.0  -45.0  630.0  180.0
    19.6905      71.02       5.20        NaN        NaN     852.00      15.63   90.0  -45.0  630.0  180.0
    20.2287     122.64       2.56        NaN        NaN     626.18       9.51   90.0  -45.0  630.0  180.0
    20.7670     105.67       7.86        NaN        NaN     797.16      27.10   90.0  -45.0  630.0  180.0
    21.3054     107.12      12.34        NaN        NaN     763.27      42.53   90.0  -45.0  630.0  180.0
    21.8438     115.42      16.17        NaN        NaN     761.73      56.62   90.0  -45.0  630.0  180.0
    22.3822     135.69      13.95        NaN        NaN     735.52      47.81   90.0  -45.0  630.0  180.0
    22.9206     127.95      10.26        NaN        NaN     737.79      34.90   90.0  -45.0  630.0  180.0
    23.4591     114.57      14.65        NaN        NaN     692.59      48.92   90.0  -45.0  630.0  180.0
    23.9975     114.73      32.84        NaN        NaN     555.85      98.00   90.0  -45.0  630.0  180.0
    24.5358     -47.16      63.73        NaN        NaN    1476.00    1354.00   90.0  -45.0  630.0  180.0
    25.0743      57.22      50.30        NaN        NaN     393.64     132.39   90.0  -45.0  630.0  180.0
    25.6127      94.53      39.49        NaN        NaN     521.55     126.46   90.0  -45.0  630.0  180.0
    26.1511      62.66      32.43        NaN        NaN     698.91     108.61   90.0  -45.0  630.0  180.0
    26.6894      19.11      39.92        NaN        NaN     722.53     134.96   90.0  -45.0  630.0  180.0
    27.2278      -4.35      41.34        NaN        NaN     773.00     146.76   90.0  -45.0  630.0  180.0
    27.7660      41.64      40.12        NaN        NaN     652.45     128.98   90.0  -45.0  630.0  180.0
    28.3043      13.77      57.57        NaN        NaN     475.82     158.37   90.0  -45.0  630.0  180.0
    28.8427     110.69     111.01        NaN        NaN     400.11     288.47   90.0  -45.0  630.0  180.0
    29.3809     -36.16     142.64        NaN        NaN     324.86     327.68   90.0  -45.0  630.0  180.0
