                 MRH
   28    6 2015
      18.75     52.35      5.45       NaN       NaN    929.89     17.67    630.0   1800
      19.25     75.24      8.41       NaN       NaN    878.55     26.65    630.0   1800
      19.75     71.02      5.20       NaN       NaN    829.45     19.84    630.0   1800
      20.25    122.64      2.56       NaN       NaN    654.64     34.49    630.0   1800
      20.75    105.67      7.86       NaN       NaN    699.00     51.63    630.0   1800
      21.25    107.12     12.34       NaN       NaN    923.81    278.85    630.0   1800
      21.75    115.42     16.17       NaN       NaN    614.96    130.37    630.0   1800
      22.25    135.69     13.95       NaN       NaN    686.81     49.62    630.0   1800
      22.75    127.95     10.26       NaN       NaN    716.23     32.08    630.0   1800
      23.25    114.57     14.65       NaN       NaN    697.64     31.00    630.0   1800
      23.75    114.73     32.84       NaN       NaN    622.42     56.71    630.0   1800
      24.25       NaN       NaN       NaN       NaN    681.82     65.70    630.0   1800
      24.75    -47.16     63.73       NaN       NaN   1096.87    677.80    630.0   1800
      25.25     57.22     50.30       NaN       NaN    393.64    132.39    630.0   1800
      25.75     94.53     39.49       NaN       NaN    605.85     81.68    630.0   1800
      26.25     62.66     32.43       NaN       NaN    723.60     62.23    630.0   1800
      26.75     19.11     39.92       NaN       NaN    707.41     82.33    630.0   1800
      27.25     -4.35     41.34       NaN       NaN    740.15     99.81    630.0   1800
      27.75     41.64     40.12       NaN       NaN    592.55     90.39    630.0   1800
      28.25     13.77     57.57       NaN       NaN    562.45    130.64    630.0   1800
      28.75    110.69    111.01       NaN       NaN    616.51    223.50    630.0   1800
      29.25    -36.16    142.64       NaN       NaN    344.49    195.32    630.0   1800
