                 MRH
   28    6 2015
    18.5083      -7.09       5.44     915.01      28.71    1519.46      19.05  102.6   -0.0  630.0  180.0
    19.0469      -9.04       8.36     872.57      43.32     886.89      17.22  102.6   -0.0  630.0  180.0
    19.5852     -15.12       7.46     806.91      36.46     639.33      10.70  102.6   -0.0  630.0  180.0
    20.1234     -10.98      15.01     683.10      68.32     475.07      16.51  102.6   -0.0  630.0  180.0
    20.6617       5.66      23.14     600.84      99.64     481.07      25.85  102.6   -0.0  630.0  180.0
    21.2002     -78.70      25.81    1084.34     556.07     239.26      32.05  102.6   -0.0  630.0  180.0
    21.7385      79.36      21.95     468.19     254.52     335.55      31.29  102.6   -0.0  630.0  180.0
    22.2769     -21.49      19.63     638.10      86.97     675.56      30.99  102.6   -0.0  630.0  180.0
    22.8153     -10.84      11.65     694.67      53.85     741.67      20.06  102.6   -0.0  630.0  180.0
    23.3537      -4.25       8.23     702.69      38.10     805.94      15.14  102.6   -0.0  630.0  180.0
    23.8925       1.56      12.38     689.00      57.10     525.01      15.01  102.6   -0.0  630.0  180.0
    24.4306      -1.80      14.28     681.82      65.70     524.28      17.44  102.6   -0.0  630.0  180.0
    24.9690       5.93      13.92     717.74      65.88     560.08      18.26  102.6   -0.0  630.0  180.0
    25.5075      -1.29      22.21     690.15     103.42     375.13      19.64  102.6   -0.0  630.0  180.0
    26.0458      -1.56      12.51     748.30      60.79     393.94      11.57  102.6   -0.0  630.0  180.0
    26.5842       4.29      20.14     692.30      94.32     313.74      14.82  102.6   -0.0  630.0  180.0
    27.1228      21.62      28.54     707.30     135.32     293.55      19.94  102.6   -0.0  630.0  180.0
    27.6608       1.61      31.34     532.64     126.68     226.52      16.53  102.6   -0.0  630.0  180.0
    28.1990      34.16      45.18     649.09     207.82     112.48      12.14  102.6   -0.0  630.0  180.0
    28.7373     -54.65      63.51     832.90     341.46      79.27      12.85  102.6   -0.0  630.0  180.0
    29.2757      18.51      59.92     364.11     212.66      63.88       8.90  102.6   -0.0  630.0  180.0
    18.4030       8.72       4.23     941.63      22.78    2396.48      23.20   12.7  -50.2  630.0  180.0
    18.8885      22.71       5.26     881.25      26.93    1496.07      17.70   12.7  -50.2  630.0  180.0
    19.4269      24.05       2.70     760.37      10.89    1153.37       5.21   12.7  -50.2  630.0  180.0
    19.9652       8.15       1.26     885.34       9.83     898.70       4.30   12.7  -50.2  630.0  180.0
    20.5035      23.82       4.34     845.29      21.13    1098.17      10.10   12.7  -50.2  630.0  180.0
    21.0419      10.66       5.76     780.65      27.69    1125.97      14.54   12.7  -50.2  630.0  180.0
    21.5802      -1.83       6.88     752.34      32.85    1158.33      18.16   12.7  -50.2  630.0  180.0
    22.1186     -11.46       9.00     750.43      43.32    1001.52      21.01   12.7  -50.2  630.0  180.0
    22.6571     -35.51       6.51     747.13      31.12    1085.80      16.22   12.7  -50.2  630.0  180.0
    23.1955     -32.79       5.52     727.57      25.73     917.74      11.20   12.7  -50.2  630.0  180.0
    23.7340     -18.24       8.59     660.76      38.55     643.20      12.47   12.7  -50.2  630.0  180.0
    24.2723     -11.18       9.01     743.95      43.28     787.79      16.59   12.7  -50.2  630.0  180.0
    24.8107      -2.54       9.38     732.50      44.68     837.34      18.27   12.7  -50.2  630.0  180.0
    25.3494      -5.77      14.93     683.94      68.86     578.30      20.22   12.7  -50.2  630.0  180.0
    25.8876     -27.73      17.00     660.10      77.34     395.85      15.72   12.7  -50.2  630.0  180.0
    26.4259      11.77      17.21     636.75      76.07     329.61      13.14   12.7  -50.2  630.0  180.0
    26.9643      24.27      20.32     753.47      99.16     416.20      20.09   12.7  -50.2  630.0  180.0
    27.5026      23.02      27.48     693.36     128.12     305.83      19.87   12.7  -50.2  630.0  180.0
    28.0408       7.43      28.93     661.29     131.94     204.98      14.07   12.7  -50.2  630.0  180.0
    28.5790     -23.01      40.70     503.90     167.44     111.34      10.73   12.7  -50.2  630.0  180.0
    29.1174     -11.72      62.15     536.28     258.69      73.79      10.82   12.7  -50.2  630.0  180.0
    29.6557      26.40      21.93     704.66     103.77     339.40      17.80   12.7  -50.2  630.0  180.0
    18.4557      49.38      14.31     840.81      72.91    1261.62      42.74  102.6   50.2  630.0  180.0
    18.9943      39.66      14.00     853.72      71.45     865.22      28.33  102.6   50.2  630.0  180.0
    19.5326      58.90       9.35     795.00      45.22     801.73      16.97  102.6   50.2  630.0  180.0
    20.0709      72.74       7.28     814.13      35.13     658.35      10.50  102.6   50.2  630.0  180.0
    20.6093      65.05       7.81     805.05      37.76     700.09      12.10  102.6   50.2  630.0  180.0
    21.1476      78.72       8.44     787.48      40.48     733.04      13.75  102.6   50.2  630.0  180.0
    21.6860      83.64       7.44     756.91      34.84    1062.28      17.55  102.6   50.2  630.0  180.0
    22.2243      78.20       8.38     807.79      41.18    1008.73      19.13  102.6   50.2  630.0  180.0
    22.7628      65.87       5.74     787.59      27.30     905.63      11.28  102.6   50.2  630.0  180.0
    23.3012      76.24       3.98     678.63      16.62     863.31       6.66  102.6   50.2  630.0  180.0
    23.8397      73.87       6.64     750.41      30.96     733.70      10.57  102.6   50.2  630.0  180.0
    24.3780      65.20      11.43     750.88      54.35     592.34      15.51  102.6   50.2  630.0  180.0
    24.9165      66.29      13.64     707.67      63.04     525.07      16.29  102.6   50.2  630.0  180.0
    25.4549      54.59      17.97     707.80      84.07     450.83      18.85  102.6   50.2  630.0  180.0
    25.9933      38.66      10.20     743.55      48.72     467.16      10.89  102.6   50.2  630.0  180.0
    26.5317      25.18      21.05     745.14     101.78     325.17      16.21  102.6   50.2  630.0  180.0
    27.0700      40.47      18.40     659.75      82.96     413.13      17.61  102.6   50.2  630.0  180.0
    27.6083      43.42      31.20     715.16     148.66     267.22      19.88  102.6   50.2  630.0  180.0
    28.1465      65.58      33.91     584.17     145.90     145.22      11.40  102.6   50.2  630.0  180.0
    28.6848      99.38      53.01     443.41     230.20      63.37       8.60  102.6   50.2  630.0  180.0
    29.2231       8.97      38.81     632.72     176.27     119.34      10.98  102.6   50.2  630.0  180.0
    29.7614      36.63       8.09     643.10      36.11    1991.84      37.54  102.6   50.2  630.0  180.0
    18.5610     -13.25       3.93     935.28      20.85    2085.09      18.46   45.0  -45.0  630.0  180.0
    19.0996      -6.40       5.35     868.95      27.17    1148.49      13.81   45.0  -45.0  630.0  180.0
    19.6379     -21.52       1.22     976.49      12.49     901.38       5.30   45.0  -45.0  630.0  180.0
    20.1762     -17.52       1.54     666.42       8.82     664.06       2.89   45.0  -45.0  630.0  180.0
    20.7145     -19.65       4.68     831.04      22.78     954.36       9.62   45.0  -45.0  630.0  180.0
    21.2529     -41.42       7.13     799.54      35.58     976.63      16.23   45.0  -45.0  630.0  180.0
    21.7912     -46.45       9.60     754.99      46.54     937.46      21.24   45.0  -45.0  630.0  180.0
    22.3296     -64.72       9.73     756.02      47.66     948.57      21.90   45.0  -45.0  630.0  180.0
    22.8680     -77.52       6.67     716.46      31.56    1094.66      16.96   45.0  -45.0  630.0  180.0
    23.4065     -77.82       9.80     700.85      46.07     789.80      18.14   45.0  -45.0  630.0  180.0
    23.9449     -46.02      12.74     659.10      57.92     653.87      19.50   45.0  -45.0  630.0  180.0
    24.4833     -36.54      12.77     718.65      60.82     790.22      23.94   45.0  -45.0  630.0  180.0
    25.0217     -38.29      14.55     694.28      68.19     671.91      23.15   45.0  -45.0  630.0  180.0
    25.5601     -41.55      22.52     643.01     102.78     423.41      22.89   45.0  -45.0  630.0  180.0
    26.0985     -17.40      16.44     657.83      74.26     362.04      13.86   45.0  -45.0  630.0  180.0
    26.6369      11.73      25.18     667.19     114.63     316.25      18.66   45.0  -45.0  630.0  180.0
    27.1752       9.96      24.31     675.56     111.14     360.59      20.67   45.0  -45.0  630.0  180.0
    27.7135       0.05      28.17     669.78     129.40     278.53      18.74   45.0  -45.0  630.0  180.0
    28.2518      -4.17      36.32     552.02     153.03     145.46      12.44   45.0  -45.0  630.0  180.0
    28.7900     -73.52      65.08     551.89     286.54      74.19      11.85   45.0  -45.0  630.0  180.0
    29.3285     -42.03      85.28     489.38     370.35      67.62      13.28   45.0  -45.0  630.0  180.0
    18.6135     -37.02       3.86     944.77      20.61    2118.80      18.53   90.0  -45.0  630.0  180.0
    19.1521     -53.21       5.95     884.53      31.06    1000.77      13.64   90.0  -45.0  630.0  180.0
    19.6905     -50.22       3.68     852.00      15.63     703.16       7.85   90.0  -45.0  630.0  180.0
    20.2287     -86.72       1.81     626.18       9.51     519.10       2.60   90.0  -45.0  630.0  180.0
    20.7670     -74.72       5.56     797.16      27.10     723.84       8.83   90.0  -45.0  630.0  180.0
    21.3054     -75.75       8.73     763.27      42.53     742.88      15.13   90.0  -45.0  630.0  180.0
    21.8438     -81.62      11.44     761.73      56.62     783.18      21.46   90.0  -45.0  630.0  180.0
    22.3822     -95.95       9.86     735.52      47.81     955.95      22.46   90.0  -45.0  630.0  180.0
    22.9206     -90.47       7.25     737.79      34.90    1100.53      18.71   90.0  -45.0  630.0  180.0
    23.4591     -81.01      10.36     692.59      48.92     945.06      23.29   90.0  -45.0  630.0  180.0
    23.9975     -81.13      23.22     555.85      98.00     556.47      30.70   90.0  -45.0  630.0  180.0
    24.5358      33.35      45.06    1476.00    1354.00     322.92      32.65   90.0  -45.0  630.0  180.0
    25.0743     -40.46      35.57     393.64     132.39     426.55      32.04   90.0  -45.0  630.0  180.0
    25.6127     -66.84      27.92     521.55     126.46     335.44      22.11   90.0  -45.0  630.0  180.0
    26.1511     -44.31      22.93     698.91     108.61     364.35      19.96   90.0  -45.0  630.0  180.0
    26.6894     -13.51      28.23     722.53     134.96     322.59      21.82   90.0  -45.0  630.0  180.0
    27.2278       3.07      29.23     773.00     146.76     328.22      23.22   90.0  -45.0  630.0  180.0
    27.7660     -29.44      28.37     652.45     128.98     267.63      18.19   90.0  -45.0  630.0  180.0
    28.3043      -9.73      40.71     475.82     158.37     116.42      10.95   90.0  -45.0  630.0  180.0
    28.8427     -78.27      78.50     400.11     288.47      59.63      11.30   90.0  -45.0  630.0  180.0
    29.3809      25.57     100.86     324.86     327.68      55.69      12.85   90.0  -45.0  630.0  180.0
    18.6663     -48.03       4.36     982.46      24.28    1802.46      18.13  134.9  -45.0  630.0  180.0
    18.7184     -52.54       4.62     961.50      25.48    1636.45      17.44  134.9  -45.0  630.0  180.0
    18.7706     -48.89       4.90     954.57      26.86    1522.22      17.30  134.9  -45.0  630.0  180.0
    18.8229     -55.62       4.95     907.55      26.33    1386.42      15.73  134.9  -45.0  630.0  180.0
    19.2046     -64.15       5.44     912.09      28.90     957.92      11.90  134.9  -45.0  630.0  180.0
    19.2569     -75.04       2.90     818.51      11.33     815.50       3.37  134.9  -45.0  630.0  180.0
    19.3091     -65.42       4.32     790.26      20.18     828.63       7.33  134.9  -45.0  630.0  180.0
    19.3613     -77.78       4.81     825.05      23.41     810.98       8.29  134.9  -45.0  630.0  180.0
    19.7430     -78.06       5.01     767.59      26.31     619.11       8.48  134.9  -45.0  630.0  180.0
    19.7952     -64.01       5.22     769.42      27.35     607.41       8.75  134.9  -45.0  630.0  180.0
    19.8475     -76.95       5.26     749.06      27.19     595.24       8.59  134.9  -45.0  630.0  180.0
    19.8997     -67.98       5.71     749.58      29.32        NaN        NaN  134.9  -45.0  630.0  180.0
    20.2812    -102.70       4.73     739.45      20.67     492.44       4.51  134.9  -45.0  630.0  180.0
    20.3335     -94.59       5.42     756.41      24.93     494.59       5.57  134.9  -45.0  630.0  180.0
    20.3857     -92.06       5.21     757.24      23.73     491.03       5.13  134.9  -45.0  630.0  180.0
    20.4379    -114.98       4.92     745.08      21.87     465.61       4.46  134.9  -45.0  630.0  180.0
    20.8196     -96.31       6.51     730.56      30.25     531.10       7.53  134.9  -45.0  630.0  180.0
    20.8718     -71.89       7.57     678.15      33.99     513.49       8.68  134.9  -45.0  630.0  180.0
    20.9240     -82.21       8.39     744.41      40.14     517.46       9.96  134.9  -45.0  630.0  180.0
    20.9762     -83.29       9.77     739.05      46.98     497.21      11.28  134.9  -45.0  630.0  180.0
    21.3580     -70.03      12.62     777.15      62.86     511.35      15.32  134.9  -45.0  630.0  180.0
    21.4102     -71.65      13.58     780.41      68.02     533.63      17.37  134.9  -45.0  630.0  180.0
    21.4624     -66.99      12.06     782.74      60.09     581.84      16.74  134.9  -45.0  630.0  180.0
    21.5146     -54.46      12.00     808.63      60.97     619.62      17.84  134.9  -45.0  630.0  180.0
    21.8963     -80.75      12.62     771.71      63.14     684.73      20.74  134.9  -45.0  630.0  180.0
    21.9485     -72.99      12.90     745.71      62.82     675.76      20.83  134.9  -45.0  630.0  180.0
    22.0008     -74.66      12.51     793.41      63.64     709.98      21.41  134.9  -45.0  630.0  180.0
    22.0530     -77.24      12.54     739.30      60.95     699.94      20.93  134.9  -45.0  630.0  180.0
    22.4348     -73.42       8.73     798.25      44.28     995.27      20.71  134.9  -45.0  630.0  180.0
    22.4872     -70.59       8.29     758.77      40.64    1002.54      19.62  134.9  -45.0  630.0  180.0
    22.5392     -70.56       7.63     722.31      36.25     986.98      17.55  134.9  -45.0  630.0  180.0
    22.5914     -74.14       7.69     697.97      35.77     989.58      17.55  134.9  -45.0  630.0  180.0
    22.9731     -56.35       5.73     721.29      26.70    1038.21      13.39  134.9  -45.0  630.0  180.0
    23.0253     -63.65       5.70     711.11      26.47    1033.74      13.27  134.9  -45.0  630.0  180.0
    23.0776     -60.29       5.77     738.91      27.33    1052.31      13.81  134.9  -45.0  630.0  180.0
    23.1298     -59.78       5.69     716.83      26.39    1041.83      13.31  134.9  -45.0  630.0  180.0
    23.5119     -52.89       6.00     716.03      28.03    1116.95      15.34  134.9  -45.0  630.0  180.0
    23.5639     -49.74       6.10     752.73      29.46    1127.44      15.76  134.9  -45.0  630.0  180.0
    23.6162     -49.55       6.55     747.70      31.74    1077.58      16.32  134.9  -45.0  630.0  180.0
    23.6684     -51.35       6.75     692.67      31.08    1022.06      15.77  134.9  -45.0  630.0  180.0
    24.0501     -62.66      10.80     687.74      50.24     658.57      16.57  134.9  -45.0  630.0  180.0
    24.1023     -65.24      11.43     676.80      52.90     629.00      16.95  134.9  -45.0  630.0  180.0
    24.1545     -56.40      11.62     614.87      50.75     590.07      15.92  134.9  -45.0  630.0  180.0
    24.2068     -73.72      12.29     687.36      57.03     608.96      17.58  134.9  -45.0  630.0  180.0
    24.5884     -61.22      13.70     709.49      65.07     622.09      20.21  134.9  -45.0  630.0  180.0
    24.6407     -62.94      12.97     751.62      63.92     652.57      20.37  134.9  -45.0  630.0  180.0
    24.6929     -47.18      13.33     667.90      60.86     633.59      19.76  134.9  -45.0  630.0  180.0
    24.7451     -47.11      12.83     721.63      61.64     650.20      19.76  134.9  -45.0  630.0  180.0
    25.1269     -55.56      14.81     677.08      68.82     583.33      20.39  134.9  -45.0  630.0  180.0
    25.1791     -45.26      15.36     704.73      72.60     586.59      21.46  134.9  -45.0  630.0  180.0
    25.2313     -52.03      15.73     765.06      78.62     589.55      22.32  134.9  -45.0  630.0  180.0
    25.2836     -36.04      16.02     684.91      74.53     562.79      21.30  134.9  -45.0  630.0  180.0
    25.6653     -50.72      18.01     724.85      87.30     511.75      22.26  134.9  -45.0  630.0  180.0
    25.7175     -40.90      17.82     674.24      82.60     492.51      20.89  134.9  -45.0  630.0  180.0
    25.7697     -31.68      17.76     716.47      84.79     502.21      21.41  134.9  -45.0  630.0  180.0
    25.8220     -35.55      16.75     756.21      82.81     511.58      20.66  134.9  -45.0  630.0  180.0
    26.2037     -30.44      13.74     674.90      63.41     416.95      13.41  134.9  -45.0  630.0  180.0
    26.2559     -21.39      14.33     736.32      69.65     428.37      14.57  134.9  -45.0  630.0  180.0
    26.3081     -39.72      15.26     710.29      73.08     412.53      15.09  134.9  -45.0  630.0  180.0
    26.3605     -30.12      14.69     675.48      67.68     408.67      14.17  134.9  -45.0  630.0  180.0
    26.7420       5.13      19.62     626.65      86.81     358.01      16.35  134.9  -45.0  630.0  180.0
    26.7942     -12.62      19.09     676.32      88.02     394.93      17.80  134.9  -45.0  630.0  180.0
    26.8465      -7.10      20.98     685.83      97.95     383.23      19.25  134.9  -45.0  630.0  180.0
    26.8987     -24.05      21.77     655.11      99.20     364.98      18.83  134.9  -45.0  630.0  180.0
    27.2805     -10.71      29.24     622.57     129.42     284.75      19.63  134.9  -45.0  630.0  180.0
    27.3325     -11.27      30.68     643.87     137.53     270.14      19.69  134.9  -45.0  630.0  180.0
    27.3850       5.30      33.97     689.08     159.77     248.60      20.30  134.9  -45.0  630.0  180.0
    27.4371      16.01      32.82     706.45     155.55     257.94      20.28  134.9  -45.0  630.0  180.0
    27.8186      10.36      31.23     735.82     152.25     223.29      16.75  134.9  -45.0  630.0  180.0
    27.8708     -23.72      33.73     676.68     159.36     201.55      16.54  134.9  -45.0  630.0  180.0
    27.9230     -27.02      35.92     583.68     152.98     174.90      14.61  134.9  -45.0  630.0  180.0
    27.9752     -11.65      31.50     561.20     134.40     178.14      13.03  134.9  -45.0  630.0  180.0
    28.3568     -20.21      46.10     464.32     179.58     108.14      11.80  134.9  -45.0  630.0  180.0
    28.4090     -16.69      38.79     596.35     170.40     121.13      11.35  134.9  -45.0  630.0  180.0
    28.4612     -39.31      36.31     501.03     146.79     111.42       9.53  134.9  -45.0  630.0  180.0
    28.5135     -33.81      40.21     473.54     175.97      92.62       8.17  134.9  -45.0  630.0  180.0
    28.8951     -13.81     124.69     467.73     499.65      53.02      16.37  134.9  -45.0  630.0  180.0
    28.9473     -49.13      90.45     565.85     428.09      54.49      13.21  134.9  -45.0  630.0  180.0
    28.9995     -39.71      67.77     420.65     266.53      57.33       8.10  134.9  -45.0  630.0  180.0
    29.0517     -60.61      87.43     478.05     354.67      53.51      11.34  134.9  -45.0  630.0  180.0
    29.4334     -21.00      59.46     547.05     267.75      77.64      11.83  134.9  -45.0  630.0  180.0
    29.4857     -35.36      52.73     560.02     228.36      95.39      12.10  134.9  -45.0  630.0  180.0
    29.5379     -13.19      42.35     489.71     172.27     124.82      12.48  134.9  -45.0  630.0  180.0
    29.5901      -5.08      33.27     613.21     147.03     176.14      14.12  134.9  -45.0  630.0  180.0
    18.9416      44.14       9.68     879.15      50.06    1043.06      23.36  147.4   39.9  630.0  180.0
    19.4801      54.62       8.34     804.89      40.84     854.20      16.16  147.4   39.9  630.0  180.0
    20.0184      60.52       7.83     726.37      35.72     735.00      12.66  147.4   39.9  630.0  180.0
    20.5567      61.61       8.41     695.06      37.58     743.11      13.77  147.4   39.9  630.0  180.0
    21.0951      50.95       8.16     785.46      39.37     860.65      15.84  147.4   39.9  630.0  180.0
    21.6334      45.49       8.45     783.72      41.04    1008.06      19.53  147.4   39.9  630.0  180.0
    22.1718      42.87       9.85     764.28      47.31     894.78      20.23  147.4   39.9  630.0  180.0
    22.7102      31.82       7.12     736.42      33.31     865.06      13.69  147.4   39.9  630.0  180.0
    23.2487      32.98       4.59     725.22      20.52     873.07       8.24  147.4   39.9  630.0  180.0
    23.7872      35.21       7.81     722.13      36.03     610.07      10.61  147.4   39.9  630.0  180.0
    24.3255      43.43      10.37     770.11      50.59     652.58      15.64  147.4   39.9  630.0  180.0
    24.8641      44.58      11.92     692.05      54.60     598.93      16.31  147.4   39.9  630.0  180.0
    25.4024      14.36      16.89     742.88      81.77     495.45      19.97  147.4   39.9  630.0  180.0
    25.9407      14.41      12.74     732.67      60.61     407.32      11.99  147.4   39.9  630.0  180.0
    26.4791      34.35      17.98     687.15      83.18     318.80      13.39  147.4   39.9  630.0  180.0
    27.0175      29.46      19.42     710.88      91.99     415.95      19.14  147.4   39.9  630.0  180.0
    27.5557      25.83      32.19     676.01     148.99     251.41      19.25  147.4   39.9  630.0  180.0
    28.0940      35.08      36.64     669.37     169.79     152.45      13.25  147.4   39.9  630.0  180.0
    28.6322      36.00      59.14     361.28     201.05      74.98      10.00  147.4   39.9  630.0  180.0
    29.1707     -18.20      67.94     530.70     289.75      67.13      10.97  147.4   39.9  630.0  180.0
    29.7089      29.69      13.66     659.30      62.21     798.89      25.61  147.4   39.9  630.0  180.0
