  Image    fringe1  fringe2  fringe3  fringe4  fringe5  fringe6  fringe7
-----------------------------------------------------------------------------
    1     0.716950 0.715241 0.709275 0.707462 0.704344 0.700342 0.694882
    2     0.705218 0.706011 0.715508 0.694725 0.694838 0.694377 0.699659
    3     0.718369 0.718089 0.714747 0.708205 0.705193 0.701111 0.700542
    4     0.721003 0.717953 0.714960 0.710382 0.705014 0.703347 0.699644
    5     0.723954 0.721679 0.717793 0.714026 0.711175 0.705891 0.704193
    6     0.726970 0.723197 0.719280 0.715707 0.711068 0.706977 0.707902
    7     0.727141 0.725103 0.720432 0.716151 0.712902 0.708337 0.705951
    8     0.725673 0.722593 0.721308 0.715937 0.713439 0.708480 0.706009
    9     0.726720 0.724185 0.721138 0.719846 0.713214 0.707844 0.708367
   10     0.715003 0.710679 0.710823 0.705652 0.700295 0.696682 0.694509
   11     0.704521 0.712139 0.710237 0.702191 0.697489 0.691861 0.692754
   12     0.711438 0.707398 0.714615 0.698714 0.697901 0.690690 0.697796
   13     0.720712 0.711099 0.717594 0.711092 0.707684 0.701983 0.702374
   14     0.720591 0.719408 0.713298 0.709681 0.705669 0.701881 0.699558
   15     0.726310 0.724639 0.722494 0.718339 0.711598 0.712123 0.708036
   16     0.728627 0.725158 0.724844 0.720653 0.712770 0.713870 0.710869
   17     0.733822 0.725920 0.721262 0.724211 0.713288 0.715975 0.711527
   18     0.728276 0.727615 0.729078 0.717088 0.715770 0.711126 0.712857
   19     0.725805 0.732460 0.729838 0.725380 0.714835 0.714803 0.714746
   20     0.713711 0.718084 0.711178 0.705893 0.699530 0.698795 0.693631
   21     0.707059 0.710778 0.707985 0.701555 0.701541 0.693645 0.687930
   22     0.714164 0.704885 0.704361 0.701917 0.694240 0.689769 0.696633
   23     0.718295 0.719668 0.722791 0.712535 0.704770 0.707230 0.707041
   24     0.722880 0.721251 0.721556 0.712632 0.710203 0.704735 0.702290
   25    ********* 0.929317 0.729973 0.719125 0.718379 0.709614 0.708851
   26     0.731439 0.730852 0.729874 0.720532 0.719691 0.713430 0.718674
   27     0.732635 0.729076 0.725917 0.721157 0.714713 0.711567 0.694603
   28     0.735800 0.732473 0.728646 0.722553 0.714401 0.715087 0.721845
   29     0.733413 0.730805 0.724144 0.720110********* 0.768537 0.693574
   30     0.714885 0.713579 0.714619 0.707446 0.706100 0.701294 0.694381
   31     0.706088 0.706924 0.710864 0.699405 0.697272 0.699350 0.694476
   32     0.707817 0.705314 0.707214 0.700020 0.694202 0.690819 0.693749
   33     0.717560 0.720750 0.723818 0.704746 0.712864 0.704772 0.712840
   34     0.721484 0.723178 0.719748 0.714940 0.711823 0.701213 0.707503
   35     0.726738 0.730339 0.728994 0.725552 0.724843 0.717602 0.714321
   36     0.732456 0.732708 0.731495 0.732051 0.725952 0.721408 0.718857
   37     0.733603 0.734342 0.731661 0.731486 0.720639 0.717131 0.722821
   38     0.735014 0.733412 0.734196 0.731394 0.722194 0.716642 0.715970
   39     0.734966 0.737794 0.733532 0.731452 0.724800 0.724254 0.722276
   40     0.715823 0.717853 0.715994 0.709033 0.705114 0.700655 0.695158
   41     0.710039 0.709466 0.712158 0.703501 0.700144 0.691188 0.692124
   42     0.714055 0.708780 0.707905 0.702859 0.699706 0.688544 0.691009
   43     0.707206 0.715375 0.727840 0.712634 0.711516 0.704314 0.710272
   44     0.726431 0.723052 0.720222 0.713636 0.711126 0.709379 0.707400
   45     0.733925 0.729899 0.731353 0.724545 0.720739 0.716470 0.714879
   46     0.735592 0.736850 0.734448 0.722778 0.724913 0.718259 0.724654
   47     0.730389 0.730253 0.730757 0.725926 0.715964 0.721086 0.717547
   48     0.734727 0.727961 0.735824 0.726187 0.724311 0.715178 0.719927
   49     0.735625 0.733742 0.734471 0.726621 0.717272 0.720903 0.717706
   50     0.722070 0.719166 0.717125 0.710972 0.706832 0.704199 0.701306
   51     0.712079 0.709821 0.712430 0.707468 0.698594 0.697574 0.701380
   52     0.710278 0.707083 0.709063 0.700384 0.700412 0.689691 0.690414
   53     0.667876 0.708002 0.781293 0.698415 0.727987 0.708153 0.693840
   54     0.729868 0.725872 0.726558 0.720213 0.716700 0.711750 0.711786
   55     0.737209 0.732143 0.732526 0.723125 0.722815 0.719010 0.714085
   56     0.728925 0.733664 0.732089 0.724646 0.721018 0.717710 0.719510
   57     0.735805 0.731118 0.731544 0.723598 0.720838 0.718582 0.718092
   58     0.735031 0.732539 0.728225 0.725518 0.722603 0.716341 0.713184
   59     0.732350 0.730944 0.729903 0.722238 0.720431 0.711100 0.713590
   60     0.724583 0.720083 0.720881 0.714117 0.713209 0.706283 0.703899
   61     0.715868 0.715387 0.711106 0.707108 0.704754 0.698303 0.698651
   62     0.711256 0.709909 0.705866 0.702450 0.697231 0.694121 0.687525
   63     0.694234 0.715188 0.750875 0.706928 0.717758 0.713517 0.690627
   64     0.732525 0.728378 0.728815 0.722581 0.719074 0.712454 0.711382
   65     0.734847 0.733946 0.734690 0.726757 0.726973 0.717799 0.721865
   66     0.733740 0.734429 0.733608 0.728393 0.723816 0.719813 0.723537
   67     0.735367 0.736184 0.730653 0.727588 0.721711 0.718334 0.718019
   68     0.735076 0.733528 0.733353 0.726407 0.722079 0.718541 0.721172
   69     0.734551 0.733738 0.735859 0.726843 0.725417 0.717179 0.722066
   70     0.725439 0.724151 0.723336 0.715984 0.714592 0.709692 0.708348
   71     0.717958 0.714644 0.713192 0.708659 0.703455 0.702268 0.701564
   72     0.711224 0.710287 0.708995 0.700627 0.703214 0.694554 0.693970
   73     0.720129 0.721978 0.731475 0.718378 0.720304 0.719192 0.707437
   74     0.734968 0.733525 0.733144 0.726828 0.720219 0.717254 0.717602
   75     0.739360 0.736026 0.737887 0.733928 0.728225 0.723472 0.720581
   76     0.735470 0.734977 0.735143 0.725576 0.721417 0.720672 0.722781
   77     0.736220 0.734948 0.730021 0.727806 0.722493 0.719500 0.722529
   78     0.735407 0.733862 0.734517 0.727205 0.723781 0.720121 0.718536
   79     0.740883 0.732265 0.734400 0.728991 0.722870 0.718186 0.719996
   80     0.731309 0.729666 0.728735 0.720205 0.717404 0.713404 0.715101
   81     0.720348 0.717583 0.715731 0.708696 0.708300 0.704746 0.707564
   82     0.717666 0.712510 0.710166 0.705995 0.704155 0.697370 0.695338
   83     0.722723 0.723608 0.731254 0.715904 0.715021 0.711684 0.711869
   84     0.736090 0.736968 0.733997 0.730643 0.725344 0.721145 0.723018
   85     0.740674 0.739066 0.739494 0.729742 0.726924 0.721982 0.723171
   86     0.733964 0.732161 0.733571 0.727371 0.722852 0.717973 0.717065
   87     0.736643 0.735488 0.733877 0.726963 0.725258 0.716942 0.717490
   88     0.738243 0.733586 0.729953 0.724819 0.722103 0.719601 0.721975
   89     0.734925 0.733755 0.730281 0.727983 0.725186 0.720510 0.718957
   90     0.731350 0.730429 0.728538 0.723092 0.719059 0.715660 0.713530
   91     0.721185 0.721622 0.720117 0.712692 0.708185 0.703173 0.700673
   92     0.714388 0.712482 0.709500 0.706374 0.701991 0.698347 0.697692
   93     0.727154 0.724538 0.724859 0.716839 0.716354 0.711546 0.712053
   94     0.735287 0.736014 0.740813 0.730617 0.725977 0.723487 0.724501
   95     0.737545 0.736990 0.738831 0.730331 0.728372 0.726128 0.722756
   96     0.734889 0.734931 0.733130 0.725805 0.724868 0.719886 0.715750
   97     0.735577 0.733874 0.730091 0.728043 0.722644 0.719835 0.716542
   98     0.735880 0.733625 0.733232 0.726792 0.723476 0.719156 0.714935
   99     0.735490 0.731462 0.732772 0.726321 0.724900 0.720080 0.719853
  100     0.729467 0.732699 0.727315 0.720060 0.718347 0.713181 0.712196
  101     0.721785 0.721301 0.718156 0.713208 0.710419 0.704192 0.706700
  102     0.718429 0.713436 0.713943 0.709452 0.700482 0.699159 0.697434
  103     0.728028 0.727087 0.725354 0.717816 0.715622 0.712031 0.707834
  104     0.730757 0.734138 0.738185 0.728876 0.721451 0.715890 0.719162
  105     0.726105 0.741592 0.748318 0.734110 0.734117 0.720231 0.730468
  106     0.743848 0.735219 0.733273 0.728178 0.721783 0.724361 0.720693
  107     0.734834 0.738565 0.735233 0.734334 0.725542 0.724544 0.718781
  108     0.735686 0.731168 0.735444 0.730376 0.724439 0.725025 0.721609
  109     0.739243 0.733032 0.741009 0.735223 0.725996 0.723362 0.725556
  110     0.731540 0.727598 0.726045 0.723437 0.714528 0.717995 0.713382
  111     0.722982 0.718891 0.717517 0.714019 0.710245 0.705330 0.704881
  112     0.720063 0.715056 0.719393 0.705595 0.706406 0.701604 0.700165
  113     0.727459 0.726247 0.725982 0.718987 0.717931 0.716582 0.713628
  114     0.734663 0.731173 0.736105 0.726287 0.718946 0.719867 0.717602
  115     0.681677 0.727751 0.800041 0.712321 0.108037 0.748376 0.733605
  116     0.736362 0.737907 0.736210 0.733172 0.725349 0.723238 0.723153
  117     0.735892 0.738756 0.736410 0.726115 0.728787 0.726020 0.727346
  118     0.736498 0.739481 0.732935 0.725968 0.722926 0.721277 0.719859
  119     0.733941 0.737577 0.734933 0.728605 0.725262 0.718527 0.722576
  120     0.731951 0.730066 0.728481 0.721530 0.715931 0.709653 0.711098
  121     0.726365 0.719682 0.719178 0.713974 0.708978 0.702624 0.706928
  122     0.719621 0.718198 0.717414 0.706849 0.707722 0.703523 0.701738
  123     0.730137 0.726490 0.721164 0.722172 0.719389 0.713059 0.711187
  124     0.735619 0.734306 0.737537 0.723586 0.724108 0.719081 0.718781
  125     0.712481 0.741088 0.786984 0.736126 0.737567 0.734597 0.707405
  126     0.738418 0.735833 0.737126 0.726649 0.728176 0.721733 0.727066
  127     0.737700 0.736309 0.735828 0.729441 0.718400 0.720990 0.723521
  128     0.737294 0.732582 0.736851 0.729452 0.726444 0.720995 0.728908
  129     0.726952 0.737793 0.736600 0.728520 0.727269 0.719085 0.717114
  130     0.734788 0.729417 0.730276 0.723408 0.714418 0.712717 0.713908
  131     0.727483 0.725647 0.727349 0.715974 0.711972 0.715283 0.715792
  132     0.726169 0.719807 0.718710 0.707028 0.708999 0.704345 0.709618
  133     0.730680 0.730617 0.726545 0.721433 0.714764 0.714414 0.719668
  134     0.736316 0.731222 0.743145 0.730710 0.728250 0.712670 0.722910
  135     0.730048 0.747371 0.759971 0.724594 0.729125 0.729261 0.724462
  136     0.737487 0.734718 0.737822 0.728033 0.726614 0.725696 0.725430
  137     0.734758 0.735590 0.733835 0.730658 0.725474 0.719884 0.725305
  138     0.735355 0.732178 0.734914 0.725112 0.726764 0.717830 0.723567
  139     0.736417 0.732525 0.736902 0.726436 0.727228 0.718992 0.721085
  140     0.735148 0.738091 0.729608 0.723575 0.720816 0.717647 0.728622
  141     0.732115 0.726995 0.720486 0.719137 0.717637 0.713451 0.716513
  142     0.723462 0.726497 0.724407 0.718980 0.713274 0.704376 0.707076
  143     0.726187 0.730971 0.728117 0.721043 0.721335 0.718273 0.719357
  144     0.724911 0.727966 0.738904 0.724006 0.728247 0.725104 0.717903
  145     0.731531 0.744786 0.738658 0.728557 0.727673 0.710046 0.737658
  146     0.734974 0.734750 0.738436 0.728112 0.726319 0.716184 0.719130
  147     0.735123 0.733991 0.731946 0.724113 0.722355 0.720852 0.720452
  148     0.736024 0.736338 0.738267 0.732228 0.727030 0.719572 0.720417
  149     0.737469 0.733733 0.729278 0.731467 0.721640 0.721182 0.726521
  150     0.727086 0.730499 0.724499 0.725197 0.717532 0.711392 0.718510
  151     0.727571 0.723750 0.721069 0.721477 0.711305 0.711923 0.712843
  152     0.728355 0.723994 0.726988 0.717719 0.718299 0.707907 0.718938
  153     0.731853 0.733857 0.727057 0.719248 0.719531 0.719157 0.714439
  154     0.726872 0.728370 0.730943 0.717072 0.718572 0.719148 0.719328
  155     0.726207 0.725755 0.742607 0.726579 0.727480 0.716473 0.724101
  156     0.731824 0.728678 0.727578 0.720077 0.723583 0.718683 0.715724
  157     0.735188 0.734084 0.729857 0.725206 0.722815 0.716691 0.723022
  158     0.730939 0.735599 0.730271 0.720787 0.721536 0.721653 0.720978
  159     0.734902 0.734060 0.728779 0.731286 0.727951 0.721631 0.723306
  160     0.729683 0.728897 0.725298 0.717421 0.713639 0.715537 0.717130
  161     0.727531 0.722402 0.724808 0.720781 0.714975 0.711966 0.721448
  162     0.729342 0.724255 0.727093 0.717770 0.710407 0.708037 0.712389
  163     0.729505 0.727774 0.726292 0.719894 0.715704 0.713998 0.721373
  164     0.730280 0.727452 0.729915 0.724608 0.723190 0.711177 0.721505
  165     0.729924 0.729974 0.736564 0.726404 0.715677 0.721293 0.716492
  166     0.732301 0.732373 0.732777 0.727738 0.723693 0.715673 0.728735
  167     0.742831 0.734203 0.725290 0.724801 0.722354 0.720817 0.720916
  168     0.731905 0.729260 0.726892 0.721442 0.720800 0.718677 0.729592
  169     0.730859 0.727525 0.728321 0.727062 0.715437 0.708669 0.730093
  170     0.730502 0.727368 0.726543 0.723317 0.715854 0.717122 0.719922
  171     0.728970 0.725600 0.725431 0.721687 0.719048 0.716589 0.719963
  172     0.728179 0.721554 0.726329 0.721703 0.710544 0.710043 0.720533
  173     0.740482 0.729615 0.726436 0.730961 0.718188 0.715797 0.723015
  174     0.732677 0.734202 0.728824 0.722954 0.723535 0.720922 0.729132
  175     0.734567 0.733712 0.741511 0.728814 0.728976 0.726002 0.728402
  176     0.727438 0.724753 0.734647 0.728619 0.724082 0.715748 0.726363
  177     0.739325 0.734255 0.734792 0.722724 0.729317 0.722857 0.736771
  178     0.742419 0.731042 0.735984 0.744346 0.714924 0.717695 0.742714
  179     0.732517 0.734261 0.736013 0.729450 0.725381 0.722878 0.726246
  180     0.735480 0.726421 0.733479 0.726418 0.721608 0.717028 0.725782
  181     0.730072 0.728569 0.720348 0.724004 0.718461 0.705947 0.732216
  182     0.730738 0.721896 0.716988 0.716381 0.718821 0.703837 0.714650
  183     0.745048 0.731729 0.720091 0.709200 0.714234 0.719689 0.719871
  184     0.746249 0.733354 0.722363 0.720753 0.721775 0.719247 0.739991
  185     0.731983 0.743134 0.727923 0.728092 0.724760 0.723370 0.731341
  186     0.741840 0.734982 0.735325 0.727362 0.722422 0.718334 0.737399
  187     0.726660 0.748683 0.737826 0.730389 0.724183 0.714903 0.734198
  188     0.743117 0.734745 0.736527 0.734691 0.725455 0.734549 0.745295
  189     0.744231 0.744502 0.733516 0.732486 0.727936 0.720282 0.737735
  190     0.750168 0.743972 0.730129 0.721470 0.725452 0.718336 0.729868
  191     0.722372 0.725361 0.725674 0.740901 0.719286 0.710604 0.723482
  192     0.719977 0.712797 0.718701 0.723696 0.711941 0.708854 0.713268
  193     0.725046 0.737909 0.759657 0.729212 0.721223 0.740410 0.764997
  194     0.741562 0.737175 0.745374 0.760063 0.729855 0.719542 0.768990
  195     0.753977 0.744889 0.750636 0.734317 0.727680 0.727869 0.765245
  196     0.733516 0.716211 0.751084 0.737715 0.725722 0.743174 0.829011
  197     0.756364 0.716013 0.737426 0.720199 0.760032 0.739432 0.732878
  198     0.748001 0.753606 0.727648 0.732141 0.718610 0.725261 0.842547
  199     0.747817 0.730952 0.756722 0.740145 0.732335 0.717445 0.750815
  200     0.735059 0.717929 0.743895 0.737658 0.732786 0.727485 0.738804
  201     0.740093 0.745987 0.730172 0.735091 0.727606 0.730462 0.733555
  202     0.742749 0.737877 0.729337 0.741425 0.720578 0.706199 0.723784
  203     0.721102 0.729949 0.751775 0.719690 0.713206 0.718369 0.746281
  204     0.754688 0.741502 0.735101 0.729473 0.746627 0.724507 0.782123
  205     0.743590 0.740231 0.724992 0.715729 0.715924 0.726963 0.781441
  206     0.722815 0.753037 0.717508 0.735594 0.724073 0.718976 0.774152
  207     0.748226 0.738342 0.736314 0.737389 0.734302 0.731743 0.737146
  208     0.733452 0.739487 0.739558 0.745434 0.726582 0.715378 0.740851
  209     0.732513 0.744842 0.733567 0.728995 0.728904 0.728553 0.733187
  210     0.728672 0.734084 0.737868 0.729947 0.725086 0.716886 0.725934
  211     0.734560 0.736302 0.733467 0.727099 0.723685 0.717954 0.719074
  212     0.732146 0.734223 0.736395 0.723572 0.722714 0.721948 0.715081
