MRH 20150604
    24.17    70.71   117.20   163.72   210.21   256.73   303.24
    46.54    46.50    46.51    46.49    46.53    46.51    46.51
     0.83318335     0.55628794     0.36207503     0.22286180     0.12229446     0.06482204     0.02808825     0.00587945    -0.00470597    -0.00122908    -0.00541562    -0.00756554    -0.00503294    -0.00279558    -0.00525214    -0.00092986     0.00223762     0.00046240
    -0.03722804    -0.02048839    -0.03204098    -0.03562313    -0.04076803    -0.03507830    -0.03585368    -0.02923149    -0.01721321    -0.01282671    -0.01213869    -0.00812462    -0.00136507    -0.00317305     0.00067429     0.00143456     0.00056870    -0.00410851
     1.00000000     0.66652524     0.43572143     0.27121124     0.15472573     0.08961762     0.05571700     0.03773069     0.02659227     0.02130211     0.01902240     0.01656622     0.01212027     0.00989333     0.00959629     0.00753670     0.00747278     0.00743121
     0.82833749     0.54287964     0.34005719     0.20060952     0.10993741     0.05695822     0.02637697     0.01130733     0.00502726     0.00197980     0.00184875    -0.00086994     0.00011162    -0.00038249     0.00068867     0.00079066     0.00137361     0.00176865
     0.04474485     0.05175506     0.03948407     0.01887015     0.00041631    -0.01374449    -0.01863411    -0.01971921    -0.01555091    -0.01086037    -0.00602490    -0.00323152    -0.00206637    -0.00072175     0.00071533     0.00038526    -0.00064356     0.00016161
     1.00000000     0.65733892     0.41266584     0.24290204     0.13255319     0.07071123     0.03898524     0.02754382     0.01981691     0.01355843     0.00803884     0.00459103     0.00390458     0.00347279     0.00278000     0.00245418     0.00285004     0.00317320
     0.82899833     0.53073215     0.31927148     0.17302974     0.08248783     0.03128104     0.00607220    -0.00402505    -0.00577897    -0.00561926    -0.00482008    -0.00233361    -0.00174015     0.00103716     0.00083719    -0.00025478    -0.00187284    -0.00219368
    -0.00880757    -0.02280338    -0.03200969    -0.03579555    -0.03445778    -0.03032924    -0.02118878    -0.01479633    -0.00809527    -0.00488152    -0.00064516     0.00132620     0.00278233     0.00262976     0.00339064     0.00329397     0.00225511     0.00246604
     1.00000000     0.64072996     0.38701665     0.21314849     0.10792483     0.05264241     0.02674125     0.01870871     0.01251863     0.00938813     0.00689688     0.00461416     0.00482400     0.00479075     0.00528727     0.00513355     0.00442638     0.00474254
     0.82100666     0.51658911     0.30097491     0.15941185     0.07535478     0.02996846     0.00950983     0.00077943    -0.00089953    -0.00035024     0.00092792     0.00187744     0.00231346     0.00311719     0.00209957     0.00150814     0.00200598     0.00311929
     0.04501472     0.04912341     0.02923167     0.00981888    -0.00615901    -0.01246982    -0.01282206    -0.00918080    -0.00628877    -0.00197509     0.00097540     0.00067896     0.00075258    -0.00004998    -0.00118577    -0.00244959    -0.00323506    -0.00343605
     1.00000000     0.63104463     0.36778539     0.19426122     0.09205461     0.03967195     0.01955047     0.01127216     0.00884819     0.00442149     0.00354302     0.00436457     0.00451612     0.00455052     0.00488921     0.00458683     0.00548953     0.00635037
     0.82114834     0.50352848     0.28196269     0.13917270     0.05576522     0.01735479     0.00004669    -0.00356859    -0.00378072    -0.00289810    -0.00068269     0.00019068     0.00115273     0.00114076     0.00171872     0.00051750     0.00002380    -0.00154560
    -0.00269537    -0.01389251    -0.02194103    -0.02409874    -0.02047872    -0.01627928    -0.01059207    -0.00692996    -0.00389893    -0.00187073    -0.00058457    -0.00021054    -0.00215743    -0.00190785    -0.00050448    -0.00088498    -0.00121249    -0.00086220
     1.00000000     0.61441666     0.34595492     0.17347373     0.07349564     0.02957190     0.01348074     0.01058768     0.00722485     0.00563105     0.00308747     0.00318467     0.00370122     0.00426280     0.00387313     0.00297791     0.00288277     0.00333477
     0.81718802     0.48771563     0.26156119     0.12182968     0.04517310     0.00930434    -0.00210389    -0.00466251    -0.00398954    -0.00180870    -0.00207751     0.00022268     0.00092115     0.00384029     0.00356133     0.00491147     0.00573721     0.00541646
     0.04775155     0.04293290     0.02766901     0.00958798    -0.00184840    -0.00540577    -0.00576001    -0.00325280    -0.00050414     0.00002311     0.00271330     0.00377899     0.00450891     0.00377381     0.00319854     0.00041786    -0.00008886    -0.00188968
     1.00000000     0.59805608     0.32131341     0.14939974     0.05541769     0.01405794     0.00859306     0.00786099     0.00643743     0.00466338     0.00526179     0.00580870     0.00610147     0.00761686     0.00651097     0.00659709     0.00784870     0.00741999
     0.81754774     0.47936720     0.24276353     0.10626087     0.03322166     0.00274497    -0.00528087    -0.00470968    -0.00407589    -0.00080232    -0.00004323     0.00047534     0.00098425    -0.00188682     0.00052160    -0.00285047    -0.00127916     0.00176439
    -0.01096028    -0.02405510    -0.02415990    -0.01933168    -0.00938721    -0.00590508    -0.00306865    -0.00226741     0.00136086     0.00077848     0.00379978     0.00274716     0.00293328    -0.00080368    -0.00114191    -0.00184195    -0.00492601    -0.00259523
     1.00000000     0.58717954     0.29847527     0.13220742     0.04248996     0.00889965     0.00870653     0.00744957     0.00722375     0.00501920     0.00637304     0.00557149     0.00599278     0.00466261     0.00531629     0.00565068     0.00752271     0.00639181
   1.324   0.186  400    2    0    0    0  0.000 18.000
