                 MRH
    4    6 2015
    18.4471        NaN        NaN        NaN        NaN     932.73      40.24  102.6    0.0  630.0  180.0
    18.9855        NaN        NaN        NaN        NaN     839.26     148.26  102.6    0.0  630.0  180.0
    19.5239        NaN        NaN        NaN        NaN     766.38     194.23  102.6    0.0  630.0  180.0
    20.0624        NaN        NaN        NaN        NaN     752.97     178.39  102.6    0.0  630.0  180.0
    20.6007        NaN        NaN        NaN        NaN     744.73     127.69  102.6    0.0  630.0  180.0
    21.1390        NaN        NaN        NaN        NaN     841.35      94.91  102.6    0.0  630.0  180.0
    21.6775        NaN        NaN        NaN        NaN     866.52      48.34  102.6    0.0  630.0  180.0
    22.2159        NaN        NaN        NaN        NaN     877.71      42.35  102.6    0.0  630.0  180.0
    22.7544        NaN        NaN        NaN        NaN     739.83      63.44  102.6    0.0  630.0  180.0
    23.2929        NaN        NaN        NaN        NaN     764.01      87.66  102.6    0.0  630.0  180.0
    23.8314        NaN        NaN        NaN        NaN     699.77     128.70  102.6    0.0  630.0  180.0
    24.3698        NaN        NaN        NaN        NaN     654.09     177.49  102.6    0.0  630.0  180.0
    24.9082        NaN        NaN        NaN        NaN     580.85     226.11  102.6    0.0  630.0  180.0
    25.4467        NaN        NaN        NaN        NaN     543.50     186.91  102.6    0.0  630.0  180.0
    25.9852        NaN        NaN        NaN        NaN     643.26     316.53  102.6    0.0  630.0  180.0
    26.5235        NaN        NaN        NaN        NaN     434.35     208.53  102.6    0.0  630.0  180.0
    18.5524       4.70       9.08        NaN        NaN    1034.71      38.96   90.0  -45.0  630.0  180.0
    19.0908     -15.22      39.13        NaN        NaN     924.75     156.62   90.0  -45.0  630.0  180.0
    19.6294      61.21      33.24        NaN        NaN     856.59     126.83   90.0  -45.0  630.0  180.0
    20.1676      57.15      37.41        NaN        NaN     769.90     131.61   90.0  -45.0  630.0  180.0
    20.7059      51.56      24.85        NaN        NaN     858.46      93.96   90.0  -45.0  630.0  180.0
    21.2443      61.03      15.70        NaN        NaN     771.52      54.60   90.0  -45.0  630.0  180.0
    21.7828      54.94       9.38        NaN        NaN     827.43      34.03   90.0  -45.0  630.0  180.0
    22.3212      21.15      11.07        NaN        NaN     824.60      39.95   90.0  -45.0  630.0  180.0
    22.8597     -18.49      19.21        NaN        NaN     758.92      65.56   90.0  -45.0  630.0  180.0
    23.3982     -16.58      26.18        NaN        NaN     739.64      88.43   90.0  -45.0  630.0  180.0
    23.9366      -1.31      49.10        NaN        NaN     701.49     163.65   90.0  -45.0  630.0  180.0
    24.4751     -19.10      60.60        NaN        NaN     738.78     204.18   90.0  -45.0  630.0  180.0
    25.0135       7.49      77.44        NaN        NaN     556.78     226.46   90.0  -45.0  630.0  180.0
    25.5519       2.41      77.68        NaN        NaN     721.30     268.02   90.0  -45.0  630.0  180.0
    26.0904       1.24     115.91        NaN        NaN     836.03     446.71   90.0  -45.0  630.0  180.0
