                 MRH
    4    6 2015
      18.25       NaN       NaN       NaN       NaN    932.73     40.24    630.0   1800
      18.75      4.70      9.08       NaN       NaN    936.99     76.64    630.0   1800
      19.25    -15.22     39.13       NaN       NaN    924.75    156.62    630.0   1800
      19.75     61.21     33.24       NaN       NaN    811.49    115.98    630.0   1800
      20.25     57.15     37.41       NaN       NaN    761.44    110.84    630.0   1800
      20.75     51.56     24.85       NaN       NaN    801.60     79.27    630.0   1800
      21.25     61.03     15.70       NaN       NaN    806.44     54.75    630.0   1800
      21.75     54.94      9.38       NaN       NaN    846.97     29.56    630.0   1800
      22.25     21.15     11.07       NaN       NaN    851.15     29.11    630.0   1800
      22.75    -18.49     19.21       NaN       NaN    749.37     45.61    630.0   1800
      23.25    -16.58     26.18       NaN       NaN    751.83     62.26    630.0   1800
      23.75     -1.31     49.10       NaN       NaN    700.63    104.10    630.0   1800
      24.25    -19.10     60.60       NaN       NaN    696.44    135.27    630.0   1800
      24.75       NaN       NaN       NaN       NaN    580.85    226.11    630.0   1800
      25.25      7.49     77.44       NaN       NaN    550.14    146.82    630.0   1800
      25.75      2.41     77.68       NaN       NaN    682.28    207.38    630.0   1800
      26.25      1.24    115.91       NaN       NaN    836.03    446.71    630.0   1800
      26.75       NaN       NaN       NaN       NaN    434.35    208.53    630.0   1800
