                 MRH
    4    6 2015
    18.4471      29.67       7.28     932.73      40.24    1279.60      23.18  102.6    0.0  630.0  180.0
    18.9855      20.65      28.42     839.26     148.26     334.32      23.90  102.6    0.0  630.0  180.0
    19.5239      27.33      39.78     766.38     194.23     207.37      20.26  102.6    0.0  630.0  180.0
    20.0624      32.36      36.77     752.97     178.39     203.13      18.36  102.6    0.0  630.0  180.0
    20.6007      22.99      26.74     744.73     127.69     342.10      22.23  102.6    0.0  630.0  180.0
    21.1390      34.35      18.30     841.35      94.91     521.77      23.73  102.6    0.0  630.0  180.0
    21.6775      27.36       9.20     866.52      48.34    1053.52      23.86  102.6    0.0  630.0  180.0
    22.2159      22.42       7.98     877.71      42.35    1342.85      26.44  102.6    0.0  630.0  180.0
    22.7544      27.43      13.41     739.83      63.44     832.16      26.81  102.6    0.0  630.0  180.0
    23.2929      18.33      18.05     764.01      87.66     650.65      28.56  102.6    0.0  630.0  180.0
    23.8314       3.20      27.76     699.77     128.70     394.37      26.69  102.6    0.0  630.0  180.0
    24.3698      14.08      38.79     654.09     177.49     273.48      26.53  102.6    0.0  630.0  180.0
    24.9082      14.46      46.18     580.85     226.11     228.37      27.05  102.6    0.0  630.0  180.0
    25.4467     -13.18      43.55     543.50     186.91     208.24      22.51  102.6    0.0  630.0  180.0
    25.9852     -32.58      67.90     643.26     316.53     149.47      25.79  102.6    0.0  630.0  180.0
    26.5235     -32.18      55.72     434.35     208.53     129.59      17.41  102.6    0.0  630.0  180.0
    18.3418      67.86       5.94     926.76      32.34    2069.86      30.27   12.7  -50.2  630.0  180.0
    18.8273      69.16      11.02     915.43      59.91     701.95      19.12   12.7  -50.2  630.0  180.0
    19.3656      71.90      19.01     831.43      96.91     382.70      17.78   12.7  -50.2  630.0  180.0
    19.9041      47.43      32.99     761.21     160.00     263.78      21.26   12.7  -50.2  630.0  180.0
    20.4424      75.74      10.85     780.35      52.73     883.84      22.91   12.7  -50.2  630.0  180.0
    20.9808      65.60       8.07     868.73      42.14    1304.53      25.66   12.7  -50.2  630.0  180.0
    21.5192      32.39       6.38     915.00      34.84    1710.17      27.07   12.7  -50.2  630.0  180.0
    22.0576       6.51       6.58     846.31      34.18    1660.74      26.72   12.7  -50.2  630.0  180.0
    22.5961      15.73      12.41     752.57      59.47     858.49      25.69   12.7  -50.2  630.0  180.0
    23.1346      15.61      21.65     759.81     104.57     499.35      26.35   12.7  -50.2  630.0  180.0
    23.6733       7.80      31.99     733.51     153.11     340.84      26.82   12.7  -50.2  630.0  180.0
    24.2116      14.15      40.84     671.29     184.63     235.28      23.22   12.7  -50.2  630.0  180.0
    24.7500      13.42      55.59     740.91     273.42     177.43      25.25   12.7  -50.2  630.0  180.0
    25.2884     -37.00      74.41     790.90     385.58     147.22      28.22   12.7  -50.2  630.0  180.0
    25.8269      16.16      56.48     658.07     314.41     108.28      13.51   12.7  -50.2  630.0  180.0
    26.3653      -0.98      74.99     582.81     314.74     122.82      22.36   12.7  -50.2  630.0  180.0
    18.3946      64.81       8.74    1025.87      51.98    1194.77      26.89  102.6   50.2  630.0  180.0
    18.9330      93.86      29.14     816.59     146.40     322.74      22.90  102.6   50.2  630.0  180.0
    19.4713      77.68      36.08     725.27     168.76     199.22      17.31  102.6   50.2  630.0  180.0
    20.0098      81.47      45.38     665.43     201.22     191.08      20.62  102.6   50.2  630.0  180.0
    20.5482     102.97      28.57     777.75     139.20     345.75      23.85  102.6   50.2  630.0  180.0
    21.0865     113.01      18.96     820.43      95.06     556.12      25.54  102.6   50.2  630.0  180.0
    21.6249     101.13      21.04     626.21      89.27     760.03      37.36  102.6   50.2  630.0  180.0
    22.1633     104.68      26.31     275.37      84.76     757.11      40.39  102.6   50.2  630.0  180.0
    22.7018      18.60      17.45     782.95      86.04     600.21      25.63  102.6   50.2  630.0  180.0
    23.2404      22.67      21.91     772.78     107.32     539.87      28.94  102.6   50.2  630.0  180.0
    23.7788       8.47      37.09     654.90     168.33     266.78      24.35  102.6   50.2  630.0  180.0
    24.3173     -17.30      41.52     740.00     203.30     231.21      24.08  102.6   50.2  630.0  180.0
    24.8557      16.50      59.10     614.74     249.45     160.73      22.70  102.6   50.2  630.0  180.0
    25.3941      11.97      65.03     573.14     269.51     145.54      22.21  102.6   50.2  630.0  180.0
    25.9326      -8.39      67.46     664.44     321.19     115.22      19.87  102.6   50.2  630.0  180.0
    26.4710      -6.22      84.69     566.19     372.81     107.41      23.83  102.6   50.2  630.0  180.0
    18.4998      27.51       7.05    1016.67      41.86    1617.51      29.44   45.1  -45.0  630.0  180.0
    19.0382      33.93      17.27     883.43      92.94     482.05      20.87   45.1  -45.0  630.0  180.0
    19.5766      30.24      25.37     803.23     127.87     365.71      22.94   45.1  -45.0  630.0  180.0
    20.1150      20.52      17.41     764.82      84.32     530.00      22.32   45.1  -45.0  630.0  180.0
    20.6534      11.75      10.66     905.00      58.20     904.82      24.21   45.1  -45.0  630.0  180.0
    21.1917       4.96       7.58     882.18      40.44    1276.30      23.95   45.1  -45.0  630.0  180.0
    21.7302     -12.88       5.62     828.38      28.51    1776.04      24.11   45.1  -45.0  630.0  180.0
    22.2687       1.63       9.63     854.26      50.54    1135.14      27.13   45.1  -45.0  630.0  180.0
    22.8071      25.47      14.87     769.10      72.34     714.41      25.71   45.1  -45.0  630.0  180.0
    23.3456      11.85      18.25     712.18      84.54     611.94      26.92   45.1  -45.0  630.0  180.0
    23.8841      -1.72      31.90     702.09     147.94     326.02      25.18   45.1  -45.0  630.0  180.0
    24.4225      25.45      40.13     695.17     186.23     237.72      23.16   45.1  -45.0  630.0  180.0
    24.9609       8.70      59.08     683.76     284.89     172.93      25.99   45.1  -45.0  630.0  180.0
    25.4994      18.02      60.17     700.63     291.66     173.64      26.18   45.1  -45.0  630.0  180.0
    26.0379      16.67      59.66     642.75     283.22     132.37      20.51   45.1  -45.0  630.0  180.0
    18.5524      -3.32       6.42    1034.71      38.96    1784.21      29.84   90.0  -45.0  630.0  180.0
    19.0908      10.76      27.67     924.75     156.62     356.43      25.73   90.0  -45.0  630.0  180.0
    19.6294     -43.28      23.50     856.59     126.83     325.65      19.72   90.0  -45.0  630.0  180.0
    20.1676     -40.41      26.45     769.90     131.61     346.55      22.88   90.0  -45.0  630.0  180.0
    20.7059     -36.46      17.57     858.46      93.96     545.53      24.46   90.0  -45.0  630.0  180.0
    21.2443     -43.15      11.10     771.52      54.60     855.62      23.17   90.0  -45.0  630.0  180.0
    21.7828     -38.85       6.63     827.43      34.03    1490.24      24.24   90.0  -45.0  630.0  180.0
    22.3212     -14.95       7.82     824.60      39.95    1306.95      24.95   90.0  -45.0  630.0  180.0
    22.8597      13.08      13.58     758.92      65.56     807.88      26.52   90.0  -45.0  630.0  180.0
    23.3982      11.72      18.51     739.64      88.43     602.17      27.02   90.0  -45.0  630.0  180.0
    23.9366       0.92      34.72     701.49     163.65     310.08      26.85   90.0  -45.0  630.0  180.0
    24.4751      13.51      42.85     738.78     204.18     254.85      26.73   90.0  -45.0  630.0  180.0
    25.0135      -5.30      54.76     556.78     226.46     173.94      22.93   90.0  -45.0  630.0  180.0
    25.5519      -1.71      54.93     721.30     268.02     170.28      23.30   90.0  -45.0  630.0  180.0
    26.0904      -0.88      81.96     836.03     446.71     140.19      29.91   90.0  -45.0  630.0  180.0
    18.6049     -28.97       6.50     911.44      35.68    1391.31      22.53  134.9  -45.0  630.0  180.0
    18.6572     -30.35       9.05    1034.45      55.65    1160.30      27.91  134.9  -45.0  630.0  180.0
    18.7094     -35.17      10.88     887.95      59.24     930.67      25.70  134.9  -45.0  630.0  180.0
    18.7616     -44.06      12.96     924.66      73.07     780.57      26.20  134.9  -45.0  630.0  180.0
    19.1433     -26.06      28.90     906.62     161.51     332.72      25.10  134.9  -45.0  630.0  180.0
    19.1955     -40.02      22.76     829.00     118.48     303.03      17.43  134.9  -45.0  630.0  180.0
    19.2478     -35.79      33.10     842.17     182.26     284.86      24.43  134.9  -45.0  630.0  180.0
    19.3000       0.62      41.23     772.11     203.32     220.91      22.61  134.9  -45.0  630.0  180.0
    19.6817     -74.33      39.42     841.92     222.33     237.06      24.73  134.9  -45.0  630.0  180.0
    19.7339     -40.11      39.00     730.59     199.05     228.20      23.23  134.9  -45.0  630.0  180.0
    19.7862      -7.24      31.86     753.89     156.40     225.12      17.72  134.9  -45.0  630.0  180.0
    19.8384     -19.78      43.39     765.59     217.55     206.50      22.62  134.9  -45.0  630.0  180.0
    20.2201     -91.71      29.44     682.22     137.22     239.47      17.62  134.9  -45.0  630.0  180.0
    20.2724     -64.06      42.79     786.25     218.35     215.74      23.25  134.9  -45.0  630.0  180.0
    20.3246     -70.61      41.16     790.89     210.23     225.21      23.45  134.9  -45.0  630.0  180.0
    20.3768     -64.96      33.80     733.36     163.63     228.80      19.21  134.9  -45.0  630.0  180.0
    20.7585     -63.84      25.71     754.73     126.75     317.73      20.42  134.9  -45.0  630.0  180.0
    20.8107     -38.92      29.94     733.14     144.28     306.66      22.77  134.9  -45.0  630.0  180.0
    20.8629     -64.08      28.84     736.77     141.93     317.40      23.46  134.9  -45.0  630.0  180.0
    20.9152     -41.82      21.33     757.25     103.84     385.97      20.14  134.9  -45.0  630.0  180.0
    21.2968     -59.53      17.65     797.19      89.37     531.80      23.29  134.9  -45.0  630.0  180.0
    21.3490     -65.24      16.40     764.36      80.47     577.72      23.31  134.9  -45.0  630.0  180.0
    21.4013     -70.00      13.42     880.48      73.34     695.48      24.00  134.9  -45.0  630.0  180.0
    21.4535     -51.42      12.02     804.89      60.83     722.02      21.34  134.9  -45.0  630.0  180.0
    21.8353     -30.30       9.48     828.17      48.74    1013.77      23.71  134.9  -45.0  630.0  180.0
    21.8876     -36.70       9.24     859.41      48.88    1112.45      25.67  134.9  -45.0  630.0  180.0
    21.9398     -31.20       8.66     794.53      43.28    1105.44      23.30  134.9  -45.0  630.0  180.0
    21.9920     -36.85       8.07     818.87      41.17    1192.83      23.68  134.9  -45.0  630.0  180.0
    22.3737      -8.36       9.44     837.53      49.05    1139.55      26.69  134.9  -45.0  630.0  180.0
    22.4260       6.30      10.69     807.62      53.89    1007.82      26.50  134.9  -45.0  630.0  180.0
    22.4782       7.48      10.89     825.66      55.79     995.67      26.73  134.9  -45.0  630.0  180.0
    22.5305      -3.64       9.67     802.13      48.51    1116.42      26.45  134.9  -45.0  630.0  180.0
    22.9123      16.86      14.20     743.21      67.68     740.86      25.32  134.9  -45.0  630.0  180.0
    22.9645      18.18      17.27     752.84      83.09     633.46      26.40  134.9  -45.0  630.0  180.0
    23.0167      15.07      17.97     733.73      85.40     597.24      26.05  134.9  -45.0  630.0  180.0
    23.0690      18.92      17.58     754.61      85.07     611.93      26.16  134.9  -45.0  630.0  180.0
    23.4507      21.07      19.53     778.02      96.46     583.38      28.12  134.9  -45.0  630.0  180.0
    23.5030      10.87      23.30     675.39     104.99     456.75      25.37  134.9  -45.0  630.0  180.0
    23.5552       5.49      26.09     736.48     124.05     422.98      26.85  134.9  -45.0  630.0  180.0
    23.6074       1.93      27.42     679.38     124.80     366.71      24.25  134.9  -45.0  630.0  180.0
    23.9892       7.49      33.44     658.17     149.67     311.74      25.09  134.9  -45.0  630.0  180.0
    24.0414       4.65      37.96     820.23     198.44     300.72      29.25  134.9  -45.0  630.0  180.0
    24.0937      12.83      37.49     679.98     170.28     278.38      25.28  134.9  -45.0  630.0  180.0
    24.1459      17.66      37.07     692.23     170.23     293.32      26.46  134.9  -45.0  630.0  180.0
    24.5276      10.00      35.30     520.63     138.33     229.57      18.92  134.9  -45.0  630.0  180.0
    24.5799     -11.48      46.48     777.58     232.67     242.34      28.16  134.9  -45.0  630.0  180.0
    24.6321     -17.39      38.11     544.87     156.57     212.05      19.58  134.9  -45.0  630.0  180.0
    24.6843       8.12      50.39     704.64     233.53     207.18      25.51  134.9  -45.0  630.0  180.0
    25.0660       0.51      63.84     771.92     328.65     174.46      28.85  134.9  -45.0  630.0  180.0
    25.1183      -6.67      50.44     617.94     219.31     185.84      22.78  134.9  -45.0  630.0  180.0
    25.1705      -6.90      56.60     685.14     272.64     181.76      26.61  134.9  -45.0  630.0  180.0
    25.2227      -6.87      50.92     564.53     216.20     167.34      21.12  134.9  -45.0  630.0  180.0
    25.6047     -12.43      68.81     592.36     302.30     144.18      24.07  134.9  -45.0  630.0  180.0
    25.6567      23.40      63.73     526.75     265.30     141.27      22.48  134.9  -45.0  630.0  180.0
    25.7090       1.59      64.56     589.12     289.96     149.22      24.44  134.9  -45.0  630.0  180.0
    25.7612      -7.09      68.12     444.90     261.36     124.48      20.80  134.9  -45.0  630.0  180.0
    26.1430     -41.91      57.86     733.86     284.70     145.69      21.50  134.9  -45.0  630.0  180.0
    26.1952     -12.53      80.22     729.14     392.28     128.09      25.89  134.9  -45.0  630.0  180.0
    26.2474      -8.58      53.88     668.82     255.51     157.79      21.44  134.9  -45.0  630.0  180.0
    26.2996      -0.57      70.17     543.40     283.21     128.55      21.43  134.9  -45.0  630.0  180.0
    18.8804      85.88      21.08     910.56     114.08     461.65      24.40  147.4   39.9  630.0  180.0
    19.4188      98.07      28.18     858.15     146.62     320.69      22.25  147.4   39.9  630.0  180.0
    19.9573      68.16      31.42     753.50     149.79     260.98      19.64  147.4   39.9  630.0  180.0
    20.4956     107.68      14.35     784.72      69.57     546.76      18.67  147.4   39.9  630.0  180.0
    21.0339     100.22       9.58     815.90      47.59     918.30      20.91  147.4   39.9  630.0  180.0
    21.5723      75.72       7.58     827.20      38.02    1320.35      24.03  147.4   39.9  630.0  180.0
    22.1107      60.76       7.85     801.26      38.74    1513.10      28.54  147.4   39.9  630.0  180.0
    22.6493      28.14      13.33     766.10      64.56     891.09      28.75  147.4   39.9  630.0  180.0
    23.1878      27.24      21.05     756.33     102.35     541.39      27.84  147.4   39.9  630.0  180.0
    23.7263      17.17      31.72     690.73     146.92     335.15      25.69  147.4   39.9  630.0  180.0
    24.2647      14.01      45.92     744.14     222.02     238.33      27.17  147.4   39.9  630.0  180.0
    24.8032       2.19      55.67     618.70     245.46     178.03      24.69  147.4   39.9  630.0  180.0
    25.3416      10.54      49.68     722.91     244.86     180.97      22.95  147.4   39.9  630.0  180.0
    25.8800      -0.21      76.09     552.03     332.80     130.29      25.57  147.4   39.9  630.0  180.0
    26.4185     -49.37      61.56     522.40     278.33     128.95      21.06  147.4   39.9  630.0  180.0
