  Image    fringe1  fringe2  fringe3  fringe4  fringe5  fringe6  fringe7
-----------------------------------------------------------------------------
    1     0.718562 0.718211 0.714231 0.708474 0.703372 0.699508 0.698313
    2     0.719016 0.718563 0.714087 0.708877 0.705926 0.699190 0.698785
    3     0.725732 0.724190 0.719425 0.714040 0.709208 0.706010 0.705202
    4     0.726606 0.724202 0.720219 0.715967 0.710551 0.707231 0.702148
    5     0.733074 0.727328 0.724147 0.719811 0.714236 0.711842 0.711233
    6     0.735943 0.733227 0.729259 0.724185 0.720067 0.714450 0.711924
    7     0.733342 0.733347 0.730081 0.724840 0.721778 0.715240 0.714424
    8     0.737228 0.732863 0.729482 0.724807 0.721980 0.715054 0.715042
    9     0.737742 0.734914 0.733798 0.724638 0.719188 0.720095 0.716388
   10     0.719574 0.719925 0.713746 0.713223 0.703435 0.694796 0.696359
   11     0.718596 0.717699 0.704679 0.704039 0.703555 0.697213 0.696515
   12     0.717708 0.713074 0.711774 0.700563 0.699496 0.689733 0.699627
   13     0.722046 0.723988 0.723308 0.720741 0.706363 0.708327 0.710985
   14     0.727695 0.722639 0.718622 0.713295 0.710992 0.702172 0.704874
   15     0.725954 0.723911 0.726467 0.716068 0.715681 0.707366 0.710258
   16     0.729454 0.730549 0.734096 0.725023 0.713183 0.716832 0.718678
   17     0.737689 0.735057 0.727975 0.728123 0.718911 0.713602 0.719128
   18     0.733732 0.737815 0.728579 0.722074 0.719492 0.714683 0.721563
   19     0.726396 0.723136 0.721309 0.722529 0.719543 0.709705 0.713698
   20     0.718086 0.718814 0.715980 0.703754 0.707642 0.695828 0.696417
   21     0.716655 0.703191 0.701089 0.703074 0.706981 0.693787 0.704781
   22     0.728656 0.709883 0.710922 0.698905 0.698126 0.698330 0.706029
   23     0.725724 0.718331 0.720196 0.717555 0.709758 0.704938 0.710829
   24     0.725812 0.718350 0.719707 0.714154 0.710651 0.702452 0.713549
   25     0.738980 0.739133 0.731966 0.729219 0.714402 0.712848 0.719791
   26     0.744372 0.729821 0.733739 0.731065 0.728432 0.715436 0.743063
   27     0.736838 0.724303 0.741366 0.719173 0.726735 0.718731 0.716321
   28     0.721081 0.731855 0.716197 0.727064 0.712423 0.712012 0.732812
   29     0.724664 0.734583 0.729333 0.724953 0.715120 0.716971 0.716905
   30     0.726645 0.717841 0.719447 0.714914 0.700426 0.698408 0.705739
   31     0.724005 0.715092 0.711213 0.703779 0.704585 0.695332 0.709473
   32     0.724061 0.709440 0.707276 0.705778 0.701653 0.688402 0.710137
   33     0.715213 0.727064 0.719953 0.717732 0.707885 0.696752 0.719010
   34     0.728399 0.722499 0.722021 0.715838 0.711698 0.708810 0.704621
   35     0.737894 0.732141 0.728127 0.724847 0.721398 0.714916 0.721276
   36     0.740556 0.736277 0.733808 0.732267 0.735651 0.721166 0.746978
   37     0.742923 0.724477 0.734158 0.724280 0.726908 0.725806 0.733976
   38     0.732977 0.744428 0.743768 0.734500 0.718201 0.713902 0.730624
   39     0.734418 0.734030 0.736667 0.729526 0.722278 0.723074 0.731578
   40     0.719763 0.717378 0.711699 0.705858 0.703590 0.699075 0.695353
   41     0.716026 0.713506 0.704643 0.701619 0.696758 0.689871 0.693844
   42     0.711514 0.712317 0.716494 0.704757 0.696075 0.690894 0.689469
   43     0.727682 0.722909 0.722136 0.719347 0.706376 0.701948 0.708909
   44     0.730054 0.728400 0.723052 0.717585 0.709637 0.709580 0.705086
   45     0.733818 0.734966 0.729131 0.727634 0.719588 0.714560 0.718985
   46     0.745394 0.736319 0.731806 0.724957 0.722710 0.719381 0.731719
   47     0.733572 0.732162 0.726907 0.728681 0.718557 0.717880 0.723726
   48     0.739641 0.733007 0.733100 0.724829 0.722391 0.727550 0.730081
   49     0.737115 0.734262 0.726344 0.727071 0.718841 0.720939 0.719677
   50     0.720982 0.717289 0.714159 0.707924 0.703834 0.700277 0.700141
   51     0.716213 0.711919 0.710346 0.702750 0.698050 0.693405 0.692336
   52     0.711227 0.707612 0.708220 0.702025 0.695315 0.694094 0.692130
   53     0.722426 0.721575 0.715392 0.712707 0.716470 0.709424 0.702758
   54     0.730695 0.726748 0.724632 0.717749 0.712763 0.710772 0.708941
   55     0.736890 0.732224 0.733717 0.725383 0.721161 0.717694 0.717906
   56     0.737620 0.736107 0.730565 0.732338 0.724924 0.722236 0.720513
   57     0.737571 0.744522 0.736784 0.725975 0.723324 0.719942 0.720862
   58     0.739304 0.740977 0.736215 0.732194 0.724532 0.719827 0.722260
   59     0.739721 0.734165 0.732401 0.727586 0.722606 0.718170 0.719814
   60     0.726603 0.723882 0.718838 0.714905 0.709411 0.704941 0.701951
   61     0.718068 0.716774 0.712430 0.707570 0.703080 0.699849 0.694315
   62     0.700088 0.713709 0.723080 0.703561 0.696161 0.696523 0.689247
   63     0.727858 0.724201 0.719930 0.713825 0.710112 0.704746 0.704925
   64     0.733784 0.730021 0.727579 0.720613 0.717004 0.711232 0.710262
   65     0.737174 0.735216 0.730071 0.725687 0.721013 0.718005 0.712350
   66     0.735780 0.733776 0.728905 0.723033 0.720982 0.715441 0.712780
   67     0.737679 0.732840 0.730537 0.725554 0.719925 0.716592 0.713396
   68     0.734968 0.731233 0.730432 0.724527 0.719774 0.716480 0.713816
   69     0.736109 0.734809 0.730812 0.724045 0.721146 0.715380 0.715311
   70     0.730545 0.727664 0.725460 0.717379 0.713769 0.707328 0.706888
   71     0.719676 0.720214 0.714651 0.709533 0.704204 0.702399 0.698277
   72     0.674137 0.706011 0.725491 0.700989 0.699024 0.698193 0.681288
   73     0.724643 0.724764 0.722981 0.715513 0.714346 0.706555 0.703492
   74     0.730786 0.728192 0.724036 0.718100 0.715392 0.709548 0.709664
   75     0.733059 0.730995 0.726503 0.723152 0.717963 0.712437 0.710362
   76     0.733486 0.727341 0.727029 0.721293 0.715437 0.711402 0.711683
   77     0.728902 0.726111 0.726635 0.718169 0.713218 0.708753 0.709777
   78     0.729626 0.726677 0.726542 0.717387 0.713061 0.709071 0.707656
   79     0.731369 0.727325 0.725997 0.720840 0.716081 0.711962 0.708962
   80     0.725759 0.726744 0.726612 0.718096 0.710372 0.708032 0.705004
   81     0.724514 0.722842 0.726242 0.712862 0.710317 0.704561 0.704466
   82     0.719134 0.726470 0.723721 0.716756 0.716132 0.705850 0.713072
   83     0.724875 0.722890 0.719980 0.715018 0.710110 0.709426 0.707274
   84     0.727201 0.720655 0.725284 0.713969 0.710868 0.706275 0.707127
   85     0.726184 0.726918 0.725263 0.718067 0.710445 0.708536 0.710012
   86     0.726903 0.724788 0.721335 0.719372 0.714803 0.709634 0.705124
   87     0.724530 0.723230 0.727472 0.717655 0.712461 0.707196 0.707430
   88     0.728877 0.720880 0.728682 0.714582 0.712192 0.707747 0.708432
   89     0.724740 0.725830 0.729348 0.717077 0.707987 0.705647 0.708664
   90     0.725644 0.723568 0.723606 0.720994 0.716778 0.708221 0.704174
   91     0.722205 0.719793 0.727367 0.717435 0.710314 0.703245 0.710737
   92     0.724484 0.722574 0.729879 0.714379 0.712093 0.706870 0.703516
   93     0.725195 0.723825 0.728399 0.713627 0.714276 0.704535 0.711404
   94     0.732115 0.722369 0.726895 0.715829 0.713498 0.705108 0.709121
   95     0.724468 0.725550 0.726853 0.717090 0.711114 0.714238 0.709440
   96     0.719061 0.726807 0.727608 0.719397 0.709361 0.709711 0.706533
   97     0.724893 0.727992 0.728010 0.718711 0.707223 0.709781 0.712588
   98     0.728457 0.728358 0.723626 0.720303 0.706799 0.708114 0.720739
   99     0.719576 0.726307 0.733510 0.721194 0.713406 0.709914 0.717179
  100     0.718255 0.729473 0.727408 0.722016 0.711558 0.711161 0.714273
  101     0.720086 0.725910 0.735277 0.712198 0.717578 0.702310 0.712395
  102     0.719708 0.723503 0.726857 0.720309 0.708119 0.720645 0.716276
  103     0.724149 0.725895 0.733283 0.715905 0.710909 0.709491 0.719210
  104     0.725079 0.725290 0.734650 0.715622 0.716289 0.703434 0.725371
  105     0.721254 0.720174 0.726296 0.722136 0.711715 0.715578 0.728131
  106     0.718691 0.720970 0.734076 0.718247 0.712234 0.709482 0.719520
  107     0.722590 0.725269 0.727870 0.718669 0.713595 0.707040 0.720383
  108     0.725410 0.730464 0.737808 0.715814 0.710416 0.704005 0.703416
  109     0.722449 0.726604 0.726731 0.714694 0.707750 0.709150 0.712004
  110     0.719534 0.730547 0.725873 0.715756 0.706065 0.703714 0.724017
  111     0.721327 0.726784 0.728675 0.718910 0.701620 0.701296 0.729724
  112     0.717066 0.727746 0.745384 0.719230 0.721219 0.708510 0.720594
  113     0.723152 0.716185 0.727258 0.719770 0.709064 0.713552 0.716682
  114     0.725654 0.727540 0.714882 0.708246 0.713425 0.707603 0.717439
  115     0.724576 0.714411 0.724102 0.719071 0.717680 0.721268 0.706992
  116     0.719170 0.724354 0.734177 0.718616 0.716076 0.704568 0.712972
  117     0.725150 0.722837 0.733604 0.726387 0.711835 0.716314 0.720890
  118     0.724277 0.726246 0.730554 0.713160 0.716956 0.712299 0.743692
  119     0.719482 0.717848 0.741461 0.719817 0.719480 0.696691 0.720502
  120     0.722308 0.718065 0.736477 0.699917 0.708696 0.710231 0.738080
  121     0.717850 0.722477 0.739180 0.716488 0.711761 0.709547 0.729999
  122     0.720766 0.722409 0.731827 0.725065 0.705585 0.695712 0.721706
  123     0.712051 0.734170 0.725809 0.712908 0.712250 0.707965 0.729013
  124     0.713282 0.717113 0.733525 0.724683 0.699624 0.724836 0.717585
  125     0.731128 0.728054 0.716920 0.716974 0.708149 0.713275 0.736042
  126     0.719536 0.717919 0.727470 0.722300 0.704217 0.714687 0.963507
  127     0.728755 0.720498 0.729831 0.719747 0.720475 0.717485 0.712395
  128     0.717352 0.726194 0.732872 0.730520 0.709549 0.712452 0.726201
  129     0.717421 0.731956 0.734310 0.733928 0.698843 0.697361 0.734325
  130     0.713347 0.733232 0.738471 0.722073 0.715224 0.719866 0.958930
  131     0.712465 0.716764 0.741333 0.724585 0.706271 0.705300 0.733857
  132     0.719684 0.718862 0.743364 0.719843 0.704670 0.709868 0.719152
  133     0.727735 0.732391 0.728180 0.719495 0.706848 0.717704 0.731161
  134     0.712043 0.715124 0.726989 0.713654 0.721008 0.703194 0.743935
  135     0.711357 0.725756 0.733729 0.709058 0.729326 0.715749 0.722661
  136     0.709437 0.728196 0.745794 0.715503 0.720454 0.710099 0.743232
  137     0.707741 0.718168 0.729260 0.722126 0.717623 0.694975 0.734503
  138     0.723534 0.723599 0.717071 0.720526 0.710060 0.706797 0.931586
  139     0.718836 0.730073 0.743465 0.712641 0.715286 0.703557 0.738744
  140     0.710902 0.726633 0.733256 0.716670 0.712668 0.706596 0.736491
  141     0.713095 0.711622 0.743532 0.724269 0.712052 0.714664 0.752218
  142     0.709414 0.731890 0.738077 0.729716 0.700180 0.703355 0.765946
  143     0.728708 0.718701 0.750424 0.724078 0.711130 0.712064 0.741261
  144     0.701598 0.720751 0.732357 0.726148 0.727141 0.706278 0.729959
  145     0.700826 0.729513 0.743450 0.718751 0.715591 0.727665 0.733780
  146     0.729237 0.729533 0.736926 0.721057 0.717982 0.730642 0.734564
  147     0.713115 0.722605 0.734946 0.730612 0.722428 0.716936 0.729543
  148     0.705336 0.727073 0.735392 0.710900 0.730669 0.711216 0.754416
  149     0.729912 0.721778 0.739643 0.715838 0.725701 0.702473 0.719963
  150     0.711352 0.719378 0.730188 0.717426 0.720200 0.739268 0.711992
  151     0.728938 0.728870 0.750613 0.727713 0.715753 0.701950 0.754275
  152     0.715868 0.729759 0.732720 0.718544 0.703673 0.718502 0.959984
  153     0.731383 0.733711 0.741103 0.720481 0.713029 0.704181 0.749427
