MRH 20150630
    23.79    70.38   116.90   163.48   210.02   256.59   303.11
    46.58    46.53    46.58    46.54    46.57    46.52    46.52
     0.84053677     0.56671393     0.36631593     0.22195148     0.12640074     0.06385501     0.02664640     0.00761816    -0.00174560    -0.00594739    -0.00530670    -0.00454000    -0.00339875    -0.00179484    -0.00117937    -0.00152356    -0.00135851    -0.00116477
    -0.01780125    -0.02204270    -0.03043777    -0.03650700    -0.03967776    -0.03860579    -0.03418362    -0.02719073    -0.02119892    -0.01433690    -0.00754136    -0.00261193    -0.00024767     0.00093163     0.00156555     0.00142047     0.00083776     0.00099861
     1.00000000     0.67453510     0.43720245     0.26755303     0.15763336     0.08882225     0.05161672     0.03365118     0.02555009     0.01877732     0.01133005     0.00682844     0.00451711     0.00336920     0.00418259     0.00355469     0.00303540     0.00324953
     0.83760369     0.54355574     0.33290920     0.19044943     0.10020950     0.04780321     0.02067794     0.00816779     0.00171566    -0.00033733    -0.00091632     0.00041138     0.00070635     0.00105301    -0.00067963     0.00005085    -0.00076756    -0.00099564
     0.04845163     0.05977315     0.04463932     0.02275062     0.00057893    -0.00767284    -0.01290179    -0.01201992    -0.00883334    -0.00569110    -0.00394059    -0.00073951    -0.00132694    -0.00116619     0.00109626     0.00022612     0.00033967    -0.00105956
     1.00000000     0.65172297     0.40039054     0.22860046     0.11949482     0.05770059     0.02914218     0.01776896     0.01118334     0.00710237     0.00600248     0.00372576     0.00351385     0.00397329     0.00364426     0.00355373     0.00323012     0.00386176
     0.83090413     0.52414954     0.30296049     0.15437487     0.06902160     0.02199336     0.00130187    -0.00342904    -0.00364598    -0.00219066    -0.00160608    -0.00091437     0.00094275     0.00124467     0.00319919     0.00387545     0.00311131     0.00279709
    -0.00073985    -0.00690661    -0.02125761    -0.02664138    -0.02626740    -0.02323090    -0.01473614    -0.00911856    -0.00523341     0.00050264    -0.00078785    -0.00008100    -0.00151161    -0.00163217    -0.00097587    -0.00010805     0.00091281     0.00074151
     1.00000000     0.63095576     0.36561489     0.18855752     0.08900250     0.03890613     0.01807991     0.01251888     0.00871552     0.00556779     0.00540247     0.00432437     0.00411079     0.00459671     0.00605838     0.00551409     0.00460897     0.00439692
     0.81604350     0.49405330     0.26883417     0.12575486     0.04793087     0.01155854    -0.00274617    -0.00536092    -0.00371067    -0.00133571     0.00030679     0.00067766     0.00135554     0.00014287    -0.00086031    -0.00045445    -0.00235314    -0.00179094
     0.06200153     0.06277826     0.04265592     0.01818583     0.00230408    -0.00336138    -0.00417101    -0.00231252    -0.00090192    -0.00076492    -0.00110401    -0.00319295    -0.00330641    -0.00037819    -0.00129312     0.00091552     0.00048743    -0.00091584
     1.00000000     0.60855073     0.33262476     0.15528560     0.05875388     0.01500162     0.00788072     0.00778206     0.00568256     0.00398240     0.00404492     0.00466662     0.00605274     0.00417630     0.00333190     0.00280032     0.00454614     0.00365241
     0.81065619     0.47536102     0.24324903     0.10261377     0.02971767     0.00127721    -0.00495373    -0.00402448    -0.00284730     0.00039780     0.00093145     0.00244591     0.00162374     0.00167682     0.00025443     0.00074140    -0.00163287    -0.00368008
     0.01223727     0.00105028    -0.00768424    -0.01290015    -0.00931741    -0.00864789    -0.00358779     0.00140421     0.00136495     0.00280411     0.00154729     0.00170207    -0.00135463    -0.00100026    -0.00099545    -0.00001017     0.00181490     0.00246712
     1.00000000     0.58629572     0.30023301     0.12760486     0.03863653     0.01158528     0.00840129     0.00594056     0.00651232     0.00438763     0.00423959     0.00439642     0.00460790     0.00444679     0.00398846     0.00352105     0.00411759     0.00602549
     0.80580282     0.44950190     0.20915966     0.07394093     0.01301656    -0.00676254    -0.00884621    -0.00603110    -0.00428242    -0.00147551     0.00077716     0.00501316     0.00536955     0.00458611     0.00389806    -0.00119955    -0.00267956    -0.00332650
     0.06592961     0.06558351     0.04215856     0.02027840     0.00523358    -0.00127055    -0.00296739    -0.00238311    -0.00324184    -0.00133311    -0.00091084    -0.00000126     0.00000514     0.00343988     0.00266698     0.00015250    -0.00356527    -0.00535702
     1.00000000     0.56185800     0.26393062     0.09484647     0.01756188     0.00939057     0.01227554     0.00908647     0.00717309     0.00489892     0.00430405     0.00680612     0.00742948     0.00811564     0.00684649     0.00311856     0.00671786     0.00824445
     0.80688345     0.43906516     0.19234611     0.06025194     0.00503828    -0.01068257    -0.00732603    -0.00394830     0.00218171     0.00272246     0.00154764    -0.00011201    -0.00326597    -0.00201694    -0.00520891    -0.00313082    -0.00464409    -0.00267241
     0.00969726     0.00531993     0.00351641     0.00496995     0.00586814     0.00310001     0.00160500     0.00149853    -0.00072016     0.00220020    -0.00262876    -0.00033179    -0.00196955    -0.00134156    -0.00129914     0.00151161     0.00157492    -0.00354656
     1.00000000     0.54418534     0.23844442     0.07518344     0.01105569     0.01429946     0.01045028     0.00645227     0.00599083     0.00575728     0.00635880     0.00414725     0.00643989     0.00523266     0.00723938     0.00723640     0.00734524     0.00661873
   0.986  -0.111  400    2    0    0    0  0.000 18.000
