                 MRH
   30    6 2015
      18.75    335.05      7.66       NaN       NaN    860.69      9.17    630.0   1800
      19.25    344.23     16.80       NaN       NaN    747.82     15.36    630.0   1800
      19.75    320.75     52.31       NaN       NaN    809.12     55.36    630.0   1800
      20.25    241.10     40.11       NaN       NaN    515.64     84.53    630.0   1800
      20.75    334.09     42.14       NaN       NaN    404.41    132.03    630.0   1800
      21.25    270.21     36.83       NaN       NaN    553.52    220.43    630.0   1800
      21.75    414.20     82.50       NaN       NaN    474.20    608.63    630.0   1800
      22.25       NaN       NaN       NaN       NaN    482.68    492.85    630.0   1800
      22.75       NaN       NaN       NaN       NaN    765.53   1648.70    630.0   1800
      23.25  -1264.94     20.60       NaN       NaN    441.29    497.39    630.0   1800
