                 MRH
   30    6 2015
    18.5143    -238.65       8.20     931.66      16.41    1227.16       8.02  102.5   -0.0  630.0  180.0
    19.0530    -229.52       6.01     704.23      14.75     329.08       2.45  102.5   -0.0  630.0  180.0
    19.5913    -140.72      40.61     597.85      66.36     216.78       7.64  102.5   -0.0  630.0  180.0
    20.1298    -289.98     100.08     341.71     156.04     100.35       6.96  102.5   -0.0  630.0  180.0
    20.6683    -130.42     157.90     250.89     257.71      63.30      11.23  102.5   -0.0  630.0  180.0
    21.2068     -79.23     267.05     407.60     437.49      68.48      16.03  102.5   -0.0  630.0  180.0
    21.7454      28.69     248.65     212.00    1212.00      80.54      20.03  102.5   -0.0  630.0  180.0
    22.2840      42.71      67.80     130.00     984.00     114.33      35.48  102.5   -0.0  630.0  180.0
    22.8226     -62.12      92.74     816.00    3297.00      94.53      47.91  102.5   -0.0  630.0  180.0
    23.3612       0.00      87.85     185.00     993.00     146.45      69.76  102.5   -0.0  630.0  180.0
    18.4088    -210.03      13.14     917.34      28.26    1742.66      21.45   12.7  -50.2  630.0  180.0
    18.8945    -149.98       8.51     714.28      14.01     733.49       4.39   12.7  -50.2  630.0  180.0
    19.4329    -150.84      18.71     801.16      35.50     518.97       8.39   12.7  -50.2  630.0  180.0
    19.9715    -122.79      39.64     756.44      76.35     330.32      12.22   12.7  -50.2  630.0  180.0
    20.5098    -162.76      25.80     645.52      49.27     345.82       8.70   12.7  -50.2  630.0  180.0
    21.0484    -206.10      28.56     702.89      54.55     460.39      12.44   12.7  -50.2  630.0  180.0
    21.5871    -198.62      22.69     719.18      42.22     624.55      12.84   12.7  -50.2  630.0  180.0
    22.6644    -231.89      25.29     694.99      46.77     904.31      21.36   12.7  -50.2  630.0  180.0
    23.2029    -214.59      27.60     669.41      50.84     817.98      21.37   12.7  -50.2  630.0  180.0
    23.7415     926.05      16.12     695.69      64.68     665.34      21.76   12.7  -50.2  630.0  180.0
    18.4617    -187.20      35.10     776.66      71.78     905.15      31.32  102.5   50.2  630.0  180.0
    19.0002    -126.12      94.44        NaN        NaN     128.99      27.78  102.5   50.2  630.0  180.0
    19.5387    -121.63     115.94     523.87     441.65     299.35      70.89  102.5   50.2  630.0  180.0
    20.0773     202.30      25.73     231.14     352.79     232.41      47.12  102.5   50.2  630.0  180.0
    20.6157      95.63     137.95     531.00    1612.00     191.19      39.05  102.5   50.2  630.0  180.0
    21.1544    -156.43     164.69     966.00    2426.00      73.50      21.44  102.5   50.2  630.0  180.0
    21.6928    -151.62     127.04     375.88     168.74     187.43      18.71  102.5   50.2  630.0  180.0
    22.2316     -93.00      48.75     658.91      87.08     388.15      17.54  102.5   50.2  630.0  180.0
    22.7700    -146.42      28.70     705.85      50.76     583.52      14.75  102.5   50.2  630.0  180.0
    23.3087     970.19      22.99     672.59      56.01     656.47      18.89  102.5   50.2  630.0  180.0
    18.5671    -210.86       9.57     945.59      20.19    1448.76      12.15   45.1  -45.0  630.0  180.0
    19.1055    -164.56       4.94     849.35      20.29     518.97       5.06   45.1  -45.0  630.0  180.0
    19.6440    -234.35      53.88     626.05     101.30     277.54      14.96   45.1  -45.0  630.0  180.0
    20.1825    -178.41      81.81     627.00     149.13     206.78      16.31   45.1  -45.0  630.0  180.0
    20.7210    -150.69      26.91     710.39      47.31     214.31       4.96   45.1  -45.0  630.0  180.0
    21.2595    -207.81      20.72     701.94      40.97     383.36       7.72   45.1  -45.0  630.0  180.0
    21.7982    -257.34      21.15     757.16      42.50     558.09      11.37   45.1  -45.0  630.0  180.0
    22.3368    -251.98      23.12     749.37      45.92     744.61      16.61   45.1  -45.0  630.0  180.0
    22.8753    -251.54      24.67     705.10      49.07     820.92      20.12   45.1  -45.0  630.0  180.0
    23.4140     811.90      16.98     714.87      69.98     693.44      24.31   45.1  -45.0  630.0  180.0
    18.6196    -236.92       5.42     789.72       8.20    1470.46       4.65   89.8  -45.0  630.0  180.0
    19.1580    -243.41      11.88     791.41      26.95     512.01       7.30   89.8  -45.0  630.0  180.0
    19.6966    -226.80      36.99    1020.39      88.64     289.88      10.77   89.8  -45.0  630.0  180.0
    20.2350    -170.48      28.37     689.56      65.06     131.01       3.75   89.8  -45.0  630.0  180.0
    20.7736    -236.24      29.79     557.94      57.54     136.87       4.38   89.8  -45.0  630.0  180.0
    21.3121    -191.07      26.05     699.44      54.51     177.63       4.67   89.8  -45.0  630.0  180.0
    21.8507    -292.89      58.34     736.40     112.97     326.84      18.28   89.8  -45.0  630.0  180.0
    22.3893        NaN        NaN     835.36      57.77     637.02      17.09   89.8  -45.0  630.0  180.0
    22.9279        NaN        NaN     715.06      51.33     804.89      20.74   89.8  -45.0  630.0  180.0
    23.4666     894.44      14.57     697.57      59.54     643.31      19.35   89.8  -45.0  630.0  180.0
    18.6722    -241.53       3.43     789.94       8.33    1091.14       4.16  134.9  -45.0  630.0  180.0
    18.7244    -248.78       4.34     887.61       9.76     973.61       4.33  134.9  -45.0  630.0  180.0
    18.7768    -204.25       3.45    1116.02      15.53     954.35       6.72  134.9  -45.0  630.0  180.0
    18.8289    -243.88       4.37    1021.64      16.26     844.16       6.84  134.9  -45.0  630.0  180.0
    19.2106    -258.19       5.78    1064.58      25.41     357.46       3.73  134.9  -45.0  630.0  180.0
    19.2628    -273.76      38.86     813.45      83.83     387.18      15.27  134.9  -45.0  630.0  180.0
    19.3151    -230.59      33.14     695.89      63.57     342.68      10.89  134.9  -45.0  630.0  180.0
    19.3673    -231.22      18.16     739.65      32.43     341.93       5.13  134.9  -45.0  630.0  180.0
    19.7491    -294.31      37.04     765.54      75.15     194.84       7.44  134.9  -45.0  630.0  180.0
    19.8013        NaN        NaN     679.51      73.91     171.69       6.78  134.9  -45.0  630.0  180.0
    19.8536        NaN        NaN     688.64      84.61     160.64       6.93  134.9  -45.0  630.0  180.0
    19.9058    -202.48     104.76     588.33     211.41     151.04      16.29  134.9  -45.0  630.0  180.0
    20.2876        NaN        NaN     489.01     112.78      93.54       6.34  134.9  -45.0  630.0  180.0
    20.3398    -274.15      33.62     697.29      98.15      92.96       4.03  134.9  -45.0  630.0  180.0
    20.3920        NaN        NaN     638.30     286.38      98.05      14.88  134.9  -45.0  630.0  180.0
    20.4443    -243.21      54.57     411.65      84.51      98.48       5.16  134.9  -45.0  630.0  180.0
    20.8262    -237.59     135.41     417.28     357.42      64.48       8.36  134.9  -45.0  630.0  180.0
    20.8784        NaN        NaN     720.44     126.65      69.35       4.17  134.9  -45.0  630.0  180.0
    20.9306    -243.35      74.54     349.96     134.81      64.99       3.43  134.9  -45.0  630.0  180.0
    20.9828        NaN        NaN     290.79     236.59      74.72       9.14  134.9  -45.0  630.0  180.0
    21.3646        NaN        NaN     457.45     225.78      91.19      12.65  134.9  -45.0  630.0  180.0
    21.4169        NaN        NaN     342.63      92.45     100.15       6.02  134.9  -45.0  630.0  180.0
    21.4691    -273.84      29.28     287.01      45.49      79.09       2.58  134.9  -45.0  630.0  180.0
    21.5214    -280.42     100.20     670.08     226.69     121.41      13.34  134.9  -45.0  630.0  180.0
    21.9033    -201.12      26.97     685.70      47.63     182.72       4.24  134.9  -45.0  630.0  180.0
    21.9555        NaN        NaN     399.99      55.41     182.63       6.21  134.9  -45.0  630.0  180.0
    22.0079    -287.62      92.23     716.67     176.79     196.04      17.53  134.9  -45.0  630.0  180.0
    22.0601    -294.17      33.82     693.43      68.57     245.13       8.63  134.9  -45.0  630.0  180.0
    22.4419    -299.72      43.78     760.99      86.49     453.69      19.07  134.9  -45.0  630.0  180.0
    22.4941    -238.48      21.28     708.87      38.91     501.30       9.58  134.9  -45.0  630.0  180.0
    22.5464    -267.13      37.76     749.33      73.70     518.80      18.77  134.9  -45.0  630.0  180.0
    22.5986    -278.94      22.30     740.70      43.89     574.70      12.18  134.9  -45.0  630.0  180.0
    22.9804    -295.17      27.18     713.97      52.17     721.56      18.81  134.9  -45.0  630.0  180.0
    23.0327    -293.39      23.33     758.18      46.18     729.54      16.36  134.9  -45.0  630.0  180.0
    23.0849    -272.41      26.74     736.47      53.66     764.31      20.21  134.9  -45.0  630.0  180.0
    23.1372        NaN        NaN     790.82      41.65     771.06      15.05  134.9  -45.0  630.0  180.0
    23.5191    -269.64      30.19     691.27      58.14     666.01      19.77  134.9  -45.0  630.0  180.0
    23.5714    -293.50      32.89     722.16      62.53     663.28      20.63  134.9  -45.0  630.0  180.0
    23.6236    -252.66      29.57     712.16      59.26     586.57      17.27  134.9  -45.0  630.0  180.0
    23.6759     892.91      16.64     674.83      66.30     607.75      20.69  134.9  -45.0  630.0  180.0
    18.9477    -171.94      36.23     787.07      72.85     503.57      17.60  147.4   39.9  630.0  180.0
    19.4861     -99.74      74.00     569.04     126.50     284.35      19.64  147.4   39.9  630.0  180.0
    20.0246    -120.03     132.47     487.82     557.47     112.63      14.28  147.4   39.9  630.0  180.0
    20.5631    -150.40      78.08     271.08     451.99     112.28      20.03  147.4   39.9  630.0  180.0
    21.1016    -155.15     142.79     240.77     277.25     144.03      24.58  147.4   39.9  630.0  180.0
    21.6402    -177.89      91.35     421.81     142.13     287.03      26.18  147.4   39.9  630.0  180.0
    22.1788    -151.47      52.64     618.86      96.09     515.38      26.39  147.4   39.9  630.0  180.0
    22.7174    -106.43      39.02     651.95      73.90     679.26      26.25  147.4   39.9  630.0  180.0
    23.2561    -127.16      30.48     720.49      58.11     666.24      19.18  147.4   39.9  630.0  180.0
    23.7947    1008.07      18.48     736.92      77.24     594.43      22.57  147.4   39.9  630.0  180.0
