                 MRH
   30    6 2015
    18.5143        NaN        NaN        NaN        NaN     931.66      16.41  102.5   -0.0  630.0  180.0
    19.0530        NaN        NaN        NaN        NaN     704.23      14.75  102.5   -0.0  630.0  180.0
    19.5913        NaN        NaN        NaN        NaN     597.85      66.36  102.5   -0.0  630.0  180.0
    20.1298        NaN        NaN        NaN        NaN     341.71     156.04  102.5   -0.0  630.0  180.0
    20.6683        NaN        NaN        NaN        NaN     250.89     257.71  102.5   -0.0  630.0  180.0
    21.2068        NaN        NaN        NaN        NaN     407.60     437.49  102.5   -0.0  630.0  180.0
    21.7454        NaN        NaN        NaN        NaN     212.00    1212.00  102.5   -0.0  630.0  180.0
    22.2840        NaN        NaN        NaN        NaN     130.00     984.00  102.5   -0.0  630.0  180.0
    22.8226        NaN        NaN        NaN        NaN     816.00    3297.00  102.5   -0.0  630.0  180.0
    23.3612        NaN        NaN        NaN        NaN     185.00     993.00  102.5   -0.0  630.0  180.0
    18.6196     335.05       7.66        NaN        NaN     789.72       8.20   89.8  -45.0  630.0  180.0
    19.1580     344.23      16.80        NaN        NaN     791.41      26.95   89.8  -45.0  630.0  180.0
    19.6966     320.75      52.31        NaN        NaN    1020.39      88.64   89.8  -45.0  630.0  180.0
    20.2350     241.10      40.11        NaN        NaN     689.56      65.06   89.8  -45.0  630.0  180.0
    20.7736     334.09      42.14        NaN        NaN     557.94      57.54   89.8  -45.0  630.0  180.0
    21.3121     270.21      36.83        NaN        NaN     699.44      54.51   89.8  -45.0  630.0  180.0
    21.8507     414.20      82.50        NaN        NaN     736.40     112.97   89.8  -45.0  630.0  180.0
    22.3893        NaN        NaN        NaN        NaN     835.36      57.77   89.8  -45.0  630.0  180.0
    22.9279        NaN        NaN        NaN        NaN     715.06      51.33   89.8  -45.0  630.0  180.0
    23.4666   -1264.94      20.60        NaN        NaN     697.57      59.54   89.8  -45.0  630.0  180.0
