  Image    fringe1  fringe2  fringe3  fringe4  fringe5  fringe6  fringe7
-----------------------------------------------------------------------------
    1     0.711756 0.709197 0.706214 0.697231 0.693525 0.688318 0.683270
    2     0.701151 0.706153 0.710368 0.689278 0.691188 0.687994 0.688426
    3     0.713746 0.714038 0.711561 0.700927 0.699088 0.691754 0.686508
    4     0.715959 0.710821 0.709807 0.702955 0.698288 0.691189 0.688080
    5     0.722019 0.714998 0.713061 0.705764 0.701140 0.692918 0.690257
    6     0.721091 0.717596 0.713145 0.705761 0.703611 0.694855 0.690936
    7     0.723021 0.716965 0.713004 0.705132 0.702541 0.696885 0.692480
    8     0.723496 0.714202 0.715978 0.708986 0.703100 0.697717 0.695297
    9     0.722406 0.718000 0.714510 0.710856 0.703622 0.695812 0.699017
   10     0.709923 0.704413 0.704792 0.694601 0.689360 0.681270 0.679832
   11     0.696124 0.708077 0.699398 0.685334 0.692249 0.683407 0.681938
   12     0.628502 0.300415 0.615548 0.644808 0.623195 0.699427 0.632141
   13     0.707585 0.712142 0.713094 0.700682 0.694689 0.693594 0.684561
   14     0.718429 0.710213 0.712014 0.699925 0.696998 0.689432 0.688523
   15     0.726484 0.719941 0.717124 0.708295 0.707110 0.697564 0.701849
   16     0.725048 0.719004 0.723139 0.704470 0.710004 0.711005 0.706268
   17     0.722449 0.724200 0.719386 0.708941 0.704645 0.697802 0.699490
   18     0.721164 0.717213 0.718635 0.716808 0.706160 0.694940 0.709478
   19     0.730006 0.716930 0.719162 0.711613 0.698337 0.700192 0.698340
   20     0.710108 0.704546 0.708767 0.693231 0.691478 0.686033 0.677972
   21     0.684181 0.697075 0.712682 0.685145 0.688887 0.674866 0.684846
   22     0.432105 0.250963 0.181749 0.390973 0.256359 0.222433 0.988959
   23     0.706710 0.704029 0.713740 0.694744 0.699673 0.699919 0.703293
   24     0.710692 0.718843 0.711976 0.700566 0.689744 0.691126 0.711093
   25     0.735506 0.718007 0.739618 0.716350 0.700079 0.679401 0.719280
   26     0.739533 0.729308 0.730875 0.722133 0.708685 0.708882 0.714342
   27     0.720908 0.740600 0.736323 0.725955 0.706145 0.715819 0.719364
   28     0.724222 0.730858 0.730615 0.713196 0.706925 0.717956 0.717531
   29     0.722647 0.714477 0.737010 0.698742 0.719404 0.712424 0.728855
   30     0.698555 0.702481 0.706170 0.684907 0.683030 0.689679 0.699385
   31     0.678287 0.703480 0.721038 0.665468 0.695367 0.698040 0.951427
   32     0.539638 0.287020 0.172670 0.384659 0.265590 0.240586 0.997313
   33     0.692307 0.728451 0.713082 0.706690 0.693791 0.693523 0.737741
   34     0.712109 0.711505 0.716568 0.703458 0.698714 0.700431 0.701853
   35     0.717731 0.714764 0.716328 0.715012 0.711885 0.700531 0.742957
   36     0.719601 0.736402 0.730570 0.752246 0.742645 0.729229 0.729649
   37     0.716150 0.728603 0.751570 0.716110 0.731273 0.719579 0.744140
   38     0.720910 0.741940 0.743719 0.728122 0.720976 0.719342 0.735138
   39     0.748251 0.724025 0.750032 0.708730 0.723457 0.711210 0.729777
   40     0.704912 0.708895 0.713750 0.692497 0.699348 0.690224 0.689037
   41     0.660710 0.702825 0.188140 0.662534 0.716938 0.694964 0.664047
   42     0.598429 0.267012 0.193683 0.373759 0.071095 0.020416 1.065250
   43     0.690788 0.705629 0.747765 0.709045 0.680724 0.695082 0.707743
   44     0.723680 0.707446 0.723247 0.715739 0.712118 0.695879 0.687944
   45     0.719115 0.721986 0.721792 0.706996 0.730309 0.713875 0.764494
   46     0.736867 0.719320 0.754871 0.727471 0.741955 0.715511 0.735238
   47     0.720805 0.749324 0.773920 0.722895 0.713283 0.689438 0.773128
   48     0.735884 0.723959 0.762005 0.714032 0.692035 0.719235 0.712511
   49     0.737662 0.733629 0.753824 0.710475 0.711898 0.728358 0.707050
   50     0.716961 0.716563 0.714254 0.703364 0.702669 0.689033 0.691165
   51     0.672898 0.708941 0.715669 0.640151 0.685631 0.687264 0.768584
   52     0.633693 0.296927 0.160989 0.733633 0.437908 0.691275 0.972729
   53     0.681316 0.698327 0.759589 0.700305 0.724071 0.707006 0.962541
   54     0.720631 0.716598 0.729393 0.705511 0.699104 0.697511 0.700156
   55     0.733623 0.714605 0.742633 0.718506 0.687767 0.700340 0.721314
   56     0.716950 0.743527 0.749308 0.730597 0.707982 0.701454 0.752356
   57     0.709479 0.744051 0.745277 0.714565 0.713123 0.714346 0.753900
   58     0.730621 0.727657 0.718932 0.717754 0.721752 0.712895 0.730866
   59     0.731672 0.726975 0.749815 0.721319 0.733093 0.717212 0.757660
   60     0.721275 0.715532 0.719420 0.707228 0.698012 0.693465 0.696252
   61     0.694619 0.711600 0.726253 0.688073 0.696683 0.690632 0.730467
   62     0.692230 0.708183 0.717761 0.696574 0.681865 0.671720 0.716048
   63     0.668059 0.676905 0.837313 0.621852 0.313841 0.714686 0.843912
   64     0.730750 0.724536 0.725868 0.712187 0.711363 0.711581 0.708161
   65     0.737683 0.730894 0.729616 0.725250 0.714315 0.715297 0.718617
   66     0.726672 0.713859 0.736781 0.731185 0.719906 0.712253 0.707808
   67     0.731075 0.738362 0.725629 0.722684 0.724499 0.709169 0.713223
   68     0.730935 0.729303 0.737010 0.716674 0.717863 0.708956 0.737580
   69     0.734984 0.730481 0.742193 0.722012 0.708663 0.722015 0.725509
   71     0.708882 0.707976 0.721803 0.696823 0.694316 0.693317 0.689058
   72     0.701398 0.699022 0.709571 0.687034 0.694829 0.678806 0.689472
   73     0.625986 0.233828 0.133389 0.554556 0.931000 0.146442 0.711538
   74     0.728132 0.724499 0.722394 0.711799 0.713550 0.710120 0.704392
   75     0.730615 0.735995 0.730349 0.721984 0.721141 0.715603 0.716258
   76     0.731155 0.732064 0.732774 0.726175 0.721282 0.709516 0.714363
   77     0.730231 0.722997 0.728087 0.716659 0.717436 0.706705 0.711792
   78     0.733421 0.726846 0.727343 0.718687 0.713173 0.708752 0.711573
   79     0.737336 0.729011 0.728453 0.716464 0.718161 0.712077 0.712115
   80     0.722073 0.721681 0.719332 0.706602 0.707344 0.701184 0.697963
   81     0.708067 0.701609 0.712444 0.704027 0.700740 0.690210 0.693605
   82     0.701559 0.707813 0.706582 0.693231 0.691794 0.683655 0.681666
   83     0.593602 0.260371 0.214003 0.396246 0.608077 0.809200 1.000372
   84     0.728601 0.723867 0.730788 0.720753 0.712825 0.705571 0.711169
   85     0.737205 0.734588 0.733304 0.722554 0.716344 0.712374 0.716775
   86     0.730846 0.730543 0.729805 0.721287 0.709094 0.709792 0.708728
   87     0.728279 0.730113 0.726284 0.718274 0.715308 0.708549 0.706553
   88     0.729551 0.726995 0.725944 0.714595 0.708858 0.707161 0.700965
   89     0.733078 0.732297 0.730717 0.716908 0.711720 0.709021 0.708443
   90     0.720230 0.718216 0.723018 0.711770 0.705751 0.699427 0.698552
   91     0.708274 0.704430 0.710588 0.699235 0.691148 0.694755 0.692826
   92     0.704796 0.699530 0.705483 0.696545 0.688512 0.685932 0.682298
   93     0.567685 0.268367 0.184594 0.392274 0.600687 1.947617 1.004400
   94     0.732872 0.729936 0.731996 0.716693 0.710567 0.704415 0.721033
   95     0.731031 0.728092 0.732876 0.719991 0.723138 0.712528 0.715054
   96     0.732438 0.728644 0.730289 0.716888 0.714963 0.708665 0.710295
   97     0.730782 0.732886 0.728469 0.717369 0.713944 0.705804 0.711346
   98     0.727765 0.726861 0.728202 0.717381 0.713609 0.708622 0.709828
   99     0.730671 0.730284 0.729098 0.719518 0.715570 0.707912 0.710281
  100     0.725817 0.722173 0.722852 0.708832 0.707466 0.702315 0.699954
  101     0.716584 0.712215 0.714469 0.696653 0.697814 0.697618 0.697050
