   1.569  -0.133  18.833
   1.577  -0.113  19.367
   1.557  -0.102  19.900
   1.550  -0.087  20.433
   1.551  -0.093  20.983
   1.556  -0.099  21.517
   1.544  -0.050  22.050
   1.523  -0.050  22.600
   1.540  -0.084  23.133
   1.520  -0.055  23.667
   1.566  -0.067  24.200
   1.509  -0.072  24.750
   1.527  -0.064  25.283
   1.540  -0.070  25.817
   1.530  -0.050  26.350
   1.522  -0.062  26.900
   1.533  -0.049  27.433
   1.502  -0.073  27.967
   1.533  -0.075  28.517
   1.511  -0.020  29.050
   1.492  -0.038  29.583
   1.506  -0.026  29.750
   1.534  -0.070
