MRH 20150617
    23.85    70.37   116.84   163.35   209.80   256.28   302.78
    46.52    46.47    46.51    46.45    46.49    46.49    46.49
     0.84401101     0.57021248     0.36743760     0.21923831     0.12335853     0.06022178     0.02552645     0.00601431    -0.00187442    -0.00286694    -0.00818497    -0.00456800    -0.00580841    -0.00296318    -0.00179187    -0.00222246     0.00081884    -0.00103121
    -0.02146191    -0.02807703    -0.03408949    -0.04144669    -0.04171235    -0.03915379    -0.03525285    -0.02538390    -0.02167156    -0.01362312    -0.01109271    -0.00689268    -0.00164097    -0.00152572     0.00198123     0.00035350     0.00102084     0.00157468
     1.00000000     0.67619133     0.43714201     0.26419047     0.15461862     0.08489837     0.05185511     0.03321877     0.02609964     0.02021261     0.01669434     0.01114693     0.00897665     0.00517811     0.00561448     0.00441618     0.00501577     0.00426046
     0.84010059     0.55042779     0.33604103     0.19162495     0.09880922     0.04719910     0.01982966     0.00761445     0.00123478     0.00063598    -0.00001500     0.00015800     0.00048987     0.00015898     0.00032718     0.00044832     0.00090037     0.00085605
     0.04692796     0.04400408     0.03444269     0.01113295    -0.00531070    -0.01644379    -0.02103379    -0.01827970    -0.01448577    -0.00903127    -0.00629980    -0.00162428    -0.00125812     0.00043963     0.00022923    -0.00061111     0.00016713    -0.00077657
     1.00000000     0.65571815     0.40148294     0.22783549     0.11779920     0.05925104     0.03450017     0.02380971     0.01745113     0.01130338     0.00785858     0.00386279     0.00349849     0.00402909     0.00269394     0.00340701     0.00287302     0.00333776
     0.83370727     0.52579653     0.29910937     0.15679078     0.07178708     0.02997608     0.01102168     0.00087152    -0.00020451    -0.00372058    -0.00120003    -0.00199918     0.00117540     0.00055790     0.00062555     0.00090919    -0.00097671     0.00104200
     0.05442210     0.06755006     0.04389551     0.01595439    -0.00404442    -0.01525440    -0.01662165    -0.01341880    -0.00822312    -0.00395094    -0.00230867    -0.00031500    -0.00102001     0.00077777    -0.00125979     0.00030901    -0.00127911    -0.00057884
     1.00000000     0.63763446     0.36710322     0.19443013     0.09025723     0.04357084     0.02577148     0.01866834     0.01308727     0.00872561     0.00602662     0.00546599     0.00419263     0.00427570     0.00414630     0.00472404     0.00429860     0.00540276
     0.82536179     0.50829381     0.28036779     0.13587837     0.05195102     0.01274245    -0.00395395    -0.00704119    -0.00611719    -0.00372824    -0.00298369    -0.00099384    -0.00093162     0.00093138     0.00164180     0.00185091     0.00191996     0.00184504
     0.03739045     0.03409053     0.01859594    -0.00106455    -0.01102518    -0.01560154    -0.01474754    -0.01210258    -0.00681967    -0.00303034     0.00027602     0.00183317     0.00222692     0.00203981     0.00033280    -0.00008171     0.00045727    -0.00042196
     1.00000000     0.61641264     0.34009480     0.16446595     0.06469021     0.02472766     0.01890032     0.01741015     0.01160401     0.00681248     0.00502630     0.00489450     0.00370148     0.00409426     0.00415479     0.00405077     0.00402133     0.00407563
     0.81486768     0.47993237     0.25013071     0.11108063     0.03703725     0.00681854    -0.00385563    -0.00396078    -0.00335804    -0.00357499    -0.00373763    -0.00251321    -0.00270893    -0.00331137    -0.00145196     0.00121931     0.00002709     0.00031023
     0.07003331     0.08333369     0.05264886     0.02171438    -0.00384094    -0.01144936    -0.01301040    -0.00984508    -0.00705509    -0.00184827     0.00036770    -0.00011749    -0.00073031     0.00013513     0.00148808     0.00177085     0.00099893     0.00050212
     1.00000000     0.59667778     0.31429267     0.13988553     0.04684308     0.01883984     0.01805499     0.01468541     0.01042050     0.00604980     0.00652209     0.00654532     0.00558609     0.00677712     0.00548038     0.00539442     0.00468992     0.00495874
     0.80874336     0.46372664     0.22941403     0.08757767     0.01857979    -0.00536114    -0.01248934    -0.00907739    -0.00556421    -0.00356799    -0.00361879    -0.00245468    -0.00524956    -0.00579120    -0.00579032    -0.00703600    -0.00760716    -0.00522333
     0.02734166     0.02184221     0.00837535    -0.00248963    -0.01075862    -0.01048402    -0.00850475    -0.00688351    -0.00314178    -0.00040116    -0.00139451    -0.00023870    -0.00047646     0.00079161     0.00097788     0.00316106     0.00321774     0.00470904
     1.00000000     0.57369363     0.28393301     0.10859247     0.02780108     0.01651185     0.01944044     0.01454367     0.00958726     0.00589912     0.00670200     0.00557646     0.00795162     0.00878629     0.00901539     0.01150277     0.01292718     0.01052446
     0.81355405     0.44960809     0.20583066     0.07081155     0.00865208    -0.00836173    -0.00881467    -0.00583631    -0.00367380    -0.00112666    -0.00231398    -0.00450863    -0.00369646    -0.00391855    -0.00416636    -0.00517225    -0.00438001    -0.00504111
     0.07111346     0.06973459     0.04275569     0.01588885    -0.00285135    -0.01101975    -0.00950270    -0.00527478    -0.00593890    -0.00402660    -0.00303561     0.00007296    -0.00078658     0.00125599     0.00220157     0.00317345     0.00005419    -0.00082196
     1.00000000     0.55799705     0.25876406     0.08951944     0.01309255     0.01722168     0.01701330     0.01117722     0.00967440     0.00712190     0.00644611     0.00749453     0.00691268     0.00789980     0.00861697     0.01046999     0.00873513     0.00901721
   1.534  -0.070  400    2    0    0    0  0.000 18.000
