                 MRH
   17    6 2015
    18.4662        NaN        NaN        NaN        NaN     843.81      10.11  102.6   -0.0  630.0  180.0
    19.0042        NaN        NaN        NaN        NaN     790.59      14.11  102.6   -0.0  630.0  180.0
    19.5421        NaN        NaN        NaN        NaN     922.44      76.49  102.6   -0.0  630.0  180.0
    20.0801        NaN        NaN        NaN        NaN     944.57      85.30  102.6   -0.0  630.0  180.0
    20.6181        NaN        NaN        NaN        NaN     955.22      59.77  102.6   -0.0  630.0  180.0
    21.1560        NaN        NaN        NaN        NaN    1030.70      35.50  102.6   -0.0  630.0  180.0
    21.6940        NaN        NaN        NaN        NaN     825.95      27.50  102.6   -0.0  630.0  180.0
    22.2320        NaN        NaN        NaN        NaN     850.87      30.74  102.6   -0.0  630.0  180.0
    22.7702        NaN        NaN        NaN        NaN     940.81      60.67  102.6   -0.0  630.0  180.0
    23.3080        NaN        NaN        NaN        NaN     909.77      45.88  102.6   -0.0  630.0  180.0
    23.8460        NaN        NaN        NaN        NaN     768.92      42.32  102.6   -0.0  630.0  180.0
    24.3840        NaN        NaN        NaN        NaN     771.66      38.38  102.6   -0.0  630.0  180.0
    24.9221        NaN        NaN        NaN        NaN     935.13      52.25  102.6   -0.0  630.0  180.0
    25.4601        NaN        NaN        NaN        NaN     831.18      69.74  102.6   -0.0  630.0  180.0
    25.9981        NaN        NaN        NaN        NaN     873.59      79.64  102.6   -0.0  630.0  180.0
    26.5361        NaN        NaN        NaN        NaN     821.61      90.38  102.6   -0.0  630.0  180.0
    27.0740        NaN        NaN        NaN        NaN     665.54      15.33  102.6   -0.0  630.0  180.0
    27.6120        NaN        NaN        NaN        NaN     672.33     135.74  102.6   -0.0  630.0  180.0
    28.1500        NaN        NaN        NaN        NaN     623.23      20.24  102.6   -0.0  630.0  180.0
    28.6880        NaN        NaN        NaN        NaN     599.28     226.09  102.6   -0.0  630.0  180.0
    29.2260        NaN        NaN        NaN        NaN     587.65      88.58  102.6   -0.0  630.0  180.0
    18.5714      56.69       2.73        NaN        NaN     882.79       7.09   90.0  -45.0  630.0  180.0
    19.1093      53.54       8.20        NaN        NaN     837.66      28.06   90.0  -45.0  630.0  180.0
    19.6473      22.65      22.05        NaN        NaN     896.15      85.54   90.0  -45.0  630.0  180.0
    20.1852     125.33      18.96        NaN        NaN     917.38      76.70   90.0  -45.0  630.0  180.0
    20.7232      47.10      14.24        NaN        NaN     922.60      56.65   90.0  -45.0  630.0  180.0
    21.2612      23.52       9.20        NaN        NaN     853.03      34.20   90.0  -45.0  630.0  180.0
    21.7992     -19.12      10.57        NaN        NaN    1020.50      44.69   90.0  -45.0  630.0  180.0
    22.3372      19.66      11.73        NaN        NaN     826.25      43.04   90.0  -45.0  630.0  180.0
    22.8752      17.90      16.06        NaN        NaN     872.86      61.70   90.0  -45.0  630.0  180.0
    23.4132      -9.13      15.13        NaN        NaN     788.81      53.99   90.0  -45.0  630.0  180.0
    23.9512      65.62      10.25        NaN        NaN     813.60      37.28   90.0  -45.0  630.0  180.0
    24.4892     104.61      10.49        NaN        NaN     837.51      39.55   90.0  -45.0  630.0  180.0
    25.0274     103.17       9.53        NaN        NaN     940.93      38.84   90.0  -45.0  630.0  180.0
    25.5652      81.63      14.80        NaN        NaN     849.77      56.40   90.0  -45.0  630.0  180.0
    26.1032      10.66      24.55        NaN        NaN     890.62      96.55   90.0  -45.0  630.0  180.0
    26.6413      28.21      27.22        NaN        NaN     800.55      99.77   90.0  -45.0  630.0  180.0
    27.1791      30.26       8.83        NaN        NaN     577.41      23.87   90.0  -45.0  630.0  180.0
    27.7172      82.26      33.55        NaN        NaN     542.03      97.46   90.0  -45.0  630.0  180.0
    28.2552      39.58       4.32        NaN        NaN     916.45      37.01   90.0  -45.0  630.0  180.0
    28.7932      17.80      89.37        NaN        NaN     587.74     282.42   90.0  -45.0  630.0  180.0
    29.3312      39.41      32.08        NaN        NaN     597.95     100.66   90.0  -45.0  630.0  180.0
