                 MRH
   17    6 2015
    18.4662      -9.17       2.42     843.81      10.11    1333.31       5.31  102.6   -0.0  630.0  180.0
    19.0042      21.29       1.73     790.59      14.11     383.46       2.71  102.6   -0.0  630.0  180.0
    19.5421     -10.47      13.74     922.44      76.49     366.62      12.47  102.6   -0.0  630.0  180.0
    20.0801     -11.69      14.96     944.57      85.30     518.11      19.59  102.6   -0.0  630.0  180.0
    20.6181      -5.01      10.43     955.22      59.77     747.46      19.76  102.6   -0.0  630.0  180.0
    21.1560      -1.55       5.93    1030.70      35.50    1255.19      18.56  102.6   -0.0  630.0  180.0
    21.6940      15.43       5.45     825.95      27.50    1064.54      13.35  102.6   -0.0  630.0  180.0
    22.2320       2.36       5.92     850.87      30.74     922.88      12.81  102.6   -0.0  630.0  180.0
    22.7702     -15.98      10.53     940.81      60.67     711.73      19.21  102.6   -0.0  630.0  180.0
    23.3080       4.27       8.28     909.77      45.88     837.20      17.12  102.6   -0.0  630.0  180.0
    23.8460     -16.15       8.56     768.92      42.32     656.52      13.37  102.6   -0.0  630.0  180.0
    24.3840       5.71       7.80     771.66      38.38     706.92      12.90  102.6   -0.0  630.0  180.0
    24.9221       7.06       9.22     935.13      52.25     763.27      17.72  102.6   -0.0  630.0  180.0
    25.4601      -3.73      13.26     831.18      69.74     554.71      18.16  102.6   -0.0  630.0  180.0
    25.9981       2.85      14.59     873.59      79.64     492.33      18.01  102.6   -0.0  630.0  180.0
    26.5361       3.95      17.31     821.61      90.38     411.04      17.69  102.6   -0.0  630.0  180.0
    27.0740      12.90       2.00     665.54      15.33     233.01       1.90  102.6   -0.0  630.0  180.0
    27.6120      -5.74      29.25     672.33     135.74     206.96      14.77  102.6   -0.0  630.0  180.0
    28.1500     -22.29       5.61     623.23      20.24     146.40       1.37  102.6   -0.0  630.0  180.0
    28.6880      -4.63      50.39     599.28     226.09     111.53      13.68  102.6   -0.0  630.0  180.0
    29.2260     -26.78      20.12     587.65      88.58     145.43       7.22  102.6   -0.0  630.0  180.0
    18.3608       8.55       4.50    1019.83      26.04    1994.63      21.65   12.8  -50.2  630.0  180.0
    18.8460      38.52       1.25    1025.08      11.69     906.64       4.96   12.8  -50.2  630.0  180.0
    19.3840      -1.67      12.71     945.99      71.44     356.12      11.11   12.8  -50.2  630.0  180.0
    19.9219       3.35      13.13    1022.08      78.96     594.67      20.05   12.8  -50.2  630.0  180.0
    20.4599     -11.97       5.84     914.74      32.19    1438.07      20.37   12.8  -50.2  630.0  180.0
    20.9979      -1.38       4.02     987.89      22.44    1292.18      11.91   12.8  -50.2  630.0  180.0
    21.5359      17.60       5.17     867.45      26.82    1099.15      13.08   12.8  -50.2  630.0  180.0
    22.0739      12.96      10.09     822.79      52.11     735.96      18.08   12.8  -50.2  630.0  180.0
    22.6119       6.91      10.51     875.26      56.82     712.33      18.53   12.8  -50.2  630.0  180.0
    23.1499       4.44      11.12     922.46      62.90     678.95      19.09   12.8  -50.2  630.0  180.0
    23.6879      -2.67      16.22     848.33      86.74     451.22      18.37   12.8  -50.2  630.0  180.0
    24.2261      17.89       6.27     815.47      31.77    1018.59      15.09   12.8  -50.2  630.0  180.0
    24.7641      17.54       7.76     784.33      38.68     951.17      17.58   12.8  -50.2  630.0  180.0
    25.3018       4.21       8.72     911.03      48.67     850.60      18.59   12.8  -50.2  630.0  180.0
    25.8399     -12.79      13.99     959.27      82.40     512.74      18.57   12.8  -50.2  630.0  180.0
    26.3779      -0.21       9.26     814.36      47.40     415.91       9.06   12.8  -50.2  630.0  180.0
    26.9158     -14.24      19.46     761.02      97.19     352.44      16.96   12.8  -50.2  630.0  180.0
    27.4538     -31.35       9.62     872.89      52.60     235.03       5.51   12.8  -50.2  630.0  180.0
    27.9918      10.57       2.84     329.72      11.37     128.83       1.09   12.8  -50.2  630.0  180.0
    28.5298      -0.27       5.00     672.82      37.84      85.49       1.79   12.8  -50.2  630.0  180.0
    29.0678     -31.52       4.25    1208.29      85.80      99.81       3.29   12.8  -50.2  630.0  180.0
    29.6057     -40.95       2.09     623.49      10.83     468.50       2.54   12.8  -50.2  630.0  180.0
    18.4137      32.91       3.99    1013.23      22.04    1322.13      11.74  102.6   50.2  630.0  180.0
    18.9517      38.10       2.04     858.06      14.53     381.36       2.46  102.6   50.2  630.0  180.0
    19.4896      24.38      13.02     919.73      71.68     337.19      10.69  102.6   50.2  630.0  180.0
    20.0276      28.86      14.39     979.01      83.24     534.09      19.34  102.6   50.2  630.0  180.0
    20.5655      70.45       3.57     947.91      18.08    1110.79       8.09  102.6   50.2  630.0  180.0
    21.1035      23.84       7.18     867.38      37.95    1099.57      18.90  102.6   50.2  630.0  180.0
    21.6415      25.37       8.06     915.02      44.37     956.67      18.95  102.6   50.2  630.0  180.0
    22.1795      29.18       7.15     831.51      36.63     879.26      14.87  102.6   50.2  630.0  180.0
    22.7176       4.03      11.53     973.95      67.69     645.16      19.14  102.6   50.2  630.0  180.0
    23.2555      24.43       9.77     950.03      55.89     743.40      18.31  102.6   50.2  630.0  180.0
    23.7935       2.88      14.12     887.48      77.71     524.02      18.60  102.6   50.2  630.0  180.0
    24.3315      86.38       7.38     803.14      36.32     734.19      12.41  102.6   50.2  630.0  180.0
    24.8696      86.74       7.83     843.50      40.13     825.83      15.27  102.6   50.2  630.0  180.0
    25.4075      74.55      11.24     877.54      60.17     653.77      18.00  102.6   50.2  630.0  180.0
    25.9456      -0.64      18.49     901.38     103.97     401.84      19.04  102.6   50.2  630.0  180.0
    26.4836      23.38      14.93     773.56      74.92     380.66      13.89  102.6   50.2  630.0  180.0
    27.0215      49.42      21.11     810.51     108.63     325.86      16.81  102.6   50.2  630.0  180.0
    27.5597      39.49      10.54     872.33      56.34     212.34       5.26  102.6   50.2  630.0  180.0
    28.0975     -20.78      14.08     661.26      76.94     116.46       5.18  102.6   50.2  630.0  180.0
    28.6355     -12.84      40.86     441.95     159.20      92.22       9.07  102.6   50.2  630.0  180.0
    29.1735     -31.24      25.28     450.75      96.77     104.92       6.40  102.6   50.2  630.0  180.0
    29.7113     -23.79       8.51     746.83      41.90    1032.63      21.38  102.6   50.2  630.0  180.0
    18.5189     -11.18       1.38     800.72       7.71    1185.43       3.55   44.9  -45.0  630.0  180.0
    19.0568       3.95       1.77     934.66      19.74     385.98       3.53   44.9  -45.0  630.0  180.0
    19.5948     -11.18      14.07     953.98      79.99     360.15      12.70   44.9  -45.0  630.0  180.0
    20.1327     -32.16       9.51     875.65      51.31     826.20      19.44   44.9  -45.0  630.0  180.0
    20.6707     -36.34       5.98     913.64      32.89    1399.53      20.49   44.9  -45.0  630.0  180.0
    21.2087     -16.40       3.63     993.41      20.26    1460.38      12.12   44.9  -45.0  630.0  180.0
    21.7469      19.79       8.72     907.53      47.95     876.23      18.83   44.9  -45.0  630.0  180.0
    22.2847      -3.27       5.55     823.00      28.14    1129.42      14.67   44.9  -45.0  630.0  180.0
    22.8227      -4.72       8.65     825.73      44.73     626.91      12.96   44.9  -45.0  630.0  180.0
    23.3607     -12.40      12.00     863.06      64.63     617.89      18.48   44.9  -45.0  630.0  180.0
    23.8987     -28.99       9.39     910.54      52.77     785.72      18.60   44.9  -45.0  630.0  180.0
    24.4369     -30.02       5.94     838.66      30.92    1083.56      15.41   44.9  -45.0  630.0  180.0
    24.9750     -30.53       7.92     931.15      45.12     948.21      19.01   44.9  -45.0  630.0  180.0
    25.5127     -39.84      10.14     824.80      53.33     716.73      18.03   44.9  -45.0  630.0  180.0
    26.0507     -19.94      18.17     903.12     102.45     407.83      18.93   44.9  -45.0  630.0  180.0
    26.5887      -4.00      15.75     733.58      76.31     329.92      12.52   44.9  -45.0  630.0  180.0
    27.1266     -31.70      22.41     802.57     116.66     309.08      17.29   44.9  -45.0  630.0  180.0
    27.6646     -33.42       7.99     448.60      28.67     190.30       3.08   44.9  -45.0  630.0  180.0
    28.2027     103.84       6.77    1117.72      64.57        NaN        NaN   44.9  -45.0  630.0  180.0
    28.7407       8.79      64.84     589.36     285.74      90.57      14.19   44.9  -45.0  630.0  180.0
    29.2786     -16.82      25.08     645.30     117.84     143.66       9.06   44.9  -45.0  630.0  180.0
    18.5714     -40.08       1.93     882.79       7.09    1562.33       3.90   90.0  -45.0  630.0  180.0
    19.1093     -37.86       5.80     837.66      28.06     380.32       4.55   90.0  -45.0  630.0  180.0
    19.6473     -16.01      15.59     896.15      85.54     340.71      13.21   90.0  -45.0  630.0  180.0
    20.1852     -88.62      13.41     917.38      76.70     582.94      20.26   90.0  -45.0  630.0  180.0
    20.7232     -33.30      10.07     922.60      56.65     778.16      19.94   90.0  -45.0  630.0  180.0
    21.2612     -16.63       6.50     853.03      34.20    1208.41      18.99   90.0  -45.0  630.0  180.0
    21.7992      13.52       7.47    1020.50      44.69    1017.73      19.24   90.0  -45.0  630.0  180.0
    22.3372     -13.90       8.29     826.25      43.04     900.64      18.26   90.0  -45.0  630.0  180.0
    22.8752     -12.66      11.36     872.86      61.70     652.74      18.41   90.0  -45.0  630.0  180.0
    23.4132       6.46      10.70     788.81      53.99     548.73      14.19   90.0  -45.0  630.0  180.0
    23.9512     -46.40       7.25     813.60      37.28     857.06      14.98   90.0  -45.0  630.0  180.0
    24.4892     -73.97       7.42     837.51      39.55    1003.83      18.43   90.0  -45.0  630.0  180.0
    25.0274     -72.95       6.74     940.93      38.84    1044.42      17.81   90.0  -45.0  630.0  180.0
    25.5652     -57.72      10.47     849.77      56.40     696.92      18.23   90.0  -45.0  630.0  180.0
    26.1032      -7.54      17.36     890.62      96.55     421.28      18.60   90.0  -45.0  630.0  180.0
    26.6413     -19.95      19.25     800.55      99.77     365.36      17.36   90.0  -45.0  630.0  180.0
    27.1791     -21.39       6.24     577.41      23.87     228.34       2.75   90.0  -45.0  630.0  180.0
    27.7172     -58.16      23.73     542.03      97.46     217.38      12.18   90.0  -45.0  630.0  180.0
    28.2552     -27.99       3.05     916.45      37.01     132.71       2.38   90.0  -45.0  630.0  180.0
    28.7932     -12.59      63.19     587.74     282.42      86.80      13.67   90.0  -45.0  630.0  180.0
    29.3312     -27.87      22.68     597.95     100.66     157.77       9.03   90.0  -45.0  630.0  180.0
    18.6240     -64.80       1.45     822.09       7.36    1412.55       4.13  134.9  -45.0  630.0  180.0
    18.6762     -71.61       1.22    1190.95      11.88    1398.28       7.07  134.9  -45.0  630.0  180.0
    18.7284     -76.94       1.27    1105.58      11.53    1128.96       5.63  134.9  -45.0  630.0  180.0
    18.7806     -53.61       1.21    1002.64      11.71     913.71       4.80  134.9  -45.0  630.0  180.0
    19.1618     -20.54       7.51     847.07      37.93     391.05       6.63  134.9  -45.0  630.0  180.0
    19.2140     -30.62       8.71     790.24      42.62     385.47       7.64  134.9  -45.0  630.0  180.0
    19.2662       1.90       7.91     689.64      35.09     312.02       5.24  134.9  -45.0  630.0  180.0
    19.3184      -8.99      11.74     874.45      62.18     337.87       9.54  134.9  -45.0  630.0  180.0
    19.6998      -5.84      17.29     922.96      96.44     344.90      14.93  134.9  -45.0  630.0  180.0
    19.7520     -16.35      16.28     967.76      94.59     395.41      16.40  134.9  -45.0  630.0  180.0
    19.8043     -14.46      16.08    1028.41      97.52     454.95      19.03  134.9  -45.0  630.0  180.0
    19.8564     -20.20      14.49     873.59      78.22     445.83      16.09  134.9  -45.0  630.0  180.0
    20.2377     -98.64      11.92     973.78      70.74     469.21      14.48  134.9  -45.0  630.0  180.0
    20.2899     -99.04      11.38     962.88      67.08     483.60      14.15  134.9  -45.0  630.0  180.0
    20.3421     -90.54      14.64     946.30      85.62     507.65      19.38  134.9  -45.0  630.0  180.0
    20.3943     -88.86      15.85     901.66      89.39     474.21      19.35  134.9  -45.0  630.0  180.0
    20.7757     -17.46       8.52     864.94      45.26     720.35      14.82  134.9  -45.0  630.0  180.0
    20.8279     -50.90       8.29     950.12      47.67     670.62      13.96  134.9  -45.0  630.0  180.0
    20.8801     -64.42      12.12     953.93      70.81     646.84      20.29  134.9  -45.0  630.0  180.0
    20.9323     -24.76       9.51    1013.14      57.45     810.24      19.98  134.9  -45.0  630.0  180.0
    21.3137       2.40       8.01     988.59      46.96     991.88      20.05  134.9  -45.0  630.0  180.0
    21.3659      -1.06       5.63     917.43      30.78    1197.26      16.25  134.9  -45.0  630.0  180.0
    21.4181      -5.02       6.75    1057.62      41.66    1160.98      20.09  134.9  -45.0  630.0  180.0
    21.4704       7.89       7.63     850.78      40.02    1014.71      18.85  134.9  -45.0  630.0  180.0
    21.8517       8.23       6.40     801.50      31.91     899.83      13.48  134.9  -45.0  630.0  180.0
    21.9041      -0.93       8.53     916.99      47.45     890.17      18.80  134.9  -45.0  630.0  180.0
    21.9562      -3.60       6.49     806.45      32.61     918.54      14.03  134.9  -45.0  630.0  180.0
    22.0083      -1.87       6.96     820.31      35.55     877.00      14.42  134.9  -45.0  630.0  180.0
    22.3897     -31.53       8.20     977.99      48.22     915.08      19.14  134.9  -45.0  630.0  180.0
    22.4419      -1.06       7.23     794.89      36.09     765.88      13.03  134.9  -45.0  630.0  180.0
    22.4941     -11.97      10.67     839.64      56.36     696.22      18.45  134.9  -45.0  630.0  180.0
    22.5463     -11.89       7.44     783.41      36.91     808.18      14.29  134.9  -45.0  630.0  180.0
    22.9277      -7.59       8.66     833.50      45.12     736.79      15.53  134.9  -45.0  630.0  180.0
    22.9799      -3.46      12.06     809.48      61.97     604.94      17.85  134.9  -45.0  630.0  180.0
    23.0321     -14.39      10.89     941.74      62.52     690.95      19.17  134.9  -45.0  630.0  180.0
    23.0843     -28.61       8.59     917.11      48.34     818.63      17.75  134.9  -45.0  630.0  180.0
    23.4657      -9.25      10.51     880.31      57.26     640.52      16.70  134.9  -45.0  630.0  180.0
    23.5179      -3.65      10.37     763.88      50.96     515.98      12.75  134.9  -45.0  630.0  180.0
    23.5701      -4.02      14.49     961.56      85.31     519.85      19.67  134.9  -45.0  630.0  180.0
    23.6223     -19.63       9.74     916.46      54.63     522.23      12.68  134.9  -45.0  630.0  180.0
    24.0037     -61.94       7.95     971.83      47.15     917.61      18.87  134.9  -45.0  630.0  180.0
    24.0559     -82.51       7.84     950.04      45.89     939.44      18.88  134.9  -45.0  630.0  180.0
    24.1081     -82.39       7.08     926.69      40.53     997.11      18.02  134.9  -45.0  630.0  180.0
    24.1605     -84.69       8.56     786.46      43.78     853.76      17.90  134.9  -45.0  630.0  180.0
    24.5417     -77.35       6.41     785.99      32.24     965.39      14.72  134.9  -45.0  630.0  180.0
    24.5939     -83.59       8.64     829.04      45.67     863.63      18.53  134.9  -45.0  630.0  180.0
    24.6461     -81.92       7.29     966.17      43.13    1001.16      18.76  134.9  -45.0  630.0  180.0
    24.6984     -79.40       8.80     801.21      45.47     839.03      18.20  134.9  -45.0  630.0  180.0
    25.0798     -69.00       3.37     773.46      14.66     698.74       4.30  134.9  -45.0  630.0  180.0
    25.1319     -71.03       8.24     923.13      47.23     849.01      17.84  134.9  -45.0  630.0  180.0
    25.1841     -61.48       3.94     827.85      18.95     709.32       5.62  134.9  -45.0  630.0  180.0
    25.2363     -66.70       9.70     922.28      55.65     762.96      19.03  134.9  -45.0  630.0  180.0
    25.6177     -46.13      11.22     938.04      65.09     665.17      19.23  134.9  -45.0  630.0  180.0
    25.6699     -26.18      13.67     963.45      80.63     545.22      19.39  134.9  -45.0  630.0  180.0
    25.7221     -18.35      14.18     922.61      80.91     514.78      18.67  134.9  -45.0  630.0  180.0
    25.7743     -30.79      11.59     758.88      57.45     518.03      14.54  134.9  -45.0  630.0  180.0
    26.1558     -10.76      18.55     838.14      99.64     381.19      17.73  134.9  -45.0  630.0  180.0
    26.2080      -3.09      20.26     884.55     111.89     356.79      18.39  134.9  -45.0  630.0  180.0
    26.2602       8.45      15.15     800.33      77.75     347.08      12.92  134.9  -45.0  630.0  180.0
    26.3123     -16.21      15.37     920.28      87.71     459.73      18.22  134.9  -45.0  630.0  180.0
    26.6938     -12.50      13.56     779.61      68.27     454.95      14.96  134.9  -45.0  630.0  180.0
    26.7460     -12.04      19.16     825.40     101.34     366.75      17.59  134.9  -45.0  630.0  180.0
    26.7981     -13.01      15.94     793.77      81.76     408.29      16.04  134.9  -45.0  630.0  180.0
    26.8503     -30.07      14.86     822.78      78.23     446.41      16.54  134.9  -45.0  630.0  180.0
    27.2318     -15.41      24.44     773.76     125.03     278.87      17.16  134.9  -45.0  630.0  180.0
    27.2839      10.83      10.84     914.85      61.49     234.31       6.17  134.9  -45.0  630.0  180.0
    27.3361     -16.08      24.65     794.63     127.37     270.96      16.56  134.9  -45.0  630.0  180.0
    27.3883     -15.18      12.04     582.70      50.37     231.52       6.34  134.9  -45.0  630.0  180.0
    27.7697     -27.76       2.64     651.04      17.50     182.15       1.75  134.9  -45.0  630.0  180.0
    27.8219     -36.05      24.08     624.64     106.59     234.08      13.47  134.9  -45.0  630.0  180.0
    27.8741      33.25       2.98     780.87      26.17     173.02       2.38  134.9  -45.0  630.0  180.0
    27.9263     -38.27      26.78     611.59     118.16     170.45      10.98  134.9  -45.0  630.0  180.0
    28.3077     -21.27      11.35     642.02      50.00     162.76       4.13  134.9  -45.0  630.0  180.0
    28.3599       4.87       9.12     650.45      40.69     136.27       3.68  134.9  -45.0  630.0  180.0
    28.4121     -35.65      21.31     741.07     104.21     170.83       8.78  134.9  -45.0  630.0  180.0
    28.4643      46.71       4.25     894.58      45.40     128.15       2.71  134.9  -45.0  630.0  180.0
    28.8457     -39.40      61.41     375.14     248.66      67.25      10.39  134.9  -45.0  630.0  180.0
    28.8979     -15.72      53.44     484.48     216.41      72.65       9.41  134.9  -45.0  630.0  180.0
    28.9500     -12.37      31.07     407.50     164.46      49.86       4.49  134.9  -45.0  630.0  180.0
    29.0023     -53.59      30.68     618.26     141.57      68.96       5.22  134.9  -45.0  630.0  180.0
    29.3837     -24.13      18.92     620.23      86.67     198.76       9.34  134.9  -45.0  630.0  180.0
    29.4359     -29.33      14.30     652.46      66.41     259.79       9.40  134.9  -45.0  630.0  180.0
    29.4881     -25.59       9.96     684.80      47.96     340.61       8.74  134.9  -45.0  630.0  180.0
    29.5403     -28.32       5.23     662.88      25.50     481.55       7.03  134.9  -45.0  630.0  180.0
    18.8992      12.44       7.38    1109.44      33.41        NaN        NaN  147.5   39.9  630.0  180.0
    19.4371       5.08      12.19     886.42      65.19     360.00      10.61  147.5   39.9  630.0  180.0
    19.9751      14.75      12.52     973.06      72.56     600.59      18.98  147.5   39.9  630.0  180.0
    20.5130      45.55       6.58     883.71      34.78    1229.81      19.25  147.5   39.9  630.0  180.0
    21.0510      14.54       5.60    1063.23      34.26    1409.00      19.79  147.5   39.9  630.0  180.0
    21.5890      24.83       6.70     846.53      34.76    1166.97      18.67  147.5   39.9  630.0  180.0
    22.1270      16.77       9.40     824.73      48.60     788.96      17.98  147.5   39.9  630.0  180.0
    22.6650      18.02       8.37     861.41      44.22     779.23      15.72  147.5   39.9  630.0  180.0
    23.2030      22.06      10.80     866.03      57.81     693.03      18.48  147.5   39.9  630.0  180.0
    23.7410      20.63       9.93     775.15      49.01     550.50      12.95  147.5   39.9  630.0  180.0
    24.2790      71.08       9.92     787.93      49.29     737.10      17.32  147.5   39.9  630.0  180.0
    24.8171      54.88       9.84     862.97      52.04     756.66      18.07  147.5   39.9  630.0  180.0
    25.3550      58.15      10.87     817.58      55.52     674.92      17.66  147.5   39.9  630.0  180.0
    25.8930       7.57      12.81     863.29      68.98     524.13      16.71  147.5   39.9  630.0  180.0
    26.4310      11.80      15.38     898.22      85.51     462.30      18.00  147.5   39.9  630.0  180.0
    26.9690      28.57      10.34     746.06      49.47     331.90       7.92  147.5   39.9  630.0  180.0
    27.5071       5.11      17.21     651.38      77.12     212.99       8.55  147.5   39.9  630.0  180.0
    28.0450      17.81      16.78     660.61      76.66     155.42       6.09  147.5   39.9  630.0  180.0
    28.5830     -59.42      15.18     694.54      86.15      94.25       4.27  147.5   39.9  630.0  180.0
    29.1210     -33.29      24.41     663.15     114.31     111.20       6.75  147.5   39.9  630.0  180.0
    29.6588     -13.87       6.13     730.31      29.12     875.32      12.40  147.5   39.9  630.0  180.0
