                 MRH
   17    6 2015
      18.25       NaN       NaN       NaN       NaN    843.81     10.11    630.0   1800
      18.75     56.69      2.73       NaN       NaN    882.79      7.09    630.0   1800
      19.25     53.54      8.20       NaN       NaN    814.12     15.70    630.0   1800
      19.75     22.65     22.05       NaN       NaN    909.29     57.38    630.0   1800
      20.25    125.33     18.96       NaN       NaN    930.98     57.36    630.0   1800
      20.75     47.10     14.24       NaN       NaN    938.91     41.17    630.0   1800
      21.25     23.52      9.20       NaN       NaN    941.86     24.65    630.0   1800
      21.75    -19.12     10.57       NaN       NaN    923.23     26.24    630.0   1800
      22.25     19.66     11.73       NaN       NaN    838.56     26.45    630.0   1800
      22.75     17.90     16.06       NaN       NaN    906.83     43.27    630.0   1800
      23.25     -9.13     15.13       NaN       NaN    849.29     35.42    630.0   1800
      23.75     65.62     10.25       NaN       NaN    791.26     28.20    630.0   1800
      24.25    104.61     10.49       NaN       NaN    804.59     27.56    630.0   1800
      24.75       NaN       NaN       NaN       NaN    935.13     52.25    630.0   1800
      25.25    103.17      9.53       NaN       NaN    886.05     39.91    630.0   1800
      25.75     81.63     14.80       NaN       NaN    861.68     48.80    630.0   1800
      26.25     10.66     24.55       NaN       NaN    890.62     96.55    630.0   1800
      26.75     28.21     27.22       NaN       NaN    811.08     67.31    630.0   1800
      27.25     30.26      8.83       NaN       NaN    621.47     14.19    630.0   1800
      27.75     82.26     33.55       NaN       NaN    607.18     83.55    630.0   1800
      28.25     39.58      4.32       NaN       NaN    769.84     21.09    630.0   1800
      28.75     17.80     89.37       NaN       NaN    593.51    180.89    630.0   1800
      29.25     39.41     32.08       NaN       NaN    592.80     67.04    630.0   1800
