  Image    fringe1  fringe2  fringe3  fringe4  fringe5  fringe6  fringe7
-----------------------------------------------------------------------------
    1     0.714881 0.712906 0.709583 0.705679 0.703080 0.697576 0.694889
    2     0.710246 0.707791 0.708021 0.699556 0.698653 0.695378 0.692902
    3     0.719014 0.715204 0.712775 0.710836 0.704852 0.698405 0.698046
    4     0.718805 0.717937 0.715116 0.706737 0.704388 0.701710 0.696796
    5     0.725202 0.721205 0.719688 0.713780 0.708530 0.707115 0.701209
    6     0.729304 0.724950 0.722471 0.718244 0.713173 0.711541 0.707914
    7     0.730978 0.726811 0.724563 0.717799 0.716011 0.712638 0.709499
    8     0.727886 0.726067 0.724006 0.719529 0.714922 0.711156 0.708429
    9     0.726032 0.724435 0.721577 0.716834 0.715893 0.710313 0.706119
   10     0.712836 0.708725 0.706525 0.703431 0.700363 0.695309 0.689586
   11    ********* 0.707665 0.707532 0.702216****************** 5.029781
   12     0.713759 0.710339 0.717430 0.702751 0.697427 0.698809 0.695098
   13     0.719361 0.716799 0.713803 0.709491 0.701728 0.701032 0.702280
   14     0.717765 0.720171 0.718401 0.707647 0.707945 0.704334 0.702238
   15     0.722248 0.718551 0.715721 0.712567 0.712780 0.710527 0.711756
   16     0.722222 0.721377 0.718889 0.712855 0.704676 0.705535 0.701449
   17     0.728181 0.720939 0.714556 0.717884 0.710093 0.703776 0.703921
   18     0.717739 0.713445 0.717936 0.708406 0.710569 0.700655 0.698747
   19     0.720526 0.717707 0.715786 0.709166 0.708172 0.706641 0.701951
   20     0.720080 0.715414 0.714667 0.713929 0.705557 0.704625 0.699455
   21     0.723538 0.716085 0.709786 0.709393 0.704486 0.699979 0.703898
   22     0.715029 0.711854 0.712653 0.705614 0.702480 0.696903 0.701614
   23     0.723239 0.720320 0.718655 0.711737 0.713434 0.698397 0.699885
   24     0.720465 0.719882 0.720648 0.708183 0.705716 0.704633 0.710879
   25     0.719967 0.721221 0.718364 0.716468 0.708237 0.703497 0.707701
   26     0.717813 0.721003 0.718310 0.709868 0.704747 0.707240 0.706083
   27     0.721993 0.719914 0.717757 0.715581 0.708706 0.706941 0.707408
   28     0.728180 0.717795 0.716615 0.713910 0.710682 0.702462 0.706827
   29     0.723547 0.723632 0.722340 0.713275 0.710257 0.705423 0.704946
   30     0.722991 0.717424 0.713955 0.709282 0.706078 0.704711 0.705460
   31     0.719483 0.717650 0.714017 0.709747 0.706057 0.700639 0.700234
   32     0.720503 0.713032 0.709439 0.706855 0.704679 0.697290 0.701257
   33     0.722568 0.723138 0.719682 0.711521 0.711274 0.704747 0.706195
   34     0.726793 0.725767 0.722178 0.717133 0.713247 0.710838 0.707443
   35     0.738065 0.735293 0.730910 0.727681 0.719626 0.718722 0.716627
   36     0.737313 0.736468 0.734407 0.724495 0.723789 0.719312 0.725027
   37     0.734798 0.733647 0.736826 0.732333 0.724877 0.721488 0.718498
   38     0.734844 0.732167 0.734431 0.725849 0.722601 0.722986 0.722216
   39     0.738115 0.731087 0.728733 0.725114 0.725666 0.722558 0.722545
   40     0.726264 0.723107 0.719450 0.716126 0.711438 0.707091 0.704289
   41     0.717559 0.714851 0.711200 0.705026 0.700747 0.698478 0.696798
   42     0.712523 0.710398 0.707669 0.703529 0.697823 0.696554 0.690036
   43     0.726654 0.722222 0.718207 0.714124 0.709557 0.706099 0.707512
   44     0.729591 0.727700 0.724679 0.720329 0.716297 0.711404 0.710299
   45     0.730963 0.727146 0.724189 0.716181 0.718296 0.711041 0.710830
   46     0.727607 0.723243 0.722973 0.715356 0.714522 0.709367 0.710014
   47     0.734516 0.727695 0.728399 0.723005 0.719102 0.715547 0.712522
   48     0.736430 0.733943 0.729289 0.724760 0.720779 0.715789 0.716510
   49     0.730477 0.724876 0.724148 0.718477 0.714563 0.713173 0.708609
   50     0.726776 0.720982 0.721820 0.713375 0.712045 0.709302 0.705343
   51     0.723673 0.720802 0.717587 0.712972 0.709941 0.705358 0.702331
   52     0.722818 0.718618 0.716593 0.713132 0.707435 0.703889 0.700424
   53     0.726880 0.723046 0.719530 0.715144 0.713785 0.708392 0.706775
   54     0.728020 0.728045 0.722428 0.716843 0.715052 0.711606 0.707675
   55     0.727986 0.727292 0.723176 0.716518 0.714820 0.713058 0.709354
   56     0.724967 0.723518 0.721381 0.717658 0.709831 0.708636 0.705009
   57     0.726461 0.724660 0.720585 0.717154 0.712254 0.708599 0.705692
   58     0.727614 0.725387 0.720903 0.717932 0.713589 0.708586 0.707324
   59     0.726142 0.723517 0.719450 0.713984 0.710747 0.707545 0.706221
   60     0.724386 0.722164 0.718916 0.714537 0.709089 0.704047 0.704815
   61     0.722982 0.718892 0.717456 0.714197 0.709305 0.706540 0.701676
   62     0.721183 0.719750 0.716850 0.712929 0.708972 0.707390 0.704835
   63     0.725444 0.721731 0.719323 0.715896 0.709179 0.706091 0.705307
   64     0.724069 0.719876 0.720083 0.714542 0.709967 0.705993 0.704197
   65     0.723750 0.721323 0.719955 0.716437 0.713248 0.707993 0.704848
   66     0.725722 0.724937 0.720511 0.716230 0.712727 0.708150 0.704969
   67     0.726044 0.724936 0.720500 0.719234 0.714278 0.710520 0.710020
   68     0.728407 0.724033 0.722820 0.721394 0.714017 0.708950 0.708418
   69     0.728408 0.725452 0.722994 0.717788 0.713252 0.711287 0.707914
   70     0.725691 0.725444 0.719354 0.716335 0.712344 0.707061 0.704825
   71     0.727556 0.723897 0.719337 0.713625 0.711163 0.706207 0.705058
   72     0.723218 0.720543 0.720486 0.712027 0.709332 0.707415 0.700981
   73     0.726696 0.726470 0.721528 0.716616 0.714295 0.710851 0.708683
   74     0.729279 0.725868 0.720840 0.718199 0.717715 0.711386 0.709300
   75     0.730066 0.729112 0.725151 0.719569 0.715838 0.713433 0.711812
   76     0.734028 0.729692 0.727342 0.722568 0.719726 0.717545 0.715149
   77     0.730506 0.727838 0.721691 0.718624 0.715041 0.709052 0.708246
   78     0.729991 0.728753 0.723695 0.721839 0.715661 0.711255 0.714418
   79     0.730035 0.728616 0.723925 0.722078 0.717326 0.713327 0.709801
   80     0.729444 0.723108 0.722806 0.716844 0.714910 0.708802 0.710215
   81     0.725012 0.724369 0.719736 0.715622 0.713212 0.707801 0.708182
   82     0.728615 0.725747 0.723270 0.717711 0.710981 0.710999 0.713282
   83     0.732441 0.728176 0.725463 0.720250 0.718454 0.713488 0.714785
   84     0.730012 0.728539 0.724476 0.717958 0.718569 0.710144 0.710790
   85     0.730527 0.728093 0.724898 0.721385 0.718820 0.713996 0.713467
   86     0.731005 0.727380 0.725346 0.721603 0.718154 0.711254 0.710551
   87     0.728229 0.729266 0.721699 0.719765 0.719197 0.711451 0.712944
   88     0.731427 0.727632 0.727472 0.720918 0.719610 0.715791 0.711812
   89     0.733689 0.730682 0.728552 0.726983 0.717937 0.717878 0.715490
   90     0.728977 0.725763 0.722882 0.718233 0.716515 0.710682 0.711193
   91     0.724388 0.723027 0.722264 0.715752 0.713630 0.710819 0.704926
   92     0.723331 0.724827 0.718412 0.717811 0.711118 0.709377 0.708279
   93     0.731603 0.727036 0.722834 0.717174 0.716434 0.710714 0.709192
   94     0.732926 0.731247 0.724255 0.720589 0.715989 0.712993 0.716689
   95     0.727678 0.727801 0.723930 0.718209 0.717654 0.710720 0.706746
   96     0.728680 0.730040 0.726112 0.721277 0.721560 0.709801 0.714271
   97     0.728994 0.729674 0.721711 0.719609 0.719919 0.712823 0.712918
   98     0.729940 0.727319 0.725136 0.719342 0.718062 0.713671 0.712640
   99     0.734276 0.731030 0.728064 0.723010 0.719347 0.712038 0.714550
  100     0.731999 0.728255 0.724041 0.720694 0.717175 0.711410 0.710733
  101     0.724987 0.724604 0.724322 0.713299 0.713502 0.709198 0.709535
  102     0.731564 0.725941 0.722242 0.719189 0.714561 0.712560 0.713679
  103     0.732662 0.728662 0.728084 0.722306 0.719798 0.714310 0.713713
  104     0.734332 0.731695 0.730729 0.723490 0.719588 0.717424 0.718156
  105     0.738255 0.735090 0.733505 0.726902 0.724973 0.718650 0.716480
  106     0.740990 0.737175 0.733929 0.729496 0.726369 0.724102 0.719805
  107     0.743909 0.740827 0.737433 0.731159 0.729489 0.728978 0.723835
  108     0.744236 0.742590 0.736266 0.731552 0.730237 0.726124 0.723836
  109     0.742858 0.742327 0.738630 0.733084 0.729800 0.725252 0.725917
  110     0.727518 0.725151 0.722991 0.716615 0.715153 0.707525 0.708140
  111     0.718606 0.716853 0.713026 0.708588 0.706725 0.700926 0.699415
  112     0.717021 0.712637 0.711873 0.708026 0.701435 0.698630 0.697738
  113     0.730562 0.725993 0.722863 0.720274 0.716355 0.709594 0.711221
  114     0.736402 0.732683 0.728760 0.724999 0.721760 0.717418 0.714872
  115     0.742771 0.740872 0.735227 0.732197 0.727641 0.724520 0.723701
  116     0.745283 0.738866 0.735490 0.731384 0.728792 0.727195 0.723461
  117     0.744235 0.741726 0.737568 0.733301 0.730625 0.725232 0.725023
  118     0.742934 0.740327 0.739224 0.731708 0.729932 0.726126 0.726305
  119     0.742386 0.741032 0.737739 0.732243 0.730313 0.727082 0.723029
  120     0.727443 0.724734 0.721578 0.717369 0.712932 0.711103 0.710751
  121     0.720577 0.719188 0.715103 0.711909 0.707158 0.706504 0.704244
  122     0.717392 0.714922 0.711537 0.706777 0.700788 0.699880 0.696809
  123     0.730858 0.726254 0.724218 0.720754 0.713927 0.710922 0.710791
  124     0.736137 0.733556 0.730903 0.724254 0.721317 0.717163 0.716894
  125     0.742224 0.741443 0.734268 0.732565 0.728890 0.727139 0.721464
  126     0.742501 0.738794 0.733226 0.730400 0.727517 0.723835 0.719994
  127     0.741184 0.738876 0.737745 0.733266 0.727742 0.724543 0.723186
  128     0.740213 0.740363 0.736841 0.727210 0.725672 0.723583 0.721412
  129     0.741872 0.739339 0.734420 0.731306 0.726940 0.724864 0.723774
  130     0.730760 0.726591 0.723105 0.720104 0.718129 0.712566 0.712011
  131     0.723086 0.719531 0.714146 0.711194 0.706925 0.703815 0.704224
  132     0.718318 0.716451 0.716320 0.707745 0.703853 0.700830 0.701512
  133     0.732995 0.728104 0.728087 0.719366 0.717736 0.713770 0.712682
  134     0.737302 0.735578 0.732390 0.727764 0.723602 0.719320 0.717351
  135     0.739202 0.735819 0.732528 0.729553 0.730496 0.723616 0.723628
  136     0.738486 0.736995 0.733975 0.727758 0.725635 0.718508 0.719742
  137     0.736777 0.734058 0.727148 0.726202 0.719716 0.717219 0.717713
  138     0.735579 0.731517 0.724740 0.723124 0.720292 0.721854 0.713979
  139     0.734090 0.735376 0.728649 0.723602 0.725965 0.718884 0.719142
  140     0.732480 0.731210 0.729151 0.722524 0.718512 0.716325 0.715057
  141     0.729132 0.727851 0.726964 0.717478 0.712620 0.715116 0.714011
  142     0.730344 0.730902 0.722668 0.721304 0.716640 0.712418 0.718506
  143     0.731831 0.729496 0.723151 0.718663 0.716390 0.713061 0.716139
  144     0.735633 0.734321 0.727386 0.724707 0.720358 0.714534 0.717050
  145     0.731729 0.727407 0.728936 0.722703 0.718826 0.716048 0.715702
  146     0.732356 0.733459 0.725009 0.722049 0.722370 0.715482 0.713628
  147     0.730909 0.731072 0.726430 0.716181 0.718299 0.717379 0.716325
  148     0.731022 0.731070 0.723162 0.716576 0.714643 0.711192 0.716142
  149     0.732242 0.732346 0.727070 0.724648 0.722661 0.716781 0.716005
  150     0.729611 0.727516 0.726886 0.719935 0.718296 0.714343 0.715873
  151     0.730229 0.727319 0.725461 0.718953 0.715934 0.709142 0.712943
  152     0.727518 0.721754 0.722855 0.716272 0.718629 0.707702 0.713548
  153     0.728151 0.729334 0.723938 0.723072 0.718694 0.710480 0.716237
  154     0.733674 0.727346 0.725466 0.719013 0.718621 0.715954 0.719288
  155     0.734187 0.734251 0.731555 0.726156 0.716167 0.712610 0.720844
  156     0.732419 0.730224 0.729729 0.725743 0.717016 0.715679 0.717901
  157     0.730472 0.735541 0.729883 0.723731 0.719347 0.714555 0.713726
  158     0.733343 0.730854 0.727505 0.723658 0.716561 0.717247 0.720933
  159     0.734905 0.734986 0.729783 0.727852 0.721593 0.718997 0.720317
  160     0.733670 0.733894 0.731563 0.719164 0.721169 0.714139 0.717577
  161     0.728957 0.723093 0.720909 0.713932 0.715503 0.712562 0.707315
  162     0.716883 0.717830 0.716196 0.716554 0.712384 0.711759 0.712537
  163     0.736552 0.730116 0.728532 0.724790 0.722463 0.713626 0.709842
  164     0.738245 0.729674 0.731522 0.731156 0.719199 0.720267 0.721411
  165     0.736561 0.729148 0.726742 0.734591 0.720620 0.716548 0.716601
  166     0.732363 0.736720 0.724769 0.720137 0.718720 0.718208 0.723542
  167     0.726622 0.723451 0.725538 0.727386 0.722510 0.709049 0.708571
  168     0.731416 0.732086 0.725443 0.724193 0.719213 0.715082 0.728392
  169     0.731285 0.735352 0.727417 0.730015 0.726164 0.709747 0.711001
  170     0.736105 0.728357 0.733939 0.725737 0.719442 0.721819 0.718619
  171     0.735021 0.730539 0.711442 0.719130 0.725381 0.708822 0.722278
  172     0.724032 0.721332 0.726458 0.708940 0.709108 0.721010 0.705307
  173     0.727474 0.732204 0.730799 0.721334 0.716851 0.710821 0.726192
  174     0.728864 0.735551 0.725854 0.730203 0.725034 0.716753 0.724381
  175     0.745622 0.731846 0.737535 0.725228 0.736562 0.718740 0.729650
  176     0.728591 0.734505 0.728259 0.726062 0.726904 0.723157 0.718291
  177     0.739213 0.734818 0.731865 0.721593 0.717868 0.720980 0.732026
  178     0.724170 0.729696 0.732970 0.727367 0.720834 0.707453 0.716533
  179     0.724885 0.742076 0.740067 0.724254 0.726852 0.715952 0.727243
  180     0.734161 0.731492 0.732823 0.733195 0.731611 0.711922 0.712936
  181     0.722937 0.729934 0.725438 0.730893 0.716485 0.697008 0.711964
  182     0.726286 0.727820 0.724664 0.726575 0.709254 0.700385 0.729309
  183     0.742889 0.731376 0.737549 0.718962 0.747257 0.711514 0.710410
  184     0.731135-2.467294********* 2.822134****************** 2.793142
  185     0.733849 0.745234 0.745842 0.725346 0.718957 0.712509 0.718744
  186     0.739045 0.731262 0.725457 0.732557 0.719166 0.711066 0.731735
  187     0.73063113.611748 0.042120 0.713914 0.724787 0.735711 0.718870
  188     0.743052 0.739196 0.720982 0.725975 0.724052 0.715857 0.734261
  189     0.739450 0.716922 0.731327 0.706822 0.716494 0.719665 0.720335
  190     0.726852 0.738746 0.732950 0.718392 0.725815 0.708693 0.736026
  191     0.739504 0.737498********* 0.724933 0.728921 0.726149 0.740621
  192     0.729242 0.728749 0.728913 0.714053 0.716315 0.730493 0.735671
  193     0.734622 0.732861 0.723687 0.724548 0.707428 0.713867 0.746868
  194     0.732340 0.727559 0.729192 0.725370 0.715857 0.716512 0.711070
  195     0.725758 0.732829 0.738493 0.722073 0.726091 0.704382 0.739792
  196     0.706876 0.734415 0.742004 0.737068 0.727500 0.717378 0.742174
  197     0.734908 0.719609 0.727654 0.722541 0.728278 0.747194 0.723129
  198     0.734819 0.744141 0.746327 0.711266 0.700783 0.697525 0.713375
  199     0.736128 0.729867 0.726302 0.735284 0.730893 0.732963 0.740798
  200     0.736168 0.726715 0.732567 0.727055 0.732373 0.718884 0.721630
  201     0.746353 0.730422 0.734289 0.733892 0.719585 0.710032 0.739448
  202     0.743629 0.739049 0.733639 0.729531 0.727098 0.716875 0.762671
  203     0.737223 0.724631 0.733208 0.724137 0.732241 0.724437 0.739578
  204     0.732530 0.727217 0.741737 0.733278 0.718970 0.715662 0.742350
  205     0.737211 0.735376 0.726635 0.731529 0.728103 0.724957 0.734881
  206     0.739959 0.732265 0.734366 0.728589 0.728486 0.719013 0.731549
  207     0.738918 0.739614 0.733596 0.734951 0.722713 0.723650 0.730053
  208     0.739357 0.738094 0.735560 0.727052 0.729420 0.721902 0.731556
  209     0.739199 0.738719 0.738768 0.730830 0.726773 0.722449 0.728980
  210     0.744526 0.741862 0.741205 0.731988 0.726335 0.722990 0.719798
  211     0.737034 0.735305 0.737252 0.731562 0.724119 0.722088 0.722011
  212     0.741185 0.735992 0.738622 0.730956 0.727430 0.724654 0.723186
