   1.302   0.172  18.800
   1.312   0.165  19.333
   1.330   0.161  19.883
   1.318   0.141  20.417
   1.326   0.153  20.967
   1.330   0.163  21.500
   1.332   0.165  22.050
   1.322   0.185  22.583
   1.348   0.163  23.117
   1.356   0.188  23.667
   1.333   0.163  24.200
   1.344   0.188  24.733
   1.340   0.199  25.267
   1.345   0.219  25.817
   1.325   0.185  26.350
   1.338   0.194  26.883
   1.363   0.232  27.433
   1.362   0.221  27.967
   1.331   0.219  28.500
   1.360   0.233  29.050
   1.350   0.208  29.583
   1.345   0.208  29.700
   1.337   0.187
