MRH 20150603
    24.13    70.65   117.15   163.67   210.15   256.67   303.16
    46.52    46.50    46.52    46.48    46.52    46.48    46.48
     0.83771235     0.56743026     0.36908528     0.22178695     0.12519614     0.06158771     0.02660512     0.00765459    -0.00234548    -0.00460837    -0.00599330    -0.00612693    -0.00461244    -0.00301130    -0.00254133    -0.00171424    -0.00024467     0.00006391
    -0.01919146    -0.02676371    -0.03329281    -0.04032519    -0.04191083    -0.03963725    -0.03605264    -0.02865529    -0.02201378    -0.01540502    -0.00859904    -0.00575277    -0.00252928    -0.00204233    -0.00061262    -0.00077311    -0.00057535     0.00119303
     1.00000000     0.67792290     0.44226778     0.26898804     0.15763505     0.08752841     0.05374159     0.03564026     0.02667477     0.01952237     0.01291538     0.01086633     0.00729504     0.00517338     0.00405446     0.00317924     0.00314475     0.00312182
     0.83164358     0.54857379     0.34604135     0.20200661     0.11002202     0.05795699     0.02837188     0.01007531     0.00637133     0.00288475     0.00023230     0.00074876     0.00094779     0.00011559     0.00055574     0.00177430    -0.00014138     0.00043951
     0.04238173     0.05127657     0.03708017     0.01874401    -0.00277738    -0.01573112    -0.01813869    -0.01925569    -0.01706039    -0.01042596    -0.00666636    -0.00531199     0.00023910     0.00106957     0.00028968     0.00041343     0.00144013    -0.00020956
     1.00000000     0.66164136     0.41800916     0.24379422     0.13225588     0.07232731     0.04096141     0.02687701     0.02210776     0.01502199     0.00937266     0.00691945     0.00503763     0.00403263     0.00455133     0.00394175     0.00433564     0.00375148
     0.83732504     0.54041320     0.32300231     0.17515317     0.08417083     0.03259384     0.00727185    -0.00336477    -0.00566267    -0.00568587    -0.00444225    -0.00260287    -0.00136044     0.00015568    -0.00055851    -0.00007990    -0.00228292    -0.00379669
    -0.00265934    -0.01028704    -0.02058916    -0.02631286    -0.02980477    -0.02616669    -0.02235906    -0.01451795    -0.00916852    -0.00409375    -0.00108584     0.00112963     0.00237354     0.00294978     0.00321480     0.00244923     0.00297396     0.00142515
     1.00000000     0.64686501     0.38875136     0.21386515     0.10882405     0.05170308     0.02950098     0.01929227     0.01414981     0.00935586     0.00708625     0.00529820     0.00444806     0.00522095     0.00522050     0.00435492     0.00534065     0.00619870
     0.82783365     0.52377516     0.30564037     0.16135859     0.07546390     0.03165370     0.00826457     0.00013135    -0.00049509    -0.00134042    -0.00000471     0.00215503     0.00160897     0.00218689     0.00219049     0.00223135     0.00296080     0.00418393
     0.04229472     0.04773272     0.02888871     0.00935941    -0.00366856    -0.01208789    -0.01357457    -0.00884944    -0.00551139    -0.00314064    -0.00074987     0.00009131     0.00139101     0.00045368    -0.00044249    -0.00075761    -0.00175736    -0.00211191
     1.00000000     0.63448185     0.37037072     0.19499786     0.09128430     0.04102064     0.01950825     0.01141679     0.00818890     0.00525966     0.00389989     0.00473067     0.00488428     0.00444032     0.00377739     0.00487627     0.00530826     0.00607985
     0.82489729     0.50640202     0.28195000     0.14167354     0.05844032     0.01698996    -0.00017630    -0.00397437    -0.00253171    -0.00236181    -0.00050440     0.00044732     0.00111560     0.00050400    -0.00069861    -0.00035477     0.00060522    -0.00049606
     0.01611551     0.01215045     0.00291419    -0.00772680    -0.01447592    -0.01492884    -0.01031025    -0.00651904    -0.00437757    -0.00431784    -0.00112748    -0.00023211    -0.00266011    -0.00197816    -0.00221519     0.00005440    -0.00106195    -0.00098201
     1.00000000     0.61715329     0.34770504     0.17748769     0.07611892     0.03005020     0.01516285     0.01274831     0.00932516     0.00712184     0.00475291     0.00443679     0.00466945     0.00447009     0.00551518     0.00418927     0.00444790     0.00435003
     0.82157189     0.49078837     0.26111645     0.12355062     0.04712210     0.01140284    -0.00285127    -0.00467802    -0.00412367    -0.00384322    -0.00409849     0.00003090     0.00135456     0.00339846     0.00396464     0.00524721     0.00694481     0.00545344
     0.04572016     0.03907624     0.02194026     0.00562326    -0.00018406    -0.00442951    -0.00555196    -0.00518049    -0.00102720     0.00138735     0.00151723     0.00236777     0.00342405     0.00488603     0.00201130     0.00096907     0.00019724     0.00026487
     1.00000000     0.59818655     0.31861874     0.15076855     0.05753146     0.01689140     0.00933433     0.00966715     0.00775633     0.00702704     0.00730745     0.00591168     0.00637095     0.00799900     0.00745493     0.00830027     0.00942672     0.00886715
     0.81658316     0.47787103     0.24385253     0.10282794     0.02997012     0.00248070    -0.00640585    -0.00683289    -0.00378191    -0.00142763    -0.00132858     0.00012116     0.00010931     0.00041231     0.00048116    -0.00026547    -0.00010647     0.00390631
    -0.00842836    -0.01731954    -0.01923509    -0.01585398    -0.00944344    -0.00566279    -0.00436853    -0.00270801    -0.00138714    -0.00029821     0.00052707     0.00255559     0.00031780    -0.00104177    -0.00216751    -0.00304143    -0.00625438    -0.00383194
     1.00000000     0.58684409     0.30121100     0.12910289     0.03943034     0.01014113     0.01077788     0.00972055     0.00629680     0.00433495     0.00473761     0.00492040     0.00417578     0.00371661     0.00494501     0.00511629     0.00919259     0.00908423
   1.337   0.187  400    2    0    0    0  0.000 18.000
