                 MRH
    3    6 2015
      18.25       NaN       NaN       NaN       NaN    946.10      7.51    630.0   1800
      18.75     -0.07      1.17       NaN       NaN    875.18     10.43    630.0   1800
      19.25     28.09      3.70       NaN       NaN    903.58     14.84    630.0   1800
      19.75     47.68      4.25       NaN       NaN    753.46      7.98    630.0   1800
      20.25     65.50      6.44       NaN       NaN    887.20     15.48    630.0   1800
      20.75     55.57      6.50       NaN       NaN    888.28     17.48    630.0   1800
      21.25     84.13      5.72       NaN       NaN    843.42     18.54    630.0   1800
      21.75     79.93      7.48       NaN       NaN    815.28     17.74    630.0   1800
      22.25     52.34     11.62       NaN       NaN    814.88     24.82    630.0   1800
      22.75     74.34      6.28       NaN       NaN    800.37     24.78    630.0   1800
      23.25     90.69      8.04       NaN       NaN    783.24     23.48    630.0   1800
      23.75     81.77      8.62       NaN       NaN    749.49     34.37    630.0   1800
      24.25     69.02      8.65       NaN       NaN    667.37     53.95    630.0   1800
      24.75       NaN       NaN       NaN       NaN    537.78    139.97    630.0   1800
      25.25     19.72     40.46       NaN       NaN    560.17    104.86    630.0   1800
      25.75     48.34     67.89       NaN       NaN    519.12    147.72    630.0   1800
      26.25     89.91     82.35       NaN       NaN    430.03    241.98    630.0   1800
      26.75    -28.65     87.10       NaN       NaN    506.82    200.23    630.0   1800
      27.25     74.83     89.13       NaN       NaN    540.07    235.46    630.0   1800
      27.75      3.98     79.92       NaN       NaN    428.90    173.61    630.0   1800
      28.25    138.33    101.57       NaN       NaN    483.75    206.81    630.0   1800
      28.75     42.26    114.46       NaN       NaN    576.37    288.50    630.0   1800
      29.25     -1.67     40.65       NaN       NaN    412.81    101.62    630.0   1800
