                 MRH
    3    6 2015
    18.4338        NaN        NaN        NaN        NaN     946.10       7.51  102.5    0.0  630.0  180.0
    18.9762        NaN        NaN        NaN        NaN     892.37      20.10  102.5    0.0  630.0  180.0
    19.5179        NaN        NaN        NaN        NaN     781.74      10.44  102.5    0.0  630.0  180.0
    20.0590        NaN        NaN        NaN        NaN     824.28      18.27  102.5    0.0  630.0  180.0
    20.6008        NaN        NaN        NaN        NaN     903.93      25.73  102.5    0.0  630.0  180.0
    21.1439        NaN        NaN        NaN        NaN     809.37      30.68  102.5    0.0  630.0  180.0
    21.6824        NaN        NaN        NaN        NaN     818.96      23.69  102.5    0.0  630.0  180.0
    22.2211        NaN        NaN        NaN        NaN     831.29      28.08  102.5    0.0  630.0  180.0
    22.7596        NaN        NaN        NaN        NaN     802.97      44.65  102.5    0.0  630.0  180.0
    23.2982        NaN        NaN        NaN        NaN     773.31      37.74  102.5    0.0  630.0  180.0
    23.8368        NaN        NaN        NaN        NaN     729.88      62.11  102.5    0.0  630.0  180.0
    24.3755        NaN        NaN        NaN        NaN     517.82     103.45  102.5    0.0  630.0  180.0
    24.9143        NaN        NaN        NaN        NaN     537.78     139.97  102.5    0.0  630.0  180.0
    25.4530        NaN        NaN        NaN        NaN     560.95     172.42  102.5    0.0  630.0  180.0
    25.9918        NaN        NaN        NaN        NaN     508.99     215.87  102.5    0.0  630.0  180.0
    26.5304        NaN        NaN        NaN        NaN     572.22     311.45  102.5    0.0  630.0  180.0
    27.0693        NaN        NaN        NaN        NaN     376.67     200.22  102.5    0.0  630.0  180.0
    27.6080        NaN        NaN        NaN        NaN     495.79     262.43  102.5    0.0  630.0  180.0
    28.1464        NaN        NaN        NaN        NaN     303.85     172.86  102.5    0.0  630.0  180.0
    28.6850        NaN        NaN        NaN        NaN     821.85     458.53  102.5    0.0  630.0  180.0
    29.2234        NaN        NaN        NaN        NaN     367.12     171.38  102.5    0.0  630.0  180.0
    18.5400      -0.07       1.17        NaN        NaN     858.00       5.57   90.0  -45.0  630.0  180.0
    19.0821      28.09       3.70        NaN        NaN     903.58      14.84   90.0  -45.0  630.0  180.0
    19.6237      47.68       4.25        NaN        NaN     725.18      12.08   90.0  -45.0  630.0  180.0
    20.1651      65.50       6.44        NaN        NaN     950.13      25.00   90.0  -45.0  630.0  180.0
    20.7067      55.57       6.50        NaN        NaN     872.64      23.68   90.0  -45.0  630.0  180.0
    21.2493      84.13       5.72        NaN        NaN     877.47      20.82   90.0  -45.0  630.0  180.0
    21.7877      79.93       7.48        NaN        NaN     811.60      26.41   90.0  -45.0  630.0  180.0
    22.3264      52.34      11.62        NaN        NaN     798.48      40.94   90.0  -45.0  630.0  180.0
    22.8649      74.34       6.28        NaN        NaN     797.77      21.50   90.0  -45.0  630.0  180.0
    23.4035      90.69       8.04        NaN        NaN     793.18      27.94   90.0  -45.0  630.0  180.0
    23.9423      81.77       8.62        NaN        NaN     769.09      29.44   90.0  -45.0  630.0  180.0
    24.4809      69.02       8.65        NaN        NaN     816.91      30.69   90.0  -45.0  630.0  180.0
    25.0197      19.72      40.46        NaN        NaN     559.38     119.38   90.0  -45.0  630.0  180.0
    25.5584      48.34      67.89        NaN        NaN     529.25     201.69   90.0  -45.0  630.0  180.0
    26.0971      89.91      82.35        NaN        NaN     430.03     241.98   90.0  -45.0  630.0  180.0
    26.6357     -28.65      87.10        NaN        NaN     441.41     251.72   90.0  -45.0  630.0  180.0
    27.1746      74.83      89.13        NaN        NaN     703.48     426.23   90.0  -45.0  630.0  180.0
    27.7132       3.98      79.92        NaN        NaN     362.00     227.36   90.0  -45.0  630.0  180.0
    28.2517     138.33     101.57        NaN        NaN     663.66     375.76   90.0  -45.0  630.0  180.0
    28.7902      42.26     114.46        NaN        NaN     330.90     350.26   90.0  -45.0  630.0  180.0
    29.3286      -1.67      40.65        NaN        NaN     458.50     109.25   90.0  -45.0  630.0  180.0
