                 MRH
    3    6 2015
    18.4338      28.55       1.04     946.10       7.51    1656.04       5.91  102.5    0.0  630.0  180.0
    18.9762      27.65       3.43     892.37      20.10     810.57       8.50  102.5    0.0  630.0  180.0
    19.5179      22.33       2.87     781.74      10.44     621.47       2.52  102.5    0.0  630.0  180.0
    20.0590      34.04       3.95     824.28      18.27     822.04       6.57  102.5    0.0  630.0  180.0
    20.6008      21.15       4.95     903.93      25.73     973.65      11.02  102.5    0.0  630.0  180.0
    21.1439      20.07       6.25     809.37      30.68     988.77      14.48  102.5    0.0  630.0  180.0
    21.6824      27.48       4.86     818.96      23.69    1132.42      12.54  102.5    0.0  630.0  180.0
    22.2211      20.94       5.62     831.29      28.08    1143.96      15.06  102.5    0.0  630.0  180.0
    22.7596      18.66       8.98     802.97      44.65     989.37      21.34  102.5    0.0  630.0  180.0
    23.2982      23.29       7.83     773.31      37.74     924.32      17.21  102.5    0.0  630.0  180.0
    23.8368      17.70      13.27     729.88      62.11     903.37      28.58  102.5    0.0  630.0  180.0
    24.3755     -10.60      26.36     517.82     103.45     562.79      35.04  102.5    0.0  630.0  180.0
    24.9143     -24.63      34.17     537.78     139.97     398.58      33.51  102.5    0.0  630.0  180.0
    25.4530      17.47      42.52     560.95     172.42     233.98      23.54  102.5    0.0  630.0  180.0
    25.9918     109.78      31.73     508.99     215.87     122.35      14.84  102.5    0.0  630.0  180.0
    26.5304     -38.88      46.82     572.22     311.45     136.17      17.79  102.5    0.0  630.0  180.0
    27.0693      18.65      46.45     376.67     200.22     128.38      15.55  102.5    0.0  630.0  180.0
    27.6080      48.39      53.49     495.79     262.43     100.49      12.54  102.5    0.0  630.0  180.0
    28.1464     -35.40      57.89     303.85     172.86     104.65      13.98  102.5    0.0  630.0  180.0
    28.6850     131.69      52.86     821.85     458.53      91.53      16.09  102.5    0.0  630.0  180.0
    29.2234     -67.07      28.76     367.12     171.38      90.26       9.21  102.5    0.0  630.0  180.0
    18.3276     100.06       3.13     915.20      15.55    3086.06      21.08   12.7  -50.2  630.0  180.0
    18.8170     108.61       0.89     924.84       7.00    1762.99       5.98   12.7  -50.2  630.0  180.0
    19.3587      82.57       1.29     730.45       6.53    1377.76       4.10   12.7  -50.2  630.0  180.0
    19.9001      79.71       2.66     856.67      12.17    1577.65       8.12   12.7  -50.2  630.0  180.0
    20.4416      50.06       1.81     769.82       6.00    1651.53       3.78   12.7  -50.2  630.0  180.0
    20.9849      36.98       4.04     824.27      19.57    1536.49      13.96   12.7  -50.2  630.0  180.0
    21.5241      34.57       4.78     893.22      25.12    1506.73      17.13   12.7  -50.2  630.0  180.0
    22.0627      18.86       5.08     836.72      25.48    1345.08      15.96   12.7  -50.2  630.0  180.0
    22.6012       5.31       7.70     760.90      37.01    1081.45      19.82   12.7  -50.2  630.0  180.0
    23.1398      17.16       6.39     763.59      30.53    1188.78      17.80   12.7  -50.2  630.0  180.0
    23.6785       8.69       6.96     751.35      32.89    1127.86      18.47   12.7  -50.2  630.0  180.0
    24.2172      10.30       8.01     786.98      39.27     914.92      17.54   12.7  -50.2  630.0  180.0
    24.7559       7.04      21.10     681.55      96.51     528.35      27.15   12.7  -50.2  630.0  180.0
    25.2947     -19.23      40.98     442.84     158.04     221.11      22.31   12.7  -50.2  630.0  180.0
    25.8335     -83.81      55.27     495.66     250.06     116.79      15.43   12.7  -50.2  630.0  180.0
    26.3720      -7.26      56.23     546.15     243.40     129.72      18.20   12.7  -50.2  630.0  180.0
    26.9108      13.80      59.37     407.67     270.19     122.49      18.68   12.7  -50.2  630.0  180.0
    27.4497     -28.90      67.20     576.54     324.99     103.73      16.12   12.7  -50.2  630.0  180.0
    27.9881     -54.44      75.32     415.50     267.68      95.21      16.69   12.7  -50.2  630.0  180.0
    28.5266      27.12      49.67     295.83     174.79      76.04       9.36   12.7  -50.2  630.0  180.0
    29.0651     -29.62     104.44     279.57     358.82      57.84      15.80   12.7  -50.2  630.0  180.0
    29.6036       0.77      10.52     705.19      48.13     545.11      13.54   12.7  -50.2  630.0  180.0
    18.3807      75.41       2.78     999.14      14.39    1825.99      10.47  102.5   50.2  630.0  180.0
    18.9231      95.18       3.02     856.36      17.18     935.39       8.60  102.5   50.2  630.0  180.0
    19.4653      91.70       2.91     904.36      11.57     748.57       2.96  102.5   50.2  630.0  180.0
    20.0062     123.15       6.63     804.13      31.58     844.92      12.63  102.5   50.2  630.0  180.0
    20.5479     108.34       9.59     783.35      46.10    1017.01      22.86  102.5   50.2  630.0  180.0
    21.0911     106.94      16.08     654.53      69.84     931.98      34.96  102.5   50.2  630.0  180.0
    21.6298     100.71      35.53     301.31     121.25     606.91      51.44  102.5   50.2  630.0  180.0
    22.1685      64.75      20.53     617.86      88.46     805.42      39.54  102.5   50.2  630.0  180.0
    22.7070      90.85      15.57     728.82      72.10     880.95      32.48  102.5   50.2  630.0  180.0
    23.2456     103.36      18.51     619.48      79.29     781.00      34.14  102.5   50.2  630.0  180.0
    23.7843      99.26      13.06     734.52      60.79     890.54      27.55  102.5   50.2  630.0  180.0
    24.3230      66.61      16.67     728.74      78.41     666.46      26.64  102.5   50.2  630.0  180.0
    24.8617       0.71      29.32     723.96     139.50     372.15      27.05  102.5   50.2  630.0  180.0
    25.4005     -11.05      45.94     464.95     189.23     196.34      22.08  102.5   50.2  630.0  180.0
    25.9393     -74.82      69.03     532.50     289.97      94.27      15.51  102.5   50.2  630.0  180.0
    26.4778     -23.00      62.90     403.26     229.00      98.91      15.49  102.5   50.2  630.0  180.0
    27.0166     -89.54      28.71     454.95     376.26      82.03      11.74  102.5   50.2  630.0  180.0
    27.5554      15.57      74.81     303.62     260.29      94.20      18.30  102.5   50.2  630.0  180.0
    28.0938     -68.39      86.60     531.79     468.42      64.68      13.82  102.5   50.2  630.0  180.0
    28.6324     215.29      31.26     479.80     326.60      56.64       8.46  102.5   50.2  630.0  180.0
    29.1708      17.89      91.39     307.49     346.26      49.72      12.12  102.5   50.2  630.0  180.0
    18.4871      47.07       0.89     839.06       5.53    2318.84       6.04   44.9  -45.0  630.0  180.0
    19.0293      47.04       1.15    1079.68      10.06    1435.66       6.53   44.9  -45.0  630.0  180.0
    19.5709      42.98       2.05     834.63       7.29    1286.86       3.32   44.9  -45.0  630.0  180.0
    20.1123      23.92       3.19     898.79      15.95    1454.58       9.83   44.9  -45.0  630.0  180.0
    20.6541      -1.24       3.45     919.19      17.82    1564.10      12.06   44.9  -45.0  630.0  180.0
    21.1967     -12.33       4.91     896.67      26.05    1419.07      16.75   44.9  -45.0  630.0  180.0
    21.7351     -26.45       4.54     862.82      23.37    1593.38      17.11   44.9  -45.0  630.0  180.0
    22.2738     -16.64       6.31     831.89      31.91    1158.05      17.52   44.9  -45.0  630.0  180.0
    22.8123     -28.94       7.82     797.68      38.92    1170.45      22.07   44.9  -45.0  630.0  180.0
    23.3509     -37.02       5.99     792.60      29.46    1316.21      18.72   44.9  -45.0  630.0  180.0
    23.8896     -36.45       7.55     762.00      36.26    1089.55      19.64   44.9  -45.0  630.0  180.0
    24.4284     -27.30      10.19     814.85      51.51     912.21      22.75   44.9  -45.0  630.0  180.0
    24.9671      19.29      28.38     668.32     129.90     388.80      26.97   44.9  -45.0  630.0  180.0
    25.5058      -4.89      47.44     442.06     188.11     165.27      19.95   44.9  -45.0  630.0  180.0
    26.0445      22.35      68.69     315.89     259.42      99.18      17.33   44.9  -45.0  630.0  180.0
    26.5832      16.52      57.27     412.44     236.12     108.00      14.37   44.9  -45.0  630.0  180.0
    27.1222     -52.03      62.79     442.59     249.41     112.94      18.61   44.9  -45.0  630.0  180.0
    27.6607     -94.50      48.10     482.65     309.30      79.82      12.93   44.9  -45.0  630.0  180.0
    28.1991      21.71      72.87     675.05     414.85      83.28      13.71   44.9  -45.0  630.0  180.0
    28.7377     -18.96      84.51     447.09     350.07      59.88      11.98   44.9  -45.0  630.0  180.0
    29.2761      25.89      61.25     369.02     211.38     102.91      14.85   44.9  -45.0  630.0  180.0
    18.5400       0.05       0.82     858.00       5.57    2267.31       6.25   90.0  -45.0  630.0  180.0
    19.0821     -19.87       2.62     903.58      14.84    1088.67       9.00   90.0  -45.0  630.0  180.0
    19.6237     -33.72       3.01     725.18      12.08     912.67       4.93   90.0  -45.0  630.0  180.0
    20.1651     -46.31       4.55     950.13      25.00    1157.34      12.51   90.0  -45.0  630.0  180.0
    20.7067     -39.30       4.60     872.64      23.68    1186.84      12.66   90.0  -45.0  630.0  180.0
    21.2493     -59.49       4.04     877.47      20.82    1288.02      11.92   90.0  -45.0  630.0  180.0
    21.7877     -56.52       5.29     811.60      26.41    1439.18      18.21   90.0  -45.0  630.0  180.0
    22.3264     -37.01       8.22     798.48      40.94    1057.37      21.20   90.0  -45.0  630.0  180.0
    22.8649     -52.57       4.44     797.77      21.50    1296.48      13.09   90.0  -45.0  630.0  180.0
    23.4035     -64.13       5.68     793.18      27.94    1360.73      18.38   90.0  -45.0  630.0  180.0
    23.9423     -57.82       6.10     769.09      29.44    1208.53      17.37   90.0  -45.0  630.0  180.0
    24.4809     -48.81       6.12     816.91      30.69    1020.70      14.92   90.0  -45.0  630.0  180.0
    25.0197     -13.95      28.61     559.38     119.38     335.64      23.43   90.0  -45.0  630.0  180.0
    25.5584     -34.18      48.00     529.25     201.69     181.56      22.00   90.0  -45.0  630.0  180.0
    26.0971     -63.58      58.23     430.03     241.98     111.85      15.40   90.0  -45.0  630.0  180.0
    26.6357      20.26      61.59     441.41     251.72     120.29      19.44   90.0  -45.0  630.0  180.0
    27.1746     -52.91      63.02     703.48     426.23      97.70      14.49   90.0  -45.0  630.0  180.0
    27.7132      -2.81      56.51     362.00     227.36      86.39      12.16   90.0  -45.0  630.0  180.0
    28.2517     -97.82      71.82     663.66     375.76     119.74      25.02   90.0  -45.0  630.0  180.0
    28.7902     -29.88      80.94     330.90     350.26      56.80      10.15   90.0  -45.0  630.0  180.0
    29.3286       1.18      28.75     458.50     109.25     135.95       9.27   90.0  -45.0  630.0  180.0
    18.5931     -27.28       0.94     973.41       7.32    1867.36       6.45  134.9  -45.0  630.0  180.0
    18.6459     -49.17       1.04     966.47       7.83    1644.87       6.15  134.9  -45.0  630.0  180.0
    18.6987     -61.78       0.94    1120.57      10.51    1575.24       7.51  134.9  -45.0  630.0  180.0
    18.7510     -86.97       1.83     967.85      14.05    1390.49      11.16  134.9  -45.0  630.0  180.0
    19.1350     -65.09       3.42     969.65      22.08     833.42       9.58  134.9  -45.0  630.0  180.0
    19.1875     -64.75       1.20     981.18      13.40     714.46       4.54  134.9  -45.0  630.0  180.0
    19.2401     -47.21       1.19     902.23      12.11     654.05       3.90  134.9  -45.0  630.0  180.0
    19.2926     -50.24       3.47     980.38      22.75     765.54       9.03  134.9  -45.0  630.0  180.0
    19.6768     -68.09       1.52     644.18       9.41     506.41       2.73  134.9  -45.0  630.0  180.0
    19.7292     -71.53       5.01     769.53      23.21     650.45       7.09  134.9  -45.0  630.0  180.0
    19.7817     -48.30       1.57     881.94      13.27     594.35       3.90  134.9  -45.0  630.0  180.0
    19.8341     -66.66       3.92     751.44      16.96     621.80       4.73  134.9  -45.0  630.0  180.0
    20.2179     -64.43       4.50     882.35      23.03     862.78       8.72  134.9  -45.0  630.0  180.0
    20.2702     -62.18       4.22     746.92      18.92     797.98       6.99  134.9  -45.0  630.0  180.0
    20.3229     -64.37       5.76     912.91      31.06     852.37      11.83  134.9  -45.0  630.0  180.0
    20.3752     -67.07       5.35     899.38      28.41     868.88      11.05  134.9  -45.0  630.0  180.0
    20.7593     -73.61       3.67     804.96      19.85     866.24       9.42  134.9  -45.0  630.0  180.0
    20.8118     -71.16       4.19     882.03      21.45     975.56       9.12  134.9  -45.0  630.0  180.0
    20.8644     -63.89       4.96     903.85      26.52     983.32      11.63  134.9  -45.0  630.0  180.0
    20.9173     -73.95       4.46     902.89      23.65    1039.21      10.77  134.9  -45.0  630.0  180.0
    21.3018     -69.42       3.74     836.39      18.21    1132.34       9.15  134.9  -45.0  630.0  180.0
    21.3541     -71.52       6.12     879.22      32.57    1105.66      16.51  134.9  -45.0  630.0  180.0
    21.4063     -62.26       5.87     855.07      30.47    1115.81      15.82  134.9  -45.0  630.0  180.0
    21.4586     -66.29       2.76     725.51      11.43    1118.91       5.79  134.9  -45.0  630.0  180.0
    21.8403     -55.47       3.04     833.05      14.50    1396.68       8.87  134.9  -45.0  630.0  180.0
    21.8926     -55.24       5.05     876.13      26.61    1351.37      16.48  134.9  -45.0  630.0  180.0
    21.9448     -48.58       5.54     872.88      29.13    1313.36      17.67  134.9  -45.0  630.0  180.0
    21.9970     -40.94       6.28     816.78      31.54    1241.04      18.79  134.9  -45.0  630.0  180.0
    22.3789     -20.56       7.02     847.05      36.21    1038.37      17.69  134.9  -45.0  630.0  180.0
    22.4312     -31.96       7.36     800.72      36.68    1061.72      18.88  134.9  -45.0  630.0  180.0
    22.4834     -40.51       7.34     803.80      36.70    1107.28      19.72  134.9  -45.0  630.0  180.0
    22.5357     -37.73       5.31     805.79      26.27    1176.88      14.59  134.9  -45.0  630.0  180.0
    22.9175     -45.69       6.21     798.97      30.74    1246.47      18.45  134.9  -45.0  630.0  180.0
    22.9698     -44.42       6.22     787.00      30.44    1250.07      18.50  134.9  -45.0  630.0  180.0
    23.0220     -44.70       3.84     825.95      18.79    1376.27      11.91  134.9  -45.0  630.0  180.0
    23.0742     -40.14       6.17     778.23      29.90    1230.10      18.01  134.9  -45.0  630.0  180.0
    23.4561     -56.80       4.28     804.45      20.83    1284.22      12.63  134.9  -45.0  630.0  180.0
    23.5083     -58.91       6.17     807.44      30.80    1213.86      17.99  134.9  -45.0  630.0  180.0
    23.5608     -47.60       5.03     807.70      24.91    1296.04      15.34  134.9  -45.0  630.0  180.0
    23.6128     -48.35       5.54     839.06      28.40    1298.66      17.26  134.9  -45.0  630.0  180.0
    23.9948     -27.61       6.97     750.16      33.05    1135.90      18.70  134.9  -45.0  630.0  180.0
    24.0471     -33.69       7.36     741.22      34.75    1074.47      18.68  134.9  -45.0  630.0  180.0
    24.0994     -39.28       6.00     802.23      29.72    1165.59      16.67  134.9  -45.0  630.0  180.0
    24.1516     -36.06       7.13     775.79      34.70    1105.68      18.79  134.9  -45.0  630.0  180.0
    24.5335     -30.78       8.28     770.10      40.21     913.94      18.12  134.9  -45.0  630.0  180.0
    24.5858     -34.96       9.01     763.95      43.47     858.99      18.55  134.9  -45.0  630.0  180.0
    24.6380     -18.23      12.40     728.59      58.23     760.61      22.68  134.9  -45.0  630.0  180.0
    24.6902     -18.93      14.78     764.65      72.15     677.58      24.32  134.9  -45.0  630.0  180.0
    25.0725      -4.17      30.19     641.37     136.52     345.19      25.78  134.9  -45.0  630.0  180.0
    25.1245       6.27      34.65     536.12     144.74     287.18      24.76  134.9  -45.0  630.0  180.0
    25.1767      -1.29      35.41     482.23     151.59     281.32      24.34  134.9  -45.0  630.0  180.0
    25.2290      50.16      37.17     563.20     164.25     226.31      19.83  134.9  -45.0  630.0  180.0
    25.6110     -32.14      50.17     724.38     252.06     186.65      24.49  134.9  -45.0  630.0  180.0
    25.6632     -69.42      50.10     532.04     209.08     189.96      23.60  134.9  -45.0  630.0  180.0
    25.7155      17.27      54.36     589.59     234.74     166.47      22.13  134.9  -45.0  630.0  180.0
    25.7678     -60.00      49.37     296.55     175.41     158.57      20.14  134.9  -45.0  630.0  180.0
    26.1496      29.91      65.80     464.89     251.90     108.17      17.70  134.9  -45.0  630.0  180.0
    26.2019      -0.08      66.97     439.16     259.04     107.46      17.75  134.9  -45.0  630.0  180.0
    26.2542     -21.59      67.36     300.72     264.55     119.57      21.04  134.9  -45.0  630.0  180.0
    26.3065     -17.22      68.00     583.37     305.10     121.43      21.38  134.9  -45.0  630.0  180.0
    26.6883      19.45      54.76     324.86     174.36     110.97      13.93  134.9  -45.0  630.0  180.0
    26.7406      66.22      60.61     530.87     290.61     110.23      16.11  134.9  -45.0  630.0  180.0
    26.7929      36.30      60.49     449.70     251.95     105.85      14.49  134.9  -45.0  630.0  180.0
    26.8452     -24.80      67.78     436.74     273.97     114.05      20.27  134.9  -45.0  630.0  180.0
    27.2272      -6.93      68.43     548.30     331.96     128.61      24.05  134.9  -45.0  630.0  180.0
    27.2795      -7.04      65.57     305.46     217.70     105.60      17.05  134.9  -45.0  630.0  180.0
    27.3318     -73.66      61.24     235.00     230.16     100.55      17.49  134.9  -45.0  630.0  180.0
    27.3840     -20.49      63.79     399.88     216.12     116.27      17.05  134.9  -45.0  630.0  180.0
    27.7658     -29.42      47.96     615.51     414.87      75.80      11.19  134.9  -45.0  630.0  180.0
    27.8180      17.27      50.06     278.08     166.83      88.73      10.56  134.9  -45.0  630.0  180.0
    27.8703      11.29      76.49     633.49     335.44     110.29      20.82  134.9  -45.0  630.0  180.0
    27.9225      25.13      51.48     380.92     191.59     100.50      12.81  134.9  -45.0  630.0  180.0
    28.3042     -30.18      62.75     650.71     458.29      89.16      13.42  134.9  -45.0  630.0  180.0
    28.3565     -96.84      70.04     398.15     289.06      98.66      18.17  134.9  -45.0  630.0  180.0
    28.4087      98.53      64.04     361.89     215.59      91.69      13.99  134.9  -45.0  630.0  180.0
    28.4610     -25.51      77.15     440.38     314.33      88.44      16.99  134.9  -45.0  630.0  180.0
    28.8430     -87.60      57.89     608.37     383.95      60.78       9.65  134.9  -45.0  630.0  180.0
    28.8951     -47.09      85.16     311.10     302.14      64.50      12.86  134.9  -45.0  630.0  180.0
    28.9473     -41.06      88.70     482.39     377.03      75.79      16.80  134.9  -45.0  630.0  180.0
    28.9996      24.77      41.36     240.24     289.76      55.28       8.79  134.9  -45.0  630.0  180.0
    29.3812      16.41      39.31     526.37     153.49     160.86      14.78  134.9  -45.0  630.0  180.0
    29.4334     -33.04      20.14     583.89      85.42     227.64      10.93  134.9  -45.0  630.0  180.0
    29.4857     -12.82      24.70     751.94     119.94     320.45      19.34  134.9  -45.0  630.0  180.0
    29.5379      10.55      15.08     700.76      69.14     410.23      14.70  134.9  -45.0  630.0  180.0
    18.8705     101.55       0.94    1041.10      10.36    1202.48       5.75  147.4   39.9  630.0  180.0
    19.4122     113.24       2.93     728.94      11.55     959.72       4.88  147.4   39.9  630.0  180.0
    19.9533     102.86       3.89     881.05      19.03    1157.25       9.50  147.4   39.9  630.0  180.0
    20.4949      82.13       5.54     846.78      27.65    1208.53      15.47  147.4   39.9  630.0  180.0
    21.0385      86.88       3.84     834.59      18.32    1299.77      10.74  147.4   39.9  630.0  180.0
    21.5773      90.26       8.21     777.99      39.27    1158.23      22.34  147.4   39.9  630.0  180.0
    22.1159      76.49      10.19     793.84      49.78    1156.80      28.24  147.4   39.9  630.0  180.0
    22.6544      49.15      14.68     706.84      67.11     908.41      31.62  147.4   39.9  630.0  180.0
    23.1930      71.57      14.13     664.16      62.33     887.96      29.63  147.4   39.9  630.0  180.0
    23.7317      77.02      14.28     675.21      63.28     878.81      29.32  147.4   39.9  630.0  180.0
    24.2704      56.05      17.71     696.34      80.88     710.16      29.99  147.4   39.9  630.0  180.0
    24.8091       5.66      26.15     595.05     112.06     430.65      26.94  147.4   39.9  630.0  180.0
    25.3479       1.08      43.88     435.34     155.14     226.92      23.03  147.4   39.9  630.0  180.0
    25.8869     -22.68      56.88     680.48     312.22     166.39      25.48  147.4   39.9  630.0  180.0
    26.4252     -18.04      67.65     589.24     343.81     121.89      22.71  147.4   39.9  630.0  180.0
    26.9640      10.98      53.03     463.90     316.45     120.08      16.42  147.4   39.9  630.0  180.0
    27.5028     -16.57      69.67     333.06     249.90      90.21      15.36  147.4   39.9  630.0  180.0
    28.0412      -7.24      66.97     386.02     238.00      92.52      15.29  147.4   39.9  630.0  180.0
    28.5798       9.20      73.41     558.46     298.55      91.34      16.32  147.4   39.9  630.0  180.0
    29.1183     -54.71      17.91     596.93     152.49      71.82       4.79  147.4   39.9  630.0  180.0
    29.6568       4.56      10.63     683.93      47.82     776.92      19.51  147.4   39.9  630.0  180.0
