  Image    fringe1  fringe2  fringe3  fringe4  fringe5  fringe6  fringe7
-----------------------------------------------------------------------------
    1     0.710685 0.707099 0.705086 0.699118 0.693565 0.689701 0.685231
    2     0.713272 0.711823 0.706728 0.703421 0.699218 0.693918 0.690368
    3     0.719712 0.718887 0.712306 0.710219 0.705390 0.701906 0.697517
    4     0.717721 0.715560 0.710706 0.705701 0.701363 0.697131 0.695598
    5     0.726722 0.723361 0.719885 0.715323 0.710415 0.706858 0.701934
    6     0.731009 0.728163 0.724183 0.719521 0.715169 0.711660 0.707862
    7     0.731850 0.728615 0.726324 0.720229 0.716566 0.711550 0.710366
    8     0.732862 0.731518 0.725668 0.722865 0.717539 0.713742 0.708945
    9     0.734530 0.729760 0.727637 0.721638 0.718610 0.714309*********
   10     0.709811 0.706709 0.704873 0.698085 0.692602 0.689145 0.685730
   11     0.708275 0.707703 0.703081 0.697670 0.691503 0.688459 0.684462
   12     0.712214 0.707239 0.703235 0.698814 0.694771 0.691292 0.691146
   13     0.721830 0.718370 0.715339 0.710440 0.702543 0.703594 0.699152
   14     0.719546 0.715305 0.711429 0.707430 0.703951 0.698768 0.693912
   15     0.729082 0.728321 0.724753 2.963045 0.714224 0.709023 0.705577
   16     0.732916 0.732875 0.729288 0.723292 0.719240 0.716686 0.714117
   17     0.734839 0.731855 0.732618 0.728449 0.717499 0.716834 0.715066
   18     0.735537 0.731971 0.729959 0.726412 0.716928 0.716445 0.714733
   19     0.738255 0.730138 0.728955 0.721826 0.719235 0.714842 0.716114
   20     0.713136 0.709751 0.706090 0.699261 0.695565 0.691991 0.688712
   21     0.709346 0.706703 0.703307 0.698763 0.694372 0.689851 0.683349
   22     0.710470 0.709248 0.701858 0.699030 0.691431 0.689911 0.689957
   23     0.726475 0.723771 0.718708 0.709762 0.703772 0.700443 0.698988
   24     0.720539 0.718371 0.713639 0.707350 0.704507 0.702838 0.696036
   25     0.732288 0.730841 0.725520 0.721893 0.717235 0.712981 0.706727
   26     0.739523 0.732601 0.733880 0.728634 0.723153 0.719177 0.715905
   27     0.739569 0.738648 0.733105 0.722111 0.722100 0.718393 0.718255
   28     0.737985 0.734359 0.731784 0.729091 0.721694 0.719383 0.715793
   29     0.736293 0.734094 0.731985 0.726152 0.720469 0.720416 0.718636
   30     0.715895 0.713157 0.709986 0.702179 0.699457 0.695554 0.691679
   31     0.710087 0.710379 0.706173 0.700217 0.695675 0.693174 0.689697
   32     0.711206 0.702008 0.703906 0.694702 0.693338 0.685459 0.689442
   33     0.723469 0.719682 0.716161 0.710481 0.702895 0.702797 0.703811
   34     0.723872 0.720861 0.719046 0.713546 0.709177 0.704650 0.701923
   35     0.737202 0.731803 0.730897 0.725460 0.718625 0.713589 0.714078
   36     0.737876 0.734068 0.730716 0.724887 0.724557 0.720133 0.718640
   37     0.734858 0.735693 0.732085 0.730036 0.723025 0.720287 0.712583
   38     0.736443 0.737554 0.731451 0.728404 0.723649 0.720398 0.715617
   39     0.739277 0.734029 0.734154 0.727801 0.725160 0.720030 0.716962
   40     0.721551 0.716858 0.713428 0.709873 0.704600 0.699899 0.696493
   41     0.713017 0.713611 0.711893 0.705271 0.699175 0.695052 0.692032
   42     0.708980 0.704225 0.710771 0.698645 0.693456 0.694650 0.691518
   43     0.728076 0.718922 0.720780 0.712243 0.709156 0.707819 0.701101
   44     0.728794 0.725510 0.722481 0.717169 0.713362 0.708935 0.707275
   45     0.734748 0.735434 0.729775 0.722657 0.720410 0.713465 0.710431
   46     0.742037 0.736397 0.735374 0.726900 0.722846 0.720822 0.719001
   47     0.742715 0.737026 0.733381 0.729401 0.723356 0.721484 0.716411
   48     0.740015 0.736717 0.733821 0.727595 0.720571 0.720277 0.718570
   49     0.740570 0.738765 0.733402 0.728280 0.725178 0.721378 0.721052
   50     0.722833 0.720675 0.716471 0.711656 0.708997 0.703055 0.701580
   51     0.715324 0.712319 0.710169 0.702391 0.699408 0.694864 0.693532
   52     0.701860 0.710341 0.714326 0.702297 0.692665 0.694162 0.687885
   53     0.726750 0.723885 0.719688 0.715202 0.711623 0.705038 0.702156
   54     0.732223 0.728435 0.726702 0.720698 0.714376 0.709964 0.708721
   55     0.736303 0.736339 0.733900 0.728639 0.721778 0.720282 0.716936
   56     0.738889 0.737856 0.737543 0.729820 0.725557 0.720370 0.718035
   57     0.742443 0.738503 0.734276 0.727559 0.726135 0.722038 0.719458
   58     0.739288 0.734675 0.734553 0.727779 0.724170 0.722029 0.716849
   59     0.738939 0.737251 0.733910 0.729947 0.723463 0.718890 0.719062
   60     0.723488 0.721152 0.719290 0.714011 0.709371 0.702482 0.702508
   61     0.712468 0.712753 0.711387 0.702136 0.700960 0.694593 0.697611
   62     0.667293 0.696028 0.752604 0.687966 0.715493 0.704003 0.690586
   63     0.725385 0.719681 0.720935 0.713590 0.710495 0.707674 0.703730
   64     0.733684 0.732093 0.727815 0.723014 0.718384 0.715831 0.710873
   65     0.739039 0.737319 0.732015 0.727001 0.724543 0.718471 0.717013
   66     0.738527 0.736392 0.731057 0.725810 0.723037 0.721354 0.717198
   67     0.738993 0.735563 0.732495 0.726525 0.722482 0.719026 0.717989
   68     0.738245 0.734557 0.732073 0.725003 0.720661 0.718570 0.717567
   69     0.736068 0.733090 0.732948 0.726505 0.719641 0.715237 0.712855
   70     0.725296 0.723469 0.721778 0.715305 0.711837 0.708884 0.704185
   71     0.712501 0.714732 0.719349 0.704329 0.700777 0.696393 0.697457
   72     0.704850 0.706684 0.733791 0.710407 0.704355 0.705237 0.697225
   73     0.724367 0.723568 0.723044 0.716132 0.710315 0.707688 0.704238
   74     0.731648 0.731254 0.726805 0.719563 0.718026 0.712360 0.710429
   75     0.735365 0.731174 0.731921 0.724391 0.718976 0.717876 0.713263
   76     0.730614 0.728570 0.730914 0.723768 0.716100 0.714194 0.711400
   77     0.734856 0.729985 0.730205 0.725195 0.718398 0.716653 0.714146
   78     0.737020 0.732415 0.730762 0.722987 0.719493 0.719120 0.715662
   79     0.734844 0.735735 0.732098 0.723539 0.719855 0.716338 0.713014
   80     0.727251 0.725960 0.723659 0.719409 0.715212 0.709287 0.707694
   81     0.713720 0.716815 0.729793 0.707821 0.703777 0.705508 0.701053
   82     0.707361 0.708945 0.715822 0.703318 0.698952 0.700219 0.697887
   83     0.725682 0.723010 0.722633 0.715024 0.712409 0.708425 0.707911
   84     0.733498 0.732450 0.729475 0.721636 0.720465 0.714419 0.713743
   85     0.737300 0.734920 0.733538 0.728122 0.722220 0.720479 0.717173
   86     0.737373 0.733590 0.734206 0.726846 0.722912 0.716730 0.714164
   87     0.736071 0.732453 0.732465 0.727644 0.724094 0.717254 0.715214
   88     0.737282 0.735690 0.733019 0.726171 0.720152 0.717180 0.715200
   89     0.738392 0.732834 0.730862 0.725227 0.722246 0.715154 0.715397
   90     0.724495 0.726902 0.724975 0.715555 0.711510 0.707234 0.706197
   91     0.709684 0.711888 0.718592 0.710906 0.705060 0.702215 0.698171
   92     0.701218 0.704501 0.714334 0.703427 0.699732 0.697192 0.705774
   93     0.725956 0.724755 0.721809 0.714153 0.711569 0.708525 0.703104
   94     0.735236 0.732480 0.732658 0.724241 0.720207 0.718792 0.715384
   95     0.740577 0.737835 0.735317 0.729270 0.725291 0.721407 0.719060
   96     0.738565 0.736998 0.733587 0.727358 0.725304 0.720583 0.717956
   97     0.740405 0.737617 0.734248 0.725815 0.723871 0.721498 0.719262
   98     0.738785 0.734318 0.732986 0.728477 0.724213 0.716229 0.715881
   99     0.737707 0.736524 0.732157 0.728572 0.722347 0.718538 0.716987
  100     0.729704 0.725290 0.724508 0.716915 0.711587 0.710312 0.709547
  101     0.710953 0.715533 0.724520 0.706827 0.701241 0.693126 0.701303
  102     0.709425 0.709163 0.713313 0.705127 0.701091 0.694119 0.694462
  103     0.720296 0.730499 0.726230 0.713214 0.708865 0.708178 0.713289
  104     0.734942 0.732286 0.730773 0.726940 0.722110 0.715059 0.717402
  105     0.739962 0.738127 0.732493 0.729383 0.723773 0.719535 0.719392
  106     0.730718 0.735197 0.731565 0.723116 0.720314 0.715526 0.713361
  107     0.736124 0.731233 0.732887 0.725455 0.717343 0.717624 0.716150
  108     0.737318 0.734004 0.730183 0.726650 0.721387 0.716905 0.716403
  109     0.739043 0.735633 0.728845 0.724187 0.721017 0.716965 0.715052
  110     0.727974 0.727040 0.725077 0.720962 0.712901 0.709836 0.705156
  111     0.709671 0.721688 0.727853 0.713416 0.697381 0.694697 0.714514
  112     0.707947 0.713833 0.726778 0.706942 0.704640 0.703422 0.705152
  113     0.702648 0.734448 0.743559 0.721157 0.720377 0.728029 0.708293
  114     0.730603 0.735119 0.731053 0.725027 0.720483 0.714771 0.714383
  115     0.738142 0.735995 0.736210 0.725919 0.725236 0.718087 0.717122
  116     0.735124 0.734623 0.732342 0.724941 0.718984 0.715935 0.715229
  117     0.734942 0.732278 0.733984 0.721628 0.722577 0.718587 0.719003
  118     0.730890 0.731255 0.732458 0.723238 0.717125 0.712537 0.716707
  119     0.725506 0.732715 0.733620 0.721632 0.721556 0.718118 0.715550
  120     0.717063 0.722538 0.731335 0.717519 0.718976 0.711746 0.720684
  121     0.714603 0.728728 0.737659 0.725519 0.705237 0.713463 0.715296
  122     0.716516 0.719010 0.743576 0.712850 0.713097 0.716427 0.732284
  123     0.710976 0.726202 0.754915 0.721037 0.721784 0.722840 0.724063
  124     0.709106 0.719089 0.748287 0.717549 0.711271 0.718519 0.704275
  125     0.722765 0.722491 0.730793 0.718394 0.722521 0.711079 0.741798
  126     0.707973 0.720657 0.746173 0.734874 0.714571 0.708364 0.726846
  127     0.716482 0.723216 0.743256 0.720917 0.719153 0.704198 0.712879
  128     0.722878 0.726657 0.730603 0.719498 0.710460 0.719062 0.720431
  129     0.717642 0.723306 0.732155 0.715110 0.700687 0.710130 0.702364
  130     0.722756 0.728816 0.735364 0.714332 0.714491 0.717149 0.737527
  131     0.718094 0.732577 0.723142 0.725418 0.715734 0.711795 0.766492
  132     0.704915 0.723618 0.751428 0.728591 0.725792 0.726231 0.713295
  133     0.700175 0.722720 0.745880 0.722029 0.711233 0.708884 0.726050
  134     0.706035 0.719467 0.736091 0.728656 0.711369 0.715313 0.753686
  135     0.710231 0.729148 0.739207 0.726603 0.721594 0.723895 0.737811
  136     0.708592 0.726739 0.747038 0.725986 0.713782 0.724709 0.738524
  137     0.703398 0.728734 0.764212 0.730652 0.734240 0.737905 0.743645
  138     0.708929 0.718391 0.758163 0.722007 0.702873 0.698775 0.732347
  139     0.701329 0.731436 0.761287 0.727091 0.718238 0.731917 0.746335
  140     0.729831 0.723625 0.770384 0.727524 0.735452 0.729426 0.727141
  141     0.699083 0.749946 0.725351 0.724557 0.707678 0.706778 0.743243
  142     0.736345 0.722578 0.748552 0.699362 0.726115 0.745100 0.967948
  143     0.716156 0.743108 0.733935 0.719231 0.695448 0.748454 0.742181
  144     0.678258 0.715475 0.740167 0.722271 0.715294 0.715550 0.738261
  145     0.713422 0.741302 0.752944 0.741495 0.728059 0.698328 0.738066
  146     0.709538 0.717222 0.732190 0.697975 0.720836 0.720868 0.786079
  147     0.693289 0.722911 0.738213 0.721966 0.716801 0.717728 0.745006
  148     0.696032 0.714640 0.772221 0.745876 0.725392 0.708850 0.753790
  149     0.711504 0.736646 0.749779 0.706316 0.713632 0.710845 0.746803
  150     0.711901 0.709832 0.766807 0.734044 0.707809 0.705846 0.736890
  151     0.703684 0.724819 0.742941 0.726469 0.707997 0.732056 0.730696
  152     0.724379 0.726719 0.732599 0.716463 0.730027 0.706891 0.745692
  153     0.720863 0.727766 0.742177 0.724309 0.746228 0.709183 0.737430
  154     0.688987 0.730308 0.751543 0.717452 0.705061 0.707566 0.752084
  155     0.704143 0.723993 0.718273 0.722260 0.693722 0.712670 0.752636
  156     0.702383 0.706870 0.731519 0.709287 0.745445 0.720032 0.782338
  157     0.712268 0.708432 0.725783 0.712903 0.709823 0.710670 0.966217
  158     0.702168 0.714098 0.747385 0.752618 0.700485 0.678027 0.767273
  159     0.718639 0.714417 0.727733 0.731933 0.711097 0.737661 0.744787
  160     0.712850 0.731748 0.752949 0.720980 0.700373 0.710702 0.725452
  161     0.696464 0.716715 0.742415 0.723345 0.711998 0.714065 0.724230
  162     0.707930 0.729806 0.765897 0.727378 0.712105 0.706892 0.721933
  163     0.714697 0.720671 0.725427 0.721594 0.725269 0.696883 0.761760
  164     0.724378 0.724580 0.772847 0.725482 0.718279 0.723583 0.722205
  165     0.722493 0.734020 0.750537 0.738361 0.718961 0.736285 0.783558
  166     0.718120 0.731589 0.729732 0.690457 0.713859 0.721499 0.749195
  167     0.697380 0.694547 0.742648 0.735631 0.726201 0.713269 0.740289
  168     0.729796 0.724809 0.757235 0.729716 0.728461 0.714004 0.729548
  169     0.697800 0.725865 0.750364 0.737416 0.722232 0.722204 0.771982
  170     0.708523 0.746330 0.767403 0.716864 0.706889 0.719214 0.763970
  171     0.712682 0.744619 0.768941 0.681501 0.719291 0.716380 0.754692
  172     0.698049 0.721368 0.769674 0.708050 0.696409 0.792256 0.738339
  173     0.713054 0.717455 0.774518 0.718623 0.716921 0.705041 0.697770
  174     0.713494 0.725605 0.738812 0.722362 0.723025 0.755287 0.731133
  175     0.709568 0.714032 0.734994 0.722390 0.731427 0.732484 0.782222
  176     0.706282 0.730591 0.742163 0.724538 0.730954 0.714960 0.768993
  177     0.716719 0.745068 0.722573 0.716637 0.706655 0.704543 0.726087
  178     0.721262 0.722673 0.741975 0.708339 0.698842 0.725199 0.765329
  179     0.714166 0.708590 0.745077 0.712736 0.705117 0.718538 0.739568
  180     0.710282 0.726596 0.767980 0.749423 0.729725 0.688566 0.776953
  181     0.709965 0.725026 0.740142 0.727043 0.719158 0.716293 0.722067
  182     0.693582 0.737922 0.740668 0.737840 0.730031 0.739882 0.725799
  183     0.725602 0.732882 0.728746 0.737494 0.727239 0.727943 0.700834
  184     0.699150 0.718861 0.749765 0.726010 0.733759 0.699040 0.767474
  185     0.716020 0.739798 0.770929 0.740256 0.717748 0.716931 0.934011
  186     0.704153 0.748584 0.762244 0.719365 0.715636 0.720477 0.722309
  187     0.706922 0.743488 0.749263 0.745267 0.736181 0.737732 0.750637
  188     0.699656 0.699489 0.727898 0.717084 0.702711 0.699795 0.775722
  189     0.705107 0.746690 0.742249 0.722476 0.734608 0.724986 0.708192
  190     0.698909 0.748388 0.714463 0.716574 0.708502 0.703136 0.709455
  191     0.713965 0.731559 0.724529 0.706227 0.713967 0.719738 0.731503
  192     0.708096 0.709393 0.723517 0.722314 0.694262 0.715399 0.677265
  193     0.707126 0.725593 0.759121 0.715187 0.672688 0.688696 0.717783
  194     0.680751 0.759210 0.745419 0.771082 0.736112 0.721173 0.707943
  195     0.740972 0.716383 0.828470 0.738200 0.713081 0.720127 0.687412
  196     0.722156 0.745747 0.752135 0.717919 0.738546 0.703409 0.791639
  197     0.726277 0.731629 0.762587 0.760949 0.711525 0.703141 0.757745
  198     0.727196 0.723634 0.734790 0.733258 0.710650 0.741377 0.772553
  199     0.717095 0.732041 0.710097 0.688144 0.753896 0.722240 0.708465
  200     0.698349 0.737616 0.726727 0.735798 0.728053 0.725465 0.905485
  201     0.714097 0.730125 0.752424 0.701107 0.704442 0.721788 0.757402
  202     0.728550 0.741606 0.801082 0.716032 0.695151 0.705478 0.737613
  203     0.714688 0.721877 0.760812 0.731617 0.734024 0.727763 0.756057
  204     0.710866 0.710643 0.755203 0.716220 0.711667 0.699193 0.742586
  205     0.723270 0.734358 0.731241 0.727088 0.714105 0.714931 0.711331
  206     0.724710 0.739149 0.717968 0.713310 0.716425 0.704552 0.724184
  207     0.729921 0.739784 0.740903 0.719079 0.724237 0.723998 0.715102
  208     0.735003 0.729513 0.744813 0.723230 0.718919 0.703430 0.720424
  209     0.727912 0.730211 0.728653 0.719052 0.717113 0.706531 0.723442
  210     0.730790 0.731176 0.729927 0.720327 0.718826 0.712647 0.715976
  211     0.733838 0.727354 0.729710 0.720879 0.713506 0.715749 0.714946
