   1.430  -0.063  18.817
   1.458  -0.043  19.367
   1.461  -0.056  19.900
   1.473  -0.068  20.433
   1.461  -0.068  20.967
   1.464  -0.079  21.517
   1.467  -0.071  22.050
   1.474  -0.062  22.583
   1.474  -0.075  23.133
   1.472  -0.070  23.667
   1.454  -0.082  24.200
   1.479  -0.089  24.733
   1.488  -0.051  25.283
   1.504  -0.077  25.817
   1.464  -0.080  26.350
   1.483  -0.088  26.900
   1.495  -0.089  27.433
   1.470  -0.056  27.967
   1.468  -0.073  28.500
   1.463  -0.035  29.050
   1.474  -0.082  29.583
   1.500  -0.083  29.750
   1.472  -0.070
