MRH 20150616
    24.04    70.56   117.04   163.54   210.00   256.52   303.01
    46.52    46.48    46.50    46.46    46.52    46.49    46.49
     0.83608282     0.55778867     0.35852230     0.21552002     0.12056065     0.05889096     0.02476423     0.00608266    -0.00235628    -0.00436430    -0.00621538    -0.00446406    -0.00205605    -0.00223826    -0.00089937    -0.00120842    -0.00004140     0.00044697
    -0.01966130    -0.02662001    -0.03511916    -0.03904122    -0.04113961    -0.04090619    -0.03498501    -0.02866932    -0.02091715    -0.01269067    -0.00788922    -0.00358480    -0.00198449    -0.00005527     0.00072450     0.00082534     0.00023903    -0.00018049
     1.00000000     0.66759646     0.43069750     0.26186231     0.15239103     0.08590771     0.05147194     0.03521246     0.02540904     0.01640591     0.01220289     0.00789529     0.00522289     0.00425308     0.00340090     0.00398982     0.00284704     0.00337557
     0.83685291     0.54354781     0.33104888     0.18887666     0.09861912     0.04599240     0.02017803     0.00699814     0.00261421     0.00149084    -0.00075124    -0.00101828    -0.00160490    -0.00040392    -0.00010796    -0.00040491     0.00081835     0.00008237
     0.04240633     0.04499079     0.03493806     0.01124219    -0.00433727    -0.01712036    -0.02073962    -0.01883512    -0.01528896    -0.00871238    -0.00670584    -0.00280226    -0.00116434    -0.00090240    -0.00081903     0.00011721     0.00104123     0.00100915
     1.00000000     0.65083343     0.39727643     0.22588049     0.11800066     0.05880342     0.03478226     0.02426731     0.01876932     0.01134315     0.00884347     0.00523435     0.00515973     0.00398617     0.00360816     0.00389770     0.00303354     0.00350503
     0.83484560     0.51789027     0.29635093     0.15779366     0.06952962     0.02379765     0.00524846     0.00131343    -0.00300469    -0.00567744    -0.00417407    -0.00172712    -0.00145320    -0.00261100    -0.00038917    -0.00112153    -0.00107820    -0.00195054
     0.03964473     0.03769452     0.01917952     0.00243705    -0.01213651    -0.01779760    -0.01840460    -0.01018411    -0.00633703    -0.00326494    -0.00254135     0.00126299     0.00213434     0.00005522    -0.00205649     0.00098941     0.00157623    -0.00027087
     1.00000000     0.62544322     0.36231112     0.19506463     0.08898608     0.03997425     0.02557683     0.01646968     0.01421644     0.01061111     0.00835171     0.00829273     0.00714550     0.00582841     0.00558199     0.00581521     0.00643129     0.00576479
     0.82876432     0.50668013     0.27921119     0.13482019     0.05092557     0.01106010    -0.00487008    -0.00775950    -0.00744299    -0.00515252    -0.00244830    -0.00045553    -0.00060193    -0.00089271    -0.00048486     0.00042903     0.00138189     0.00094934
     0.03536175     0.03762269     0.01724050    -0.00101843    -0.01269898    -0.01484025    -0.01446147    -0.00847567    -0.00357357     0.00125914     0.00326705     0.00457570     0.00322704     0.00152950    -0.00013282    -0.00097346    -0.00144030    -0.00098982
     1.00000000     0.61241961     0.33721668     0.16258557     0.06337991     0.02264043     0.01860078     0.01429327     0.01029597     0.00711127     0.00582244     0.00622167     0.00475908     0.00341158     0.00306885     0.00326233     0.00341607     0.00327583
     0.81651318     0.47667849     0.24602520     0.10741002     0.03531747     0.00642975    -0.00244513    -0.00267874    -0.00116198     0.00000114    -0.00029752     0.00006137    -0.00114437    -0.00164992    -0.00174943    -0.00056017     0.00005372    -0.00206584
     0.07127468     0.07980870     0.05017798     0.01893605    -0.00385643    -0.01181602    -0.01370066    -0.00802454    -0.00547519    -0.00108717     0.00141237     0.00295859     0.00142571     0.00191168     0.00011142     0.00045251    -0.00072781    -0.00112441
     1.00000000     0.59144849     0.30882668     0.13547064     0.04474646     0.01727542     0.01817569     0.01154723     0.00835709     0.00423988     0.00385241     0.00552403     0.00414547     0.00463861     0.00403781     0.00360883     0.00379343     0.00517343
     0.80943269     0.45939058     0.22288159     0.08580853     0.01808471    -0.00688718    -0.01193627    -0.00661921    -0.00295418    -0.00036761    -0.00042600     0.00085997    -0.00005025    -0.00226046    -0.00395131    -0.00429985    -0.00403659    -0.00313322
     0.03323880     0.02795656     0.01165079    -0.00155962    -0.00787968    -0.00947048    -0.00774385    -0.00436768    -0.00222419    -0.00085055    -0.00067451    -0.00126503    -0.00140074    -0.00171792    -0.00160075     0.00024150    -0.00012552     0.00184500
     1.00000000     0.56811744     0.27549005     0.10596093     0.02452228     0.01490559     0.01788540     0.01029932     0.00566105     0.00390595     0.00343628     0.00377282     0.00389823     0.00551675     0.00595882     0.00604360     0.00652976     0.00585714
     0.80375987     0.43974912     0.19697782     0.06678001     0.00833198    -0.01060236    -0.01257826    -0.00668828    -0.00268981    -0.00081752    -0.00135772    -0.00137591    -0.00135748    -0.00122673    -0.00293371    -0.00340670    -0.00404989    -0.00405952
     0.06876554     0.06749283     0.04246506     0.01445460    -0.00078710    -0.00641664    -0.00508596    -0.00203829    -0.00096508     0.00026180     0.00194029     0.00391161     0.00391276     0.00545558     0.00381981     0.00542408     0.00488364     0.00505736
     1.00000000     0.55295664     0.25181791     0.08615965     0.01135011     0.01667571     0.01812141     0.01043784     0.00664174     0.00455174     0.00531691     0.00608446     0.00656393     0.00866199     0.00893238     0.01034593     0.00993626     0.00978743
   1.472  -0.070  400    2    0    0    0  0.000 18.000
