                 MRH
   16    6 2015
    18.4628        NaN        NaN        NaN        NaN    1060.06      49.42  102.5    0.0  630.0  180.0
    19.0006        NaN        NaN        NaN        NaN     988.67      86.80  102.5    0.0  630.0  180.0
    19.5385        NaN        NaN        NaN        NaN     928.06      64.68  102.5    0.0  630.0  180.0
    20.0765        NaN        NaN        NaN        NaN     864.20      65.41  102.5    0.0  630.0  180.0
    20.6144        NaN        NaN        NaN        NaN     989.51      82.50  102.5    0.0  630.0  180.0
    21.1524        NaN        NaN        NaN        NaN     883.53      69.76  102.5    0.0  630.0  180.0
    21.6904        NaN        NaN        NaN        NaN     851.69      74.90  102.5    0.0  630.0  180.0
    22.2284        NaN        NaN        NaN        NaN     945.74      73.71  102.5    0.0  630.0  180.0
    22.7664        NaN        NaN        NaN        NaN     827.48      67.48  102.5    0.0  630.0  180.0
    23.3043        NaN        NaN        NaN        NaN     899.34      72.74  102.5    0.0  630.0  180.0
    23.8423        NaN        NaN        NaN        NaN     789.14      57.60  102.5    0.0  630.0  180.0
    24.3805        NaN        NaN        NaN        NaN     802.97      56.23  102.5    0.0  630.0  180.0
    24.9182        NaN        NaN        NaN        NaN     970.54      51.39  102.5    0.0  630.0  180.0
    25.4562        NaN        NaN        NaN        NaN     870.59      60.62  102.5    0.0  630.0  180.0
    25.9941        NaN        NaN        NaN        NaN     913.05      52.74  102.5    0.0  630.0  180.0
    26.5321        NaN        NaN        NaN        NaN     852.56     119.96  102.5    0.0  630.0  180.0
    27.0701        NaN        NaN        NaN        NaN     802.07     146.71  102.5    0.0  630.0  180.0
    27.6079        NaN        NaN        NaN        NaN     688.18     161.86  102.5    0.0  630.0  180.0
    28.1459        NaN        NaN        NaN        NaN     674.11     310.47  102.5    0.0  630.0  180.0
    28.6840        NaN        NaN        NaN        NaN     560.92     260.60  102.5    0.0  630.0  180.0
    29.2218        NaN        NaN        NaN        NaN     673.12     311.22  102.5    0.0  630.0  180.0
    18.5677      38.15       9.43        NaN        NaN    1060.02      42.69   90.0  -45.0  630.0  180.0
    19.1057      88.93      16.51        NaN        NaN     885.08      65.85   90.0  -45.0  630.0  180.0
    19.6437      85.08      14.28        NaN        NaN    1005.02      62.78   90.0  -45.0  630.0  180.0
    20.1817     114.55      12.14        NaN        NaN     826.11      45.97   90.0  -45.0  630.0  180.0
    20.7196      97.59      14.16        NaN        NaN     788.48      51.85   90.0  -45.0  630.0  180.0
    21.2576     104.66      13.35        NaN        NaN     819.42      50.31   90.0  -45.0  630.0  180.0
    21.7956     144.67      15.61        NaN        NaN     956.26      67.18   90.0  -45.0  630.0  180.0
    22.3336     125.26       9.22        NaN        NaN     819.25      34.37   90.0  -45.0  630.0  180.0
    22.8715      92.00      11.67        NaN        NaN     751.18      41.11   90.0  -45.0  630.0  180.0
    23.4095     101.51      13.41        NaN        NaN     821.32      50.54   90.0  -45.0  630.0  180.0
    23.9475      68.58      11.31        NaN        NaN     949.25      47.09   90.0  -45.0  630.0  180.0
    24.4855      94.79      12.83        NaN        NaN     910.76      52.30   90.0  -45.0  630.0  180.0
    25.0234      66.70       9.19        NaN        NaN     797.98      33.54   90.0  -45.0  630.0  180.0
    25.5613      70.42      12.03        NaN        NaN     796.67      44.18   90.0  -45.0  630.0  180.0
    26.0993      54.21      10.40        NaN        NaN     868.38      40.23   90.0  -45.0  630.0  180.0
    26.6373      79.72      23.72        NaN        NaN     856.32      92.55   90.0  -45.0  630.0  180.0
    27.1752      75.39      26.83        NaN        NaN     774.92      97.88   90.0  -45.0  630.0  180.0
    27.7133      75.60      38.52        NaN        NaN     656.94     126.80   90.0  -45.0  630.0  180.0
    28.2511      97.30      77.61        NaN        NaN     789.82     295.33   90.0  -45.0  630.0  180.0
    28.7891      78.05      68.32        NaN        NaN     580.00     212.54   90.0  -45.0  630.0  180.0
    29.3271      80.33      56.60        NaN        NaN     782.98     212.15   90.0  -45.0  630.0  180.0
