                 MRH
   16    6 2015
      18.25       NaN       NaN       NaN       NaN   1060.06     49.42    630.0   1800
      18.75     38.15      9.43       NaN       NaN   1060.02     42.69    630.0   1800
      19.25     88.93     16.51       NaN       NaN    936.87     54.48    630.0   1800
      19.75     85.08     14.28       NaN       NaN    966.54     45.07    630.0   1800
      20.25    114.55     12.14       NaN       NaN    845.16     39.97    630.0   1800
      20.75     97.59     14.16       NaN       NaN    888.99     48.72    630.0   1800
      21.25    104.66     13.35       NaN       NaN    851.48     43.00    630.0   1800
      21.75    144.67     15.61       NaN       NaN    903.98     50.31    630.0   1800
      22.25    125.26      9.22       NaN       NaN    882.50     40.66    630.0   1800
      22.75     92.00     11.67       NaN       NaN    789.33     39.51    630.0   1800
      23.25    101.51     13.41       NaN       NaN    860.33     44.29    630.0   1800
      23.75     68.58     11.31       NaN       NaN    869.19     37.20    630.0   1800
      24.25     94.79     12.83       NaN       NaN    856.87     38.39    630.0   1800
      24.75       NaN       NaN       NaN       NaN    970.54     51.39    630.0   1800
      25.25     66.70      9.19       NaN       NaN    834.28     34.64    630.0   1800
      25.75     70.42     12.03       NaN       NaN    854.86     34.40    630.0   1800
      26.25     54.21     10.40       NaN       NaN    868.38     40.23    630.0   1800
      26.75     79.72     23.72       NaN       NaN    854.44     75.76    630.0   1800
      27.25     75.39     26.83       NaN       NaN    788.50     88.18    630.0   1800
      27.75     75.60     38.52       NaN       NaN    672.56    102.81    630.0   1800
      28.25     97.30     77.61       NaN       NaN    731.96    214.25    630.0   1800
      28.75     78.05     68.32       NaN       NaN    570.46    168.14    630.0   1800
      29.25     80.33     56.60       NaN       NaN    728.05    188.32    630.0   1800
