                 MRH
   16    6 2015
    18.4628      -3.99       7.75    1060.06      49.42    1504.31      31.14  102.5    0.0  630.0  180.0
    19.0006       6.90      14.31     988.67      86.80     681.39      25.80  102.5    0.0  630.0  180.0
    19.5385      17.19      11.31     928.06      64.68     679.25      19.45  102.5    0.0  630.0  180.0
    20.0765      15.01      12.03     864.20      65.41     670.71      20.14  102.5    0.0  630.0  180.0
    20.6144      -1.23      13.64     989.51      82.50     731.64      26.20  102.5    0.0  630.0  180.0
    21.1524       2.64      12.58     883.53      69.76     724.39      23.10  102.5    0.0  630.0  180.0
    21.6904       1.49      13.82     851.69      74.90     639.85      22.22  102.5    0.0  630.0  180.0
    22.2284     -16.87      12.52     945.74      73.71     769.29      25.22  102.5    0.0  630.0  180.0
    22.7664       5.67      12.79     827.48      67.48     742.01      23.65  102.5    0.0  630.0  180.0
    23.3043       2.48      12.92     899.34      72.74     752.21      24.82  102.5    0.0  630.0  180.0
    23.8423      10.33      11.29     789.14      57.60     741.75      20.42  102.5    0.0  630.0  180.0
    24.3805      -5.99      10.85     802.97      56.23     788.66      20.99  102.5    0.0  630.0  180.0
    24.9182       0.52       8.66     970.54      51.39    1152.34      25.87  102.5    0.0  630.0  180.0
    25.4562      -4.69      11.03     870.59      60.62     872.98      24.34  102.5    0.0  630.0  180.0
    25.9941      -3.13       9.32     913.05      52.74     688.40      16.13  102.5    0.0  630.0  180.0
    26.5321      -9.18      21.88     852.56     119.96     427.70      23.99  102.5    0.0  630.0  180.0
    27.0701      -3.15      28.01     802.07     146.71     281.97      19.83  102.5    0.0  630.0  180.0
    27.6079      -6.97      33.63     688.18     161.86     179.01      14.80  102.5    0.0  630.0  180.0
    28.1459     -28.79      62.04     674.11     310.47     135.08      21.45  102.5    0.0  630.0  180.0
    28.6840     -25.93      61.29     560.92     260.60      89.15      13.15  102.5    0.0  630.0  180.0
    29.2218     -31.18      62.00     673.12     311.22     139.42      21.88  102.5    0.0  630.0  180.0
    18.3572      15.32       7.84     960.98      45.86    1544.70      31.04   12.8  -50.2  630.0  180.0
    18.8424      39.05       7.09     989.49      42.16    1355.17      24.45   12.8  -50.2  630.0  180.0
    19.3804      48.76       7.49     892.02      41.16    1319.88      24.47   12.8  -50.2  630.0  180.0
    19.9185      47.99       5.25     852.06      27.57    1684.02      21.13   12.8  -50.2  630.0  180.0
    20.4563      47.40       6.26     871.32      33.69    1613.25      24.65   12.8  -50.2  630.0  180.0
    20.9943      27.39       6.09     989.16      36.14    1671.11      25.84   12.8  -50.2  630.0  180.0
    21.5323       4.21       8.14     809.87      42.32    1179.53      23.50   12.8  -50.2  630.0  180.0
    22.0705       8.91       7.65     975.15      45.30    1288.96      25.27   12.8  -50.2  630.0  180.0
    22.6082       3.72       6.72     972.18      39.82    1473.22      25.42   12.8  -50.2  630.0  180.0
    23.1462       1.12       8.07     903.48      45.34    1208.78      24.62   12.8  -50.2  630.0  180.0
    23.6843       5.09      10.21     915.95      58.09     956.01      24.93   12.8  -50.2  630.0  180.0
    24.2221      -3.34      10.97     809.11      57.21     860.17      23.26   12.8  -50.2  630.0  180.0
    24.7600       6.01       8.85     903.41      49.65    1099.50      24.58   12.8  -50.2  630.0  180.0
    25.2980      25.00       4.99     822.62      25.44    1335.04      15.57   12.8  -50.2  630.0  180.0
    25.8359      34.99       8.87     782.46      44.84    1065.73      22.91   12.8  -50.2  630.0  180.0
    26.3739      34.30      11.53     912.82      64.91     837.79      24.35   12.8  -50.2  630.0  180.0
    26.9119      13.58      14.14     775.22      71.68     548.69      18.92   12.8  -50.2  630.0  180.0
    27.4498      -8.41      25.49     819.46     135.85     361.08      23.40   12.8  -50.2  630.0  180.0
    27.9878     -58.00      27.31     720.00     133.96     199.15      13.51   12.8  -50.2  630.0  180.0
    28.5257     -54.36      60.91     570.56     260.61     114.46      16.76   12.8  -50.2  630.0  180.0
    29.0637     -66.16      47.96     536.61     208.41     103.20      12.48   12.8  -50.2  630.0  180.0
    29.6016       3.65      12.58     823.66      66.59     574.29      17.97   12.8  -50.2  630.0  180.0
    18.4100      18.03       9.40    1020.32      58.01    1244.49      30.76  102.5   50.2  630.0  180.0
    18.9481      79.90      14.68     950.47      84.63     673.97      25.08  102.5   50.2  630.0  180.0
    19.4860      97.70      14.00     925.29      78.39     702.22      24.53  102.5   50.2  630.0  180.0
    20.0240     111.63      11.62     884.76      62.61     846.22      23.95  102.5   50.2  630.0  180.0
    20.5619     112.80       9.36     811.64      47.39     903.77      20.12  102.5   50.2  630.0  180.0
    21.0999     100.96      10.68     855.34      56.38     911.07      23.59  102.5   50.2  630.0  180.0
    21.6379      96.58      12.36     848.38      64.88     779.26      23.37  102.5   50.2  630.0  180.0
    22.1759      92.81       9.65     782.17      47.90     849.41      19.37  102.5   50.2  630.0  180.0
    22.7139      86.32       8.69     891.10      47.16    1058.23      22.50  102.5   50.2  630.0  180.0
    23.2518      80.68       9.14     908.75      50.61    1026.00      23.09  102.5   50.2  630.0  180.0
    23.7898      70.26      10.12     877.09      54.60     789.53      19.56  102.5   50.2  630.0  180.0
    24.3279      77.15      12.63     830.67      65.81     748.62      22.95  102.5   50.2  630.0  180.0
    24.8657      73.45       8.70     868.25      46.65    1108.76      23.57  102.5   50.2  630.0  180.0
    25.4036      79.19       6.28     826.99      32.02    1056.93      15.55  102.5   50.2  630.0  180.0
    25.9416      75.91      11.54     832.31      60.33     823.45      23.20  102.5   50.2  630.0  180.0
    26.4796      64.36      16.36     739.84      79.54     502.59      19.78  102.5   50.2  630.0  180.0
    27.0175      70.61      26.03     656.01     117.84     298.40      18.32  102.5   50.2  630.0  180.0
    27.5554      41.24      33.53     713.43     160.30     242.81      19.73  102.5   50.2  630.0  180.0
    28.0934       2.69      38.23     666.71     178.04     134.52      12.41  102.5   50.2  630.0  180.0
    28.6314       8.35      60.71     489.45     240.59     115.40      16.62  102.5   50.2  630.0  180.0
    29.1693     -14.93      37.32     741.21     186.49     204.50      18.99  102.5   50.2  630.0  180.0
    29.7074      16.50       4.95     838.24      26.06    2650.20      32.04  102.5   50.2  630.0  180.0
    18.5152      -4.78       8.31     923.61      47.65    1238.51      26.32   45.0  -45.0  630.0  180.0
    19.0532      -1.02       8.46    1036.57      52.97    1218.86      27.43   45.0  -45.0  630.0  180.0
    19.5912      -5.25       7.98     988.79      48.08    1257.61      26.12   45.0  -45.0  630.0  180.0
    20.1294      -4.84       7.20     840.29      38.33    1380.07      24.56   45.0  -45.0  630.0  180.0
    20.6671      -7.98       6.70     958.58      39.11    1436.31      24.49   45.0  -45.0  630.0  180.0
    21.2051     -33.20       8.54     868.67      47.11    1157.39      24.84   45.0  -45.0  630.0  180.0
    21.7431     -51.62       9.40     848.09      51.11    1036.59      24.63   45.0  -45.0  630.0  180.0
    22.2811     -32.99       7.14     925.22      41.06    1306.92      23.73   45.0  -45.0  630.0  180.0
    22.8190     -30.17       6.92     790.17      35.29    1220.54      20.42   45.0  -45.0  630.0  180.0
    23.3570     -39.86       8.19     964.17      48.75    1196.27      25.47   45.0  -45.0  630.0  180.0
    23.8950     -44.93       7.83     792.43      40.24     869.45      16.49   45.0  -45.0  630.0  180.0
    24.4330     -27.09       9.64     800.45      50.02     979.47      23.31   45.0  -45.0  630.0  180.0
    24.9709     -14.44       8.09     798.29      41.60    1182.00      23.38   45.0  -45.0  630.0  180.0
    25.5088     -17.02       5.76     884.56      31.64    1349.01      19.01   45.0  -45.0  630.0  180.0
    26.0467      -7.48       9.85     814.63      51.53     960.78      23.32   45.0  -45.0  630.0  180.0
    26.5848     -10.28      10.03     801.35      51.75     622.09      15.21   45.0  -45.0  630.0  180.0
    27.1227     -30.88      17.06     749.67      85.19     479.46      20.13   45.0  -45.0  630.0  180.0
    27.6606     -38.35      29.46     635.50     133.84     266.06      18.97   45.0  -45.0  630.0  180.0
    28.1986     -55.11      33.66     692.41     162.61     157.92      13.22   45.0  -45.0  630.0  180.0
    28.7366     -70.63      81.79     489.11     327.06      86.10      16.98   45.0  -45.0  630.0  180.0
    29.2744     -51.40      44.90     721.87     226.20     178.05      20.32   45.0  -45.0  630.0  180.0
    18.5677     -26.98       6.67    1060.02      42.69    1548.99      27.53   90.0  -45.0  630.0  180.0
    19.1057     -62.88      11.67     885.08      65.85     840.55      25.28   90.0  -45.0  630.0  180.0
    19.6437     -60.16      10.10    1005.02      62.78    1007.53      27.30   90.0  -45.0  630.0  180.0
    20.1817     -81.00       8.58     826.11      45.97     950.65      20.37   90.0  -45.0  630.0  180.0
    20.7196     -69.01      10.01     788.48      51.85     945.27      23.42   90.0  -45.0  630.0  180.0
    21.2576     -74.01       9.44     819.42      50.31     881.16      20.77   90.0  -45.0  630.0  180.0
    21.7956    -102.30      11.04     956.26      67.18     884.46      26.16   90.0  -45.0  630.0  180.0
    22.3336     -88.57       6.52     819.25      34.37    1104.68      17.65   90.0  -45.0  630.0  180.0
    22.8715     -65.06       8.25     751.18      41.11     987.35      19.75   90.0  -45.0  630.0  180.0
    23.4095     -71.78       9.48     821.32      50.54    1005.52      23.92   90.0  -45.0  630.0  180.0
    23.9475     -48.49       8.00     949.25      47.09    1192.64      24.75   90.0  -45.0  630.0  180.0
    24.4855     -67.03       9.08     910.76      52.30    1074.65      25.34   90.0  -45.0  630.0  180.0
    25.0234     -47.16       6.50     797.98      33.54    1496.08      23.68   90.0  -45.0  630.0  180.0
    25.5613     -49.79       8.51     796.67      44.18    1121.83      23.63   90.0  -45.0  630.0  180.0
    26.0993     -38.33       7.36     868.38      40.23     888.87      16.16   90.0  -45.0  630.0  180.0
    26.6373     -56.37      16.77     856.32      92.55     560.01      24.03   90.0  -45.0  630.0  180.0
    27.1752     -53.31      18.97     774.92      97.88     355.70      16.90   90.0  -45.0  630.0  180.0
    27.7133     -53.46      27.24     656.94     126.80     235.55      15.69   90.0  -45.0  630.0  180.0
    28.2511     -68.80      54.88     789.82     295.33     162.12      23.07   90.0  -45.0  630.0  180.0
    28.7891     -55.19      48.31     580.00     212.54     107.42      12.55   90.0  -45.0  630.0  180.0
    29.3271     -56.80      40.02     782.98     212.15     224.38      23.08   90.0  -45.0  630.0  180.0
    18.6202     -48.42       6.34    1067.39      40.97    1597.38      27.22  134.9  -45.0  630.0  180.0
    18.6724     -50.89       8.05     900.46      45.61    1262.92      25.99  134.9  -45.0  630.0  180.0
    18.7247     -49.21       9.26     912.38      53.24    1088.64      26.23  134.9  -45.0  630.0  180.0
    18.7768     -43.44       8.57     842.32      46.15     984.20      20.99  134.9  -45.0  630.0  180.0
    19.1582     -91.55      12.69     971.24      77.47     656.92      22.39  134.9  -45.0  630.0  180.0
    19.2104     -96.13      16.63     942.32      99.60     595.89      26.57  134.9  -45.0  630.0  180.0
    19.2626     -93.20      14.06     872.97      78.89     611.43      22.24  134.9  -45.0  630.0  180.0
    19.3148     -94.29      13.80     811.09      73.73     617.02      21.74  134.9  -45.0  630.0  180.0
    19.6962     -83.74      13.16     965.24      80.04     643.13      22.51  134.9  -45.0  630.0  180.0
    19.7484     -81.05      14.87     948.15      88.99     668.77      26.56  134.9  -45.0  630.0  180.0
    19.8006     -81.57      11.77     894.52      67.03     754.66      22.98  134.9  -45.0  630.0  180.0
    19.8528     -80.46      14.49     935.06      85.66     682.58      26.22  134.9  -45.0  630.0  180.0
    20.2342    -100.62      14.15     989.37      88.34     703.32      27.09  134.9  -45.0  630.0  180.0
    20.2864     -99.23      13.24     990.46      82.44     739.27      26.54  134.9  -45.0  630.0  180.0
    20.3386    -102.08      13.26     994.32      83.07     737.17      26.69  134.9  -45.0  630.0  180.0
    20.3908     -96.09      12.67     869.28      70.92     705.05      23.00  134.9  -45.0  630.0  180.0
    20.7721     -93.40      12.99     841.40      70.83     669.63      22.10  134.9  -45.0  630.0  180.0
    20.8243     -89.88      15.43     988.54      95.89     647.33      27.15  134.9  -45.0  630.0  180.0
    20.8765     -85.21      12.91     825.81      69.50     653.99      21.41  134.9  -45.0  630.0  180.0
    20.9287     -88.37      12.58     913.94      73.16     728.92      23.99  134.9  -45.0  630.0  180.0
    21.3101     -83.24      15.44     898.49      88.67     591.00      23.89  134.9  -45.0  630.0  180.0
    21.3623     -77.31      16.47     805.41      87.26     483.23      20.21  134.9  -45.0  630.0  180.0
    21.4145     -81.84      15.36     807.63      81.59     551.46      21.47  134.9  -45.0  630.0  180.0
    21.4667     -78.82      15.52     899.76      89.70     518.71      21.05  134.9  -45.0  630.0  180.0
    21.8481     -74.70      16.65     926.20      97.82     584.40      25.64  134.9  -45.0  630.0  180.0
    21.9003     -79.61      15.91     921.10      93.19     611.91      25.72  134.9  -45.0  630.0  180.0
    21.9528     -87.80      13.52     931.24      79.97     702.96      25.31  134.9  -45.0  630.0  180.0
    22.0048     -82.19      10.47     804.50      54.88     651.41      16.93  134.9  -45.0  630.0  180.0
    22.3862     -62.92       8.97     826.64      47.82     963.96      21.58  134.9  -45.0  630.0  180.0
    22.4383     -78.07       8.10     896.58      45.95     948.02      19.66  134.9  -45.0  630.0  180.0
    22.4905     -89.46       9.08     792.10      47.21     932.30      20.97  134.9  -45.0  630.0  180.0
    22.5427     -86.42       7.97     814.86      42.01     871.40      17.09  134.9  -45.0  630.0  180.0
    22.9240     -53.33       8.97     862.92      49.36     989.64      22.38  134.9  -45.0  630.0  180.0
    22.9762     -57.96       8.28     904.63      47.07     956.54      20.09  134.9  -45.0  630.0  180.0
    23.0284     -41.86       8.80     753.28      43.80     928.00      19.83  134.9  -45.0  630.0  180.0
    23.0806     -42.88       8.60     884.36      47.85     927.18      20.18  134.9  -45.0  630.0  180.0
    23.4620     -70.65      11.19     903.50      64.16     867.37      25.15  134.9  -45.0  630.0  180.0
    23.5142     -59.56      11.45     854.35      62.90     838.56      24.54  134.9  -45.0  630.0  180.0
    23.5665     -50.24      11.20     925.30      65.24     878.82      25.60  134.9  -45.0  630.0  180.0
    23.6186     -44.14      11.20     833.48      60.30     845.41      23.81  134.9  -45.0  630.0  180.0
    24.0000     -40.53       7.33     771.65      36.84     922.70      16.20  134.9  -45.0  630.0  180.0
    24.0522     -42.06       8.46     858.07      46.11    1060.59      22.43  134.9  -45.0  630.0  180.0
    24.1044     -44.74       7.60     901.04      42.95    1037.03      19.87  134.9  -45.0  630.0  180.0
    24.1566     -41.29       8.55     969.11      51.19    1139.60      25.52  134.9  -45.0  630.0  180.0
    24.5380     -54.16       8.97     905.52      51.09    1085.17      24.97  134.9  -45.0  630.0  180.0
    24.5902     -55.67       6.48     794.00      33.28    1091.32      17.12  134.9  -45.0  630.0  180.0
    24.6424     -58.38       8.76     920.91      50.59    1114.22      25.23  134.9  -45.0  630.0  180.0
    24.6946     -58.72       6.27     783.16      31.82    1061.02      15.94  134.9  -45.0  630.0  180.0
    25.0759     -50.53       7.62     894.27      42.91    1290.83      25.00  134.9  -45.0  630.0  180.0
    25.1281     -45.44       7.50     806.77      39.17    1278.31      23.75  134.9  -45.0  630.0  180.0
    25.1804     -46.68       6.62     954.44      39.04    1458.91      24.93  134.9  -45.0  630.0  180.0
    25.2325     -50.97       7.44     813.09      39.14    1298.86      23.97  134.9  -45.0  630.0  180.0
    25.6139     -84.05       8.93     942.59      52.99    1100.29      25.90  134.9  -45.0  630.0  180.0
    25.6661     -83.61       9.81     818.42      52.31     976.01      24.08  134.9  -45.0  630.0  180.0
    25.7183     -79.56       9.74     941.23      57.86    1011.75      26.11  134.9  -45.0  630.0  180.0
    25.7705     -80.50      10.11     948.25      60.38     972.49      26.00  134.9  -45.0  630.0  180.0
    26.1518     -60.42      14.68     927.97      85.81     667.86      25.67  134.9  -45.0  630.0  180.0
    26.2040     -56.52       9.46     932.60      55.20     671.85      16.42  134.9  -45.0  630.0  180.0
    26.2562     -54.63      15.69     842.25      85.57     602.37      24.12  134.9  -45.0  630.0  180.0
    26.3085     -38.73      11.25     783.79      57.56     607.78      16.80  134.9  -45.0  630.0  180.0
    26.6898     -46.94      15.13     756.88      76.36     400.38      14.94  134.9  -45.0  630.0  180.0
    26.7422     -53.99      22.73     838.07     124.56     407.32      24.01  134.9  -45.0  630.0  180.0
    26.7942     -49.75      14.34     840.59      77.48     407.45      14.71  134.9  -45.0  630.0  180.0
    26.8464     -54.99      25.23     788.73     131.48     355.92      22.69  134.9  -45.0  630.0  180.0
    27.2277     -34.09      26.20     723.85     128.90     321.05      20.96  134.9  -45.0  630.0  180.0
    27.2799     -36.29      18.43     719.06      89.66     291.14      13.04  134.9  -45.0  630.0  180.0
    27.3321     -43.48      31.70     811.07     167.61     286.35      22.97  134.9  -45.0  630.0  180.0
    27.3843     -24.22      19.44     702.69      93.56     274.19      12.95  134.9  -45.0  630.0  180.0
    27.7656     -43.36      41.65     689.41     200.54     181.77      18.66  134.9  -45.0  630.0  180.0
    27.8178     -41.79      32.24     601.31     143.22     199.01      15.35  134.9  -45.0  630.0  180.0
    27.8700     -40.60      29.80     690.26     142.39     188.10      13.66  134.9  -45.0  630.0  180.0
    27.9222     -30.19      41.51     652.16     195.57     174.65      17.98  134.9  -45.0  630.0  180.0
    28.3037     -50.03      33.58     687.66     163.08     158.26      13.29  134.9  -45.0  630.0  180.0
    28.3558     -59.80      53.99     668.51     257.66     143.09      19.03  134.9  -45.0  630.0  180.0
    28.4080     -62.41      36.53     772.95     190.00     154.48      14.37  134.9  -45.0  630.0  180.0
    28.4602     -54.05      53.90     761.75     290.84     162.53      22.89  134.9  -45.0  630.0  180.0
    28.8416     -88.47      68.37     701.85     346.04     121.52      21.59  134.9  -45.0  630.0  180.0
    28.8938     -74.34      62.90     588.47     302.01     126.35      20.60  134.9  -45.0  630.0  180.0
    28.9460     -50.51      57.98     960.70     354.80     136.96      21.66  134.9  -45.0  630.0  180.0
    28.9982     -45.42      54.22     739.76     274.21     112.31      15.51  134.9  -45.0  630.0  180.0
    29.3797     -44.47      30.68     981.90     188.42     323.41      26.80  134.9  -45.0  630.0  180.0
    29.4317     -34.63      26.91     906.21     154.41     356.99      25.22  134.9  -45.0  630.0  180.0
    29.4839     -37.08      19.18     904.60     109.72     479.36      23.99  134.9  -45.0  630.0  180.0
    29.5361     -22.98      20.35     862.98     112.72     467.99      24.45  134.9  -45.0  630.0  180.0
    18.8956      75.04       9.43     930.68      53.04     889.93      20.84  147.5   39.9  630.0  180.0
    19.4335      93.51       8.98     814.84      45.74     932.27      20.00  147.5   39.9  630.0  180.0
    19.9715      82.43       8.50    1013.39      50.78    1161.61      25.10  147.5   39.9  630.0  180.0
    20.5094      82.13       8.65     908.70      47.78    1147.02      24.40  147.5   39.9  630.0  180.0
    21.0474      71.38       8.96     818.69      46.20    1079.02      23.31  147.5   39.9  630.0  180.0
    21.5854      66.56       9.12     847.17      47.92     895.68      19.73  147.5   39.9  630.0  180.0
    22.1234      62.12       9.64     974.56      56.43    1027.62      25.10  147.5   39.9  630.0  180.0
    22.6614      54.57       6.97     862.15      37.00    1066.21      17.77  147.5   39.9  630.0  180.0
    23.1993      52.12       8.83     985.90      52.21    1121.20      25.30  147.5   39.9  630.0  180.0
    23.7373      50.48      10.03     834.69      52.65     875.58      21.39  147.5   39.9  630.0  180.0
    24.2753      37.57      12.43     821.86      65.05     758.36      23.19  147.5   39.9  630.0  180.0
    24.8132      59.03       8.75     939.39      49.73    1113.92      24.47  147.5   39.9  630.0  180.0
    25.3512      63.15       8.21     917.12      45.72    1198.79      24.38  147.5   39.9  630.0  180.0
    25.8890      75.60       7.30     786.22      36.31     896.96      15.35  147.5   39.9  630.0  180.0
    26.4271      57.08      15.47     892.99      85.74     616.63      24.13  147.5   39.9  630.0  180.0
    26.9652      39.70      23.38     822.84     123.12     391.42      22.76  147.5   39.9  630.0  180.0
    27.5029      16.40      20.31     778.16     103.73     278.57      13.97  147.5   39.9  630.0  180.0
    28.0409       0.23      49.27     673.33     232.42     167.70      20.17  147.5   39.9  630.0  180.0
    28.5789     -24.38      59.45     604.42     262.18     120.83      17.38  147.5   39.9  630.0  180.0
    29.1168     -30.88      56.66     593.62     257.04     141.81      20.09  147.5   39.9  630.0  180.0
    29.6548      11.56       9.94     880.05      54.97    1112.95      27.88  147.5   39.9  630.0  180.0
