  Image    fringe1  fringe2  fringe3  fringe4  fringe5  fringe6  fringe7
-----------------------------------------------------------------------------
    1     0.724894 0.721550 0.721113 0.715982 0.709115 0.706655 0.704535
    2     0.723427 0.721764 0.720594 0.714256 0.708764 0.707785 0.705661
    3     0.729232 0.725310 0.723913 0.718606 0.713210 0.710086 0.707184
    4     0.728251 0.725763 0.724310 0.717962 0.714862 0.710757 0.707559
    5     0.733188 0.728995 0.726507 0.721617 0.718917 0.713814 0.712779
    6     0.737070 0.732580 0.729666 0.726227 0.721581 0.717418 0.715521
    7     0.737548 0.733632 0.730570 0.726456 0.721790 0.715812 0.717892
    8     0.736156 0.735397 0.729421 0.727541 0.720760 0.715522 0.717047
    9     0.736800 0.735806 0.728867 0.724014 0.719250 0.715622 0.714528
   10     0.722240 0.718715 0.717572 0.711300 0.707683 0.705571 0.701187
   11     0.717640 0.712526 0.710332 0.705609 0.701383 0.698428 0.698642
   12     0.714988 0.714567 0.711157 0.704941 0.699143 0.697737 0.697280
   13     0.727471 0.724394 0.720446 0.717649 0.710701 0.708364 0.713205
   14     0.729420 0.726015 0.722305 0.718468 0.714513 0.709406 0.709812
   15     0.736988 0.736948 0.733668 0.727613 0.722309 0.721548 0.719723
   16     0.742047 0.742028 0.738363 0.732576 0.728458 0.722632 0.723542
   17     0.743486 0.742652 0.735734 0.732226 0.729523 0.724270 0.727694
   18     0.740728 0.736629 0.737736 0.734956 0.728352 0.727137 0.727314
   19     0.742881 0.741943 0.737054 0.729517 0.727204 0.726027 0.727805
   20     0.721330 0.717476 0.714483 0.711308 0.706123 0.701315 0.699246
   21     0.715146 0.710079 0.707266 0.701067 0.699966 0.694380 0.692729
   22     0.715030 0.708840 0.704543 0.701160 0.698364 0.694947 0.694896
   23     0.726652 0.723868 0.722329 0.714148 0.709526 0.704230 0.705323
   24     0.728726 0.727966 0.723306 0.718668 0.714239 0.710272 0.709132
   25     0.738639 0.733517 0.732247 0.726381 0.724080 0.719043 0.720515
   26     0.744498 0.738961 0.733647 0.730352 0.726414 0.724506 0.722407
   27     0.740271 0.739110 0.737102 0.730044 0.727888 0.719678 0.723137
   28     0.740213 0.738144 0.734614 0.732510 0.724077 0.723171 0.725807
   29     0.742171 0.738355 0.736498 0.731116 0.726204 0.721862 0.720049
   30     0.720604 0.717487 0.715516 0.711198 0.705720 0.701289 0.700346
   31     0.714233 0.712413 0.709287 0.705559 0.701513 0.696639 0.694721
   32     0.712580 0.707514 0.704464 0.700985 0.692957 0.690265 0.691633
   33     0.725308 0.723299 0.719467 0.716110 0.710587 0.705687 0.709408
   34     0.730213 0.725351 0.723789 0.718814 0.714954 0.709060 0.708571
   35     0.743050 0.738943 0.734451 0.729990 0.726593 0.723244 0.719529
   36     0.745489 0.742904 0.738169 0.729668 0.728016 0.725509 0.729450
   37     0.741788 0.742730 0.741400 0.734322 0.727179 0.724683 0.724875
   38     0.743211 0.741381 0.739358 0.734600 0.729825 0.723868 0.727552
   39     0.740797 0.740603 0.739799 0.732818 0.729876 0.723561 0.725941
   40     0.720331 0.718175 0.716301 0.710787 0.705997 0.701331 0.698415
   41     0.716020 0.712804 0.708926 0.704128 0.699228 0.695486 0.695988
   42     0.710238 0.707705 0.703961 0.699006 0.696717 0.689650 0.690772
   43     0.727912 0.725089 0.722066 0.717403 0.712971 0.709327 0.712148
   44     0.730058 0.726203 0.724473 0.717865 0.715900 0.710252 0.708641
   45     0.739604 0.737685 0.734108 0.727513 0.723566 0.719954 0.718657
   46     0.743381 0.738857 0.735686 0.732349 0.730424 0.722990 0.725846
   47     0.743223 0.739768 0.738691 0.730613 0.726218 0.722008 0.724941
   48     0.742280 0.738191 0.735492 0.729959 0.726738 0.721471 0.725874
   49     0.742084 0.741497 0.736454 0.727004 0.726589 0.725976 0.724046
   50     0.724738 0.721587 0.717684 0.712886 0.708743 0.704950 0.702971
   51     0.717443 0.714671 0.711128 0.705510 0.700766 0.697759 0.696541
   52     0.712000 0.709119 0.704431 0.701687 0.696743 0.693719 0.693730
   53     0.727220 0.725024 0.720043 0.718050 0.711661 0.710174 0.709711
   54     0.733247 0.729488 0.728719 0.721252 0.719677 0.714923 0.714418
   55     0.740565 0.737061 0.734728 0.727591 0.725266 0.720950 0.720653
   56     0.741178 0.734936 0.734086 0.731628 0.725054 0.724369 0.728486
   57     0.737588 0.739938 0.734436 0.731915 0.722249 0.721542 0.723695
   58     0.739490 0.740226 0.736485 0.729543 0.726186 0.719687 0.724468
   59     0.740252 0.734363 0.733971 0.731218 0.727044 0.724257 0.722465
   60     0.729429 0.725215 0.720961 0.716444 0.712617 0.708657 0.705039
   61     0.715008 0.715273 0.713678 0.708513 0.702096 0.696873 0.698193
   62     0.712617 0.707308 0.706472 0.704352 0.698822 0.692485 0.694300
   63     0.728671 0.725149 0.719677 0.716233 0.713090 0.709871 0.710223
   64     0.737473 0.732892 0.729507 0.725269 0.721903 0.717255 0.717485
   65     0.743274 0.741799 0.738057 0.732886 0.729272 0.726524 0.727403
   66     0.738373 0.737152 0.735338 0.728038 0.726381 0.718497 0.725178
   67     0.738648 0.736676 0.736696 0.729958 0.725246 0.723890 0.723248
   68     0.741128 0.739141 0.736306 0.731354 0.728783 0.723521 0.722891
   69     0.744312 0.738163 0.732475 0.730144 0.729010 0.721235 0.719893
   70     0.725344 0.723576 0.719728 0.716565 0.713974 0.709071 0.706543
   71     0.717230 0.713691 0.713414 0.708047 0.705252 0.699057 0.698364
   72     0.714178 0.711463 0.706338 0.702459 0.696680 0.696365 0.692645
   73     0.730845 0.727957 0.724051 0.719668 0.716794 0.711960 0.711893
   74     0.731906 0.731180 0.728595 0.723401 0.718975 0.715027 0.712518
   75     0.743281 0.739828 0.735615 0.733284 0.728450 0.721322 0.721202
   76     0.737472 0.734797 0.733308 0.727787 0.723848 0.719403 0.718442
   77     0.741710 0.738694 0.734392 0.727869 0.726363 0.721689 0.721231
   78     0.741996 0.742224 0.735980 0.733072 0.726886 0.722602 0.721286
   79     0.740601 0.739363 0.736225 0.732632 0.726714 0.722646 0.723269
   80     0.727090 0.725603 0.721026 0.717590 0.713885 0.709630 0.706212
   81     0.717699 0.717669 0.715981 0.707296 0.706913 0.700618 0.697394
   82     0.716472 0.711405 0.706457 0.704056 0.699322 0.696845 0.693864
   83     0.726290 0.723529 0.721830 0.718356 0.713078 0.707421 0.709233
   84     0.735810 0.728896 0.727393 0.722406 0.718885 0.713578 0.711782
   85     0.740077 0.735441 0.732709 0.727485 0.724289 0.719688 0.718905
   86     0.737928 0.734339 0.731712 0.723818 0.721770 0.719288 0.717058
   87     0.736721 0.736124 0.730453 0.726038 0.723144 0.719159 0.720498
   88     0.735198 0.731998 0.731016 0.723457 0.719612 0.715879 0.716267
   89     0.734807 0.733443 0.732079 0.723276 0.721084 0.713791 0.716184
   90     0.728146 0.726594 0.722678 0.715614 0.713329 0.709871 0.709960
   91     0.720720 0.716568 0.714880 0.709734 0.704204 0.701008 0.702119
   92     0.715535 0.713264 0.711656 0.704016 0.700962 0.696701 0.694582
   93     0.728862 0.725601 0.721197 0.716853 0.712071 0.709544 0.711376
   94     0.734727 0.732606 0.728821 0.723258 0.721715 0.716227 0.714703
   95     0.740498 0.738271 0.733336 0.729175 0.726079 0.719902 0.720151
   96     0.738820 0.737602 0.732534 0.728064 0.725331 0.720610 0.724540
   97     0.736819 0.735561 0.732313 0.727817 0.722566 0.719772 0.719573
   98     0.737028 0.732703 0.729794 0.725646 0.721237 0.716490 0.721175
   99     0.735422 0.731573 0.729055 0.726355 0.721272 0.715536 0.718168
  100     0.728331 0.725638 0.721233 0.718010 0.709947 0.709150 0.709217
  101     0.719337 0.717519 0.714337 0.711935 0.701710 0.702757 0.703583
  102     0.716289 0.715826 0.713492 0.707343 0.703339 0.696015 0.695425
  103     0.726376 0.726394 0.720088 0.717008 0.712164 0.706015 0.707015
  104     0.735284 0.734195 0.729189 0.725211 0.719358 0.717178 0.716948
  105     0.735969 0.732100 0.729907 0.726478 0.720815 0.718237 0.718575
  106     0.734767 0.732206 0.729092 0.725924 0.720941 0.715959 0.713119
  107     0.736360 0.732789 0.728451 0.723985 0.719468 0.716474 0.716970
  108     0.734707 0.732253 0.731896 0.724071 0.721806 0.717104 0.715540
  109     0.735102 0.732337 0.729016 0.724082 0.720598 0.716334 0.716416
  110     0.729675 0.727772 0.723731 0.718459 0.713161 0.709270 0.708238
  111     0.724032 0.720580 0.717451 0.711848 0.706268 0.703063 0.701068
  112     0.716935 0.713306 0.710471 0.706825 0.700547 0.696870 0.695881
  113     0.730347 0.726653 0.723568 0.716833 0.717780 0.708794 0.709628
  114     0.730851 0.731274 0.728370 0.721462 0.718562 0.715019 0.711765
  115     0.738015 0.737175 0.732628 0.728660 0.723419 0.721171 0.721390
  116     0.735965 0.733854 0.732405 0.726211 0.723160 0.718059 0.718034
  117     0.737021 0.734069 0.731208 0.726696 0.722345 0.720499 0.716823
  118     0.736945 0.736783 0.730688 0.728905 0.722786 0.718974 0.716925
  119     0.738301 0.736561 0.731416 0.728048 0.720993 0.718204 0.718070
  120     0.726747 0.724552 0.720962 0.716591 0.713737 0.708808 0.709133
  121     0.719148 0.716755 0.712478 0.708297 0.704884 0.699470 0.699604
  122     0.718189 0.714496 0.710686 0.705582 0.702068 0.696368 0.696716
  123     0.727497 0.725286 0.722519 0.717350 0.714108 0.709157 0.710250
  124     0.731946 0.727521 0.723204 0.721224 0.715246 0.712588 0.711059
  125     0.735765 0.734322 0.730914 0.725473 0.720929 0.715886 0.715935
  126     0.737615 0.732454 0.730441 0.726815 0.721924 0.716836 0.717874
  127     0.737785 0.733107 0.729037 0.724353 0.721434 0.716331 0.715695
  128     0.734866 0.733209 0.730285 0.725064 0.722671 0.717439 0.716787
  129     0.737803 0.735258 0.730467 0.725886 0.720774 0.718096 0.715547
  130     0.726364 0.721077 0.718742 0.714122 0.709862 0.706742 0.702099
  131     0.719037 0.714700 0.713735 0.707892 0.704548 0.700213 0.696967
  132     0.716949 0.712409 0.708726 0.707009 0.700902 0.697616 0.695542
  133     0.728042 0.726472 0.723401 0.719751 0.714606 0.710479 0.711272
  134     0.732084 0.728770 0.724086 0.720956 0.716453 0.712235 0.712648
  135     0.737818 0.733932 0.731276 0.726651 0.721355 0.716139 0.715959
  136     0.741718 0.738644 0.735888 0.731949 0.728098 0.723214 0.723137
  137     0.742718 0.738836 0.736448 0.731165 0.728162 0.722229 0.721931
  138     0.743772 0.738049 0.734138 0.730198 0.726392 0.722528 0.722599
  139     0.741169 0.738546 0.735840 0.730839 0.727017 0.722925 0.722471
  140     0.724631 0.720115 0.716613 0.712120 0.708742 0.703951 0.702851
  141     0.719764 0.714779 0.709354 0.705362 0.700879 0.697127 0.696493
  142     0.715839 0.715827 0.709747 0.706651 0.703639 0.695820 0.696393
  143     0.727786 0.728113 0.722819 0.719646 0.717599 0.707407 0.708286
  144     0.730022 0.728060 0.722774 0.720727 0.714841 0.711812 0.709353
  145     0.735282 0.732060 0.728432 0.723526 0.722045 0.715972 0.714249
  146     0.739968 0.731578 0.731700 0.729156 0.726172 0.718772 0.720487
  147     0.735382 0.737322 0.731352 0.727238 0.723946 0.718897 0.719047
  148     0.738499 0.735473 0.730197 0.728631 0.721257 0.715632 0.721365
  149     0.736405 0.732610 0.728481 0.724775 0.719565 0.715995 0.715072
  150     0.724032 0.722620 0.719000 0.712918 0.708866 0.702930 0.700579
  151     0.718589 0.715026 0.714410 0.710105 0.708505 0.699676 0.700712
  152     0.716048 0.715535 0.712760 0.709166 0.706596 0.698452 0.701256
  153     0.729080 0.728373 0.725263 0.720502 0.714431 0.708633 0.715268
  154     0.728945 0.728901 0.721692 0.723845 0.715401 0.711500 0.711973
  155     0.740089 0.735368 0.730478 0.727599 0.722138 0.718265 0.719506
  156     0.735180 0.735224 0.727556 0.732311 0.719400 0.717886 0.716651
  157     0.734011 0.732813 0.732460 0.726528 0.723178 0.718465 0.725478
  158     0.731830 0.735320 0.730422 0.727492 0.721019 0.720939 0.720689
  159     0.735551 0.733622 0.732126 0.726462 0.722757 0.718192 0.726900
  160     0.727528 0.724398 0.719406 0.717466 0.713045 0.708912 0.705203
  161     0.722908 0.719613 0.714412 0.711383 0.709183 0.699120 0.711807
  162     0.715124 0.714870 0.713595 0.704478 0.704140 0.696448 0.707970
  163     0.724922 0.726221 0.726479 0.718427 0.715173 0.709258 0.716616
  164     0.732568 0.731037 0.729616 0.724215 0.720983 0.713196 0.715941
  165     0.737611 0.737930 0.727431 0.722760 0.718625 0.722608 0.726742
  166     0.724621 0.735291 0.726462 0.732817 0.721446 0.711321 0.722561
  167     0.731946 0.731555 0.728059 0.729064 0.714742 0.716947 0.723117
  168     0.730955 0.730630 0.731791 0.724133 0.723812 0.713404 0.732462
  169     0.733040 0.727747 0.724601 0.722933 0.714562 0.714632 0.726470
  170     0.727609 0.728842 0.723364 0.722036 0.716424 0.712886 0.715819
  171     0.726268 0.718910 0.723533 0.717481 0.715652 0.702504 0.714145
  172     0.721436 0.725786 0.713918 0.710684 0.712859 0.699812 0.705967
  173     0.731675 0.728070 0.727968 0.715773 0.714861 0.702830 0.724918
  174     0.734984 0.734312 0.729484 0.728471 0.725038 0.709581 0.715756
  175     0.735986 0.733561 0.733143 0.720280 0.724110 0.721472 0.732990
  176     0.728714 0.733345 0.726886 0.719581 0.717273 0.727211 0.738464
  177     0.726673 0.726390 0.728774 0.725302 0.730479 0.723136 0.726917
  178     0.741430 0.732186 0.727317 0.714658 0.719602 0.720712 0.727310
  179     0.732614 0.735893 0.723994 0.721954 0.721421 0.712942 0.724151
  180     0.737306 0.733368 0.737559 0.736089 0.722875 0.715795 0.722664
  181     0.727066 0.713423 0.726037 0.721394 0.716896 0.709400 0.732168
  182     0.723439 0.725425 0.732808 0.714750 0.716034 0.707402 0.715903
  183     0.729407 0.729708 0.731526 0.724549 0.706040 0.716964 0.727852
  184     0.740178 0.734302 0.735012 0.727387 0.725405 0.710722 0.727849
  185     0.738044 0.739050 0.725458 0.728334 0.727117 0.721112 0.741719
  186     0.734066 0.739501 0.739351 0.726635 0.712732 0.710993 0.737078
  187     0.730883 0.730528 0.733199 0.731990 0.727497 0.719138 0.745459
  188     0.739051 0.724482 0.732109 0.730439 0.720379 0.726080 0.740994
  189     0.726763 0.739990 0.727923 0.723256 0.729395 0.721663 0.736085
  190     0.741559 0.730071 0.728245 0.727532 0.717984 0.725004 0.741467
  191     0.724105 0.726570 0.735855 0.714864 0.718446 0.713242 0.753824
  192     0.725973 0.715527 0.719727 0.722294 0.718381 0.713988 0.727150
  193     0.730379 0.731751 0.736824 0.726313 0.719802 0.684780 0.733686
  194     0.732177 0.741412 0.725730 0.736833 0.741895 0.723262 0.772408
  195     0.736403 0.733837 0.721632 0.730227 0.727755 0.717493 0.749873
  196     0.739239 0.734826 0.719917 0.746855 0.723886 0.725569 0.758249
  197     0.737389 0.741982 0.747867 0.726537 0.719942 0.717409 0.737263
  198     0.742468 0.726894 0.739226 0.735359 0.709577 0.706880 0.738236
  199     0.738662 0.735736 0.730294 0.731364 0.716699 0.712555 0.729514
  200     0.736287 0.746062 0.735715 0.726070 0.721382 0.714003 0.735550
  201     0.739986 0.724178 0.728231 0.721255 0.707608 0.707875 0.753545
  202     0.729255 0.726523 0.726276 0.728097 0.718913 0.712269 0.719772
  203     0.733682 0.740016 0.725600 0.719271 0.721688 0.713542 0.724587
  204     0.741381 0.725074 0.739113 0.721871 0.724384 0.713043 0.737120
  205     0.731696 0.735503 0.729608 0.724976 0.724069 0.724141 0.741683
  206     0.736962 0.736653 0.726474 0.726190 0.719585 0.719262 0.728743
  207     0.732151 0.731243 0.730097 0.732171 0.717429 0.714562 0.724615
  208     0.734576 0.729505 0.732251 0.721190 0.723346 0.718081 0.725013
  209     0.733497 0.731366 0.727236 0.724374 0.716215 0.718137 0.715378
  210     0.729400 0.726385 0.724726 0.717566 0.716066 0.710580 0.711180
  211     0.728007 0.725469 0.722246 0.717420 0.714490 0.709288 0.710054
  212     0.726235 0.725033 0.725164 0.718230 0.712487 0.707669 0.705297
