   1.565  -0.110  18.833
   1.594  -0.108  19.367
   1.580  -0.094  19.900
   1.588  -0.101  20.450
   1.565  -0.080  20.983
   1.567  -0.098  21.517
   1.576  -0.098  22.050
   1.560  -0.076  22.600
   1.548  -0.077  23.133
   1.543  -0.048  23.667
   1.541  -0.058  24.217
   1.551  -0.055  24.750
   1.525  -0.063  25.283
   1.513  -0.063  25.817
   1.523  -0.057  26.367
   1.503  -0.040  26.900
   1.529  -0.077  27.433
   1.513  -0.043  27.983
   1.530  -0.055  28.517
   1.516  -0.054  29.050
   1.518  -0.048  29.583
   1.541  -0.062  29.767
   1.545  -0.071
