MRH 20150618
    23.73    70.23   116.70   163.20   209.65   256.15   302.63
    46.49    46.47    46.50    46.45    46.50    46.48    46.48
     0.83392453     0.55943817     0.36175382     0.21865165     0.12424142     0.06267864     0.02701560     0.00869293    -0.00156916    -0.00621395    -0.00595323    -0.00547634    -0.00354810    -0.00373645    -0.00331357    -0.00039751    -0.00004382    -0.00114867
    -0.02339058    -0.02978134    -0.03443681    -0.04110360    -0.04314677    -0.04055637    -0.03501608    -0.02830743    -0.02085470    -0.01452020    -0.00772331    -0.00504135    -0.00275228    -0.00038730     0.00128194     0.00207919     0.00131459     0.00020650
     1.00000000     0.67144823     0.43559709     0.26667750     0.15771435     0.08966915     0.05317689     0.03589558     0.02526315     0.01940840     0.01213933     0.01014300     0.00690449     0.00596954     0.00548388     0.00476260     0.00461946     0.00372746
     0.83093846     0.54203725     0.33200690     0.18816206     0.10001889     0.04561246     0.02002358     0.00731985     0.00085363     0.00028644     0.00066370     0.00014476     0.00057236    -0.00044031    -0.00005909    -0.00041111     0.00062298     0.00100293
     0.03838065     0.04139456     0.02988942     0.00734662    -0.00802641    -0.01682759    -0.02017387    -0.01635469    -0.01297072    -0.00829474    -0.00414824    -0.00206203     0.00054741     0.00087813     0.00136219     0.00116513    -0.00054878    -0.00009897
     1.00000000     0.65376920     0.40097669     0.22638823     0.12087122     0.05839944     0.03446265     0.02202536     0.01638582     0.01040478     0.00634067     0.00487623     0.00357353     0.00360420     0.00357437     0.00298023     0.00357171     0.00282227
     0.83433616     0.51950216     0.29482263     0.15408079     0.07277934     0.03307277     0.01269751     0.00553710    -0.00014270    -0.00069094    -0.00124622    -0.00126118    -0.00065301    -0.00023447     0.00134800     0.00019927     0.00074805    -0.00120825
     0.08983871     0.10198142     0.07544762     0.03692319     0.00742663    -0.01024701    -0.01514627    -0.01489364    -0.01071630    -0.00655558    -0.00225803    -0.00016430     0.00127191     0.00177092     0.00061287    -0.00091265    -0.00012220    -0.00153762
     1.00000000     0.63156140     0.36389253     0.18994677     0.08809931     0.04191660     0.02422189     0.01986483     0.01339972     0.00881862     0.00434577     0.00431678     0.00352766     0.00428263     0.00425485     0.00334737     0.00360454     0.00423705
     0.83733338     0.51250023     0.28113136     0.13484295     0.05025648     0.01033016    -0.00622513    -0.00773142    -0.00708774    -0.00516961    -0.00337762    -0.00156049    -0.00050698     0.00008053     0.00133019     0.00144374     0.00266110     0.00082017
     0.03232817     0.03107741     0.01253007    -0.00362529    -0.01502931    -0.01627948    -0.01671048    -0.01086505    -0.00491636    -0.00105137     0.00079503     0.00320921     0.00342739     0.00324316     0.00206475     0.00150454    -0.00014089    -0.00026079
     1.00000000     0.61268055     0.33590284     0.16113509     0.06281813     0.02355674     0.02146105     0.01636704     0.01072528     0.00722262     0.00554395     0.00533385     0.00513543     0.00520336     0.00463333     0.00403607     0.00445835     0.00411152
     0.82916594     0.48745733     0.24989197     0.10728606     0.03691868     0.00453004    -0.00263064    -0.00359476    -0.00312299    -0.00096180    -0.00362017    -0.00265127    -0.00349968    -0.00440106    -0.00089517    -0.00279305     0.00069414    -0.00165450
     0.08319642     0.09410168     0.05737852     0.02326239    -0.00347110    -0.01488201    -0.01610075    -0.01238183    -0.00748507    -0.00281101    -0.00227424     0.00100041    -0.00258035     0.00037451    -0.00035929     0.00174021     0.00113603    -0.00115045
     1.00000000     0.59538543     0.30805871     0.13214140     0.04476884     0.02003506     0.02021679     0.01573390     0.01097809     0.00512236     0.00623909     0.00564038     0.00677644     0.00713361     0.00488704     0.00500042     0.00468151     0.00465957
     0.82373798     0.46931663     0.22819342     0.08570117     0.01388878    -0.01172080    -0.01515329    -0.01058449    -0.00734323    -0.00594468    -0.00491359    -0.00325985    -0.00246018    -0.00457735    -0.00333943    -0.00570454    -0.00650603    -0.00658641
     0.02409238     0.01930785     0.00344961    -0.00381248    -0.00821243    -0.00963199    -0.00983563    -0.00401787    -0.00373798    -0.00137134    -0.00284196    -0.00131688    -0.00304833    -0.00167625    -0.00346635    -0.00073972     0.00136245     0.00390242
     1.00000000     0.56986248     0.27719939     0.10452654     0.02435086     0.02136878     0.02238459     0.01455492     0.01118721     0.00842658     0.00808410     0.00696466     0.00717343     0.00782136     0.00918867     0.01228836     0.01374259     0.01329407
     0.81098014     0.44481650     0.20096977     0.06424934     0.00772808    -0.00846594    -0.01023973    -0.00471106    -0.00163437    -0.00104508    -0.00144553    -0.00400430    -0.00513932    -0.00564119    -0.00665769    -0.00877901    -0.00711276    -0.00524401
     0.07522093     0.07601785     0.04421421     0.01428214    -0.00584003    -0.00945612    -0.01041899    -0.00498935    -0.00486502    -0.00240990    -0.00415690    -0.00222938    -0.00108773    -0.00065748    -0.00034595    -0.00101610    -0.00355108    -0.00307590
     1.00000000     0.55413872     0.25289917     0.08106447     0.01402919     0.01628082     0.01823157     0.00872283     0.00745245     0.00537971     0.00630439     0.00664666     0.00823932     0.00831483     0.01008918     0.01250064     0.01128149     0.00913458
   1.545  -0.071  400    2    0    0    0  0.000 18.000
