                 MRH
   18    6 2015
    18.4705        NaN        NaN        NaN        NaN     854.84      32.77  102.6    0.0  630.0  180.0
    19.0084        NaN        NaN        NaN        NaN     719.69      84.38  102.6    0.0  630.0  180.0
    19.5466        NaN        NaN        NaN        NaN     602.59     117.36  102.6    0.0  630.0  180.0
    20.0843        NaN        NaN        NaN        NaN     620.36      94.87  102.6    0.0  630.0  180.0
    20.6222        NaN        NaN        NaN        NaN     845.89      18.75  102.6    0.0  630.0  180.0
    21.1601        NaN        NaN        NaN        NaN     601.80      14.69  102.6    0.0  630.0  180.0
    21.6981        NaN        NaN        NaN        NaN     903.55      22.37  102.6    0.0  630.0  180.0
    22.2361        NaN        NaN        NaN        NaN     839.12      30.79  102.6    0.0  630.0  180.0
    22.7741        NaN        NaN        NaN        NaN     882.41      49.25  102.6    0.0  630.0  180.0
    23.3121        NaN        NaN        NaN        NaN     799.35      57.04  102.6    0.0  630.0  180.0
    23.8500        NaN        NaN        NaN        NaN     791.91      58.06  102.6    0.0  630.0  180.0
    24.3881        NaN        NaN        NaN        NaN     769.02      68.47  102.6    0.0  630.0  180.0
    24.9262        NaN        NaN        NaN        NaN     770.17      97.07  102.6    0.0  630.0  180.0
    25.4642        NaN        NaN        NaN        NaN     718.82      80.65  102.6    0.0  630.0  180.0
    26.0024        NaN        NaN        NaN        NaN     718.28      92.85  102.6    0.0  630.0  180.0
    26.5402        NaN        NaN        NaN        NaN     680.21      77.78  102.6    0.0  630.0  180.0
    27.0781        NaN        NaN        NaN        NaN     677.10      98.36  102.6    0.0  630.0  180.0
    27.6162        NaN        NaN        NaN        NaN     766.46      96.43  102.6    0.0  630.0  180.0
    28.1541        NaN        NaN        NaN        NaN     700.33     145.92  102.6    0.0  630.0  180.0
    28.6921        NaN        NaN        NaN        NaN     702.30     115.80  102.6    0.0  630.0  180.0
    29.2301        NaN        NaN        NaN        NaN     765.43     165.45  102.6    0.0  630.0  180.0
    18.5757      53.73       8.01        NaN        NaN     985.88      32.81   90.0  -45.0  630.0  180.0
    19.1136      81.21      24.31        NaN        NaN     750.11      84.89   90.0  -45.0  630.0  180.0
    19.6516     113.79      28.75        NaN        NaN     693.03      95.86   90.0  -45.0  630.0  180.0
    20.1895     129.96      13.48        NaN        NaN     576.04      39.66   90.0  -45.0  630.0  180.0
    20.7273     109.36       6.93        NaN        NaN     627.33      18.69   90.0  -45.0  630.0  180.0
    21.2653      79.01       6.06        NaN        NaN     768.70      19.85   90.0  -45.0  630.0  180.0
    21.8032      72.14       7.63        NaN        NaN     782.57      26.63   90.0  -45.0  630.0  180.0
    22.3413      77.07       7.87        NaN        NaN     780.92      27.62   90.0  -45.0  630.0  180.0
    22.8792      67.60       9.34        NaN        NaN     814.32      33.97   90.0  -45.0  630.0  180.0
    23.4175      71.00       9.43        NaN        NaN     774.57      33.26   90.0  -45.0  630.0  180.0
    23.9552      77.96      12.90        NaN        NaN     735.20      44.51   90.0  -45.0  630.0  180.0
    24.4933      75.89      15.04        NaN        NaN     745.47      52.38   90.0  -45.0  630.0  180.0
    25.0314      65.89      16.45        NaN        NaN     711.40      55.42   90.0  -45.0  630.0  180.0
    25.5694      81.53      19.65        NaN        NaN     797.63      72.32   90.0  -45.0  630.0  180.0
    26.1074      77.12      18.86        NaN        NaN     759.17      66.78   90.0  -45.0  630.0  180.0
    26.6454      63.75      27.76        NaN        NaN     706.77      94.03   90.0  -45.0  630.0  180.0
    27.1833      65.90      27.71        NaN        NaN     838.00     105.86   90.0  -45.0  630.0  180.0
    27.7213      60.07      29.18        NaN        NaN     661.12      94.96   90.0  -45.0  630.0  180.0
    28.2593      62.23      39.28        NaN        NaN     784.05     143.46   90.0  -45.0  630.0  180.0
    28.7973      61.34      31.35        NaN        NaN     697.86     107.00   90.0  -45.0  630.0  180.0
    29.3353      21.75      43.23        NaN        NaN     818.85     161.59   90.0  -45.0  630.0  180.0
