                 MRH
   18    6 2015
    18.4705     -16.97       6.30     854.84      32.77    1158.55      17.24  102.6    0.0  630.0  180.0
    19.0084     -17.34      17.79     719.69      84.38     381.58      16.14  102.6    0.0  630.0  180.0
    19.5466     -11.88      27.26     602.59     117.36     221.75      14.14  102.6    0.0  630.0  180.0
    20.0843      -7.52      21.61     620.36      94.87     213.87      10.73  102.6    0.0  630.0  180.0
    20.6222      -6.63       2.61     845.89      18.75     257.42       2.35  102.6    0.0  630.0  180.0
    21.1601      -0.10       3.84     601.80      14.69     610.62       4.31  102.6    0.0  630.0  180.0
    21.6981      -3.04       4.30     903.55      22.37     945.84       8.83  102.6    0.0  630.0  180.0
    22.2361       5.37       5.98     839.12      30.79    1093.31      15.42  102.6    0.0  630.0  180.0
    22.7741       4.16       9.06     882.41      49.25     924.48      20.66  102.6    0.0  630.0  180.0
    23.3121       4.89      11.20     799.35      57.04     724.83      19.71  102.6    0.0  630.0  180.0
    23.8500      10.92      11.47     791.91      58.06     713.71      19.89  102.6    0.0  630.0  180.0
    24.3881      -6.73      13.67     769.02      68.47     586.73      19.36  102.6    0.0  630.0  180.0
    24.9262     -15.11      19.20     770.17      97.07     416.01      19.65  102.6    0.0  630.0  180.0
    25.4642       6.49      16.86     718.82      80.65     392.30      15.94  102.6    0.0  630.0  180.0
    26.0024       9.80      19.28     718.28      92.85     325.89      15.08  102.6    0.0  630.0  180.0
    26.5402      -7.19      16.72     680.21      77.78     309.30      12.29  102.6    0.0  630.0  180.0
    27.0781       6.28      21.06     677.10      98.36     282.73      14.36  102.6    0.0  630.0  180.0
    27.6162      10.46      19.20     766.46      96.43     238.86      11.12  102.6    0.0  630.0  180.0
    28.1541      10.62      30.48     700.33     145.92     213.90      15.94  102.6    0.0  630.0  180.0
    28.6921     -10.19      24.39     702.30     115.80     165.53       9.78  102.6    0.0  630.0  180.0
    29.2301      -1.38      32.73     765.43     165.45     209.22      17.02  102.6    0.0  630.0  180.0
    18.3651      40.52       5.75     899.70      30.66    1943.30      26.51   12.8  -50.2  630.0  180.0
    18.8505      45.29       8.18     905.36      43.85     979.10      19.03   12.8  -50.2  630.0  180.0
    19.3883      38.10      10.97     886.88      58.66     741.68      19.65   12.8  -50.2  630.0  180.0
    19.9262       9.96       7.57     744.23      35.85     688.93      11.94   12.8  -50.2  630.0  180.0
    20.4640     -10.06       3.36     797.18      15.23     905.40       5.85   12.8  -50.2  630.0  180.0
    21.0022     -11.85       3.45     847.77      16.74    1144.11       8.20   12.8  -50.2  630.0  180.0
    21.5399      -7.00       3.24     815.32      15.60    1561.28      10.76   12.8  -50.2  630.0  180.0
    22.0779      -9.37       3.79     855.16      19.50    1709.47      14.82   12.8  -50.2  630.0  180.0
    22.6159       5.92       5.29     914.15      29.09    1570.51      20.11   12.8  -50.2  630.0  180.0
    23.1540       9.00       7.40     747.39      35.83    1129.49      19.71   12.8  -50.2  630.0  180.0
    23.6919       6.16       7.75     754.26      37.86    1066.58      19.63   12.8  -50.2  630.0  180.0
    24.2299      13.89       8.44     726.57      40.31     966.02      19.24   12.8  -50.2  630.0  180.0
    24.7680      11.63      11.13     761.39      55.06     717.64      19.15   12.8  -50.2  630.0  180.0
    25.3060      10.28      14.15     746.90      69.45     567.40      19.47   12.8  -50.2  630.0  180.0
    25.8441      10.09      15.19     812.89      79.12     527.60      19.95   12.8  -50.2  630.0  180.0
    26.3820       8.27      12.70     754.26      62.63     569.30      17.41   12.8  -50.2  630.0  180.0
    26.9202       3.42      14.06     758.19      69.88     523.76      17.91   12.8  -50.2  630.0  180.0
    27.4580      -7.25      18.02     694.04      84.85     367.87      15.94   12.8  -50.2  630.0  180.0
    27.9960     -26.58      23.44     811.91     124.11     263.80      15.68   12.8  -50.2  630.0  180.0
    28.5340       0.39      34.88     656.77     158.79     211.62      17.60   12.8  -50.2  630.0  180.0
    29.0719     -16.89      30.46     821.41     162.59     258.01      20.05   12.8  -50.2  630.0  180.0
    29.6099     -28.33      17.54     784.57      90.14     505.87      22.06   12.8  -50.2  630.0  180.0
    18.4180      28.69       8.01     922.56      43.70    1198.06      23.13  102.6   50.2  630.0  180.0
    18.9559      22.02      14.13     819.64      71.64     522.75      17.58  102.6   50.2  630.0  180.0
    19.4941      51.29      20.59     635.27      90.16     317.12      15.31  102.6   50.2  630.0  180.0
    20.0318      36.30      13.53     658.79      60.24     294.69       9.07  102.6   50.2  630.0  180.0
    20.5697      18.57       2.85     404.28       9.29     322.97       1.73  102.6   50.2  630.0  180.0
    21.1076      49.66       3.38     769.53      14.86     926.75       5.90  102.6   50.2  630.0  180.0
    21.6456      50.34       4.14     763.09      19.30    1176.68      10.43  102.6   50.2  630.0  180.0
    22.1836      51.47       4.76     780.75      23.00    1395.18      15.05  102.6   50.2  630.0  180.0
    22.7216      57.25       7.16     770.70      34.93    1157.08      19.36  102.6   50.2  630.0  180.0
    23.2596      63.17       9.22     746.11      44.07     883.73      18.95  102.6   50.2  630.0  180.0
    23.7975      59.71       7.85     813.36      39.66     840.72      15.53  102.6   50.2  630.0  180.0
    24.3355      64.95       9.32     737.44      44.31     726.31      15.79  102.6   50.2  630.0  180.0
    24.8737      71.30      13.70     810.77      69.63     587.52      19.35  102.6   50.2  630.0  180.0
    25.4117      63.69      14.30     704.63      66.80     468.47      15.80  102.6   50.2  630.0  180.0
    25.9497      60.10      17.32     694.70      80.55     366.99      15.06  102.6   50.2  630.0  180.0
    26.4877      55.96      22.57     711.47     106.91     338.89      18.18  102.6   50.2  630.0  180.0
    27.0256      55.69      24.53     801.01     126.01     332.16      20.05  102.6   50.2  630.0  180.0
    27.5636      50.67      28.53     738.54     139.25     271.07      18.86  102.6   50.2  630.0  180.0
    28.1016      48.85      18.92     700.79      89.16     248.76      11.17  102.6   50.2  630.0  180.0
    28.6396      27.10      29.44     729.58     143.28     243.57      17.55  102.6   50.2  630.0  180.0
    29.1776       1.32      30.08     809.67     158.77     266.63      20.34  102.6   50.2  630.0  180.0
    29.7156     -26.33       5.08     758.02      25.09    2434.33      29.51  102.6   50.2  630.0  180.0
    18.5232       2.78       5.04     913.38      27.21    1566.14      18.64   45.0  -45.0  630.0  180.0
    19.0611       2.41      10.82     808.23      54.56     682.53      17.65   45.0  -45.0  630.0  180.0
    19.5991     -14.47      13.48     739.31      65.15     532.83      17.26   45.0  -45.0  630.0  180.0
    20.1370     -46.32       5.36     758.26      25.11     586.96       6.79   45.0  -45.0  630.0  180.0
    20.6748     -42.87       3.54     550.06      12.42     572.68       3.54   45.0  -45.0  630.0  180.0
    21.2128     -37.82       4.12     903.32      21.56    1012.21       9.24   45.0  -45.0  630.0  180.0
    21.7507     -36.53       4.27     810.59      21.28    1296.54      12.49   45.0  -45.0  630.0  180.0
    22.2888     -31.11       4.79     755.74      23.11    1419.15      15.67   45.0  -45.0  630.0  180.0
    22.8267     -32.85       7.51     737.76      36.27    1089.45      19.47   45.0  -45.0  630.0  180.0
    23.3648     -29.62       6.92     900.35      38.28    1172.37      20.11   45.0  -45.0  630.0  180.0
    23.9027     -26.01       8.50     754.09      41.78     970.79      19.80   45.0  -45.0  630.0  180.0
    24.4407     -23.91       9.73     752.57      47.90     845.96      19.84   45.0  -45.0  630.0  180.0
    24.9788     -17.99      13.45     719.49      64.56     585.13      18.94   45.0  -45.0  630.0  180.0
    25.5169     -42.67      15.84     750.18      79.02     498.26      19.34   45.0  -45.0  630.0  180.0
    26.0549     -26.02      15.30     818.85      80.50     517.32      19.70   45.0  -45.0  630.0  180.0
    26.5929     -27.87      17.87     756.84      89.31     446.80      19.46   45.0  -45.0  630.0  180.0
    27.1308     -28.31      19.86     775.08     101.08     403.69      19.88   45.0  -45.0  630.0  180.0
    27.6688     -30.74      20.06     731.01      99.00     340.74      16.81   45.0  -45.0  630.0  180.0
    28.2068     -49.57      24.39     691.37     115.99     263.45      15.73   45.0  -45.0  630.0  180.0
    28.7448     -18.65      29.46     739.12     146.97     251.33      18.27   45.0  -45.0  630.0  180.0
    29.2827     -38.85      32.27     758.79     163.36     244.25      19.78   45.0  -45.0  630.0  180.0
    18.5757     -38.00       5.66     985.88      32.81    1552.78      21.71   90.0  -45.0  630.0  180.0
    19.1136     -57.42      17.19     750.11      84.89     459.34      19.14   90.0  -45.0  630.0  180.0
    19.6516     -80.46      20.33     693.03      95.86     287.69      14.11   90.0  -45.0  630.0  180.0
    20.1895     -91.90       9.54     576.04      39.66     291.94       6.17   90.0  -45.0  630.0  180.0
    20.7273     -77.33       4.90     627.33      18.69     282.76       2.41   90.0  -45.0  630.0  180.0
    21.2653     -55.87       4.29     768.70      19.85     705.46       6.26   90.0  -45.0  630.0  180.0
    21.8032     -51.01       5.40     782.57      26.63     914.64      11.31   90.0  -45.0  630.0  180.0
    22.3413     -54.50       5.57     780.92      27.62    1235.52      16.16   90.0  -45.0  630.0  180.0
    22.8792     -47.80       6.60     814.32      33.97    1136.52      18.12   90.0  -45.0  630.0  180.0
    23.4175     -50.21       6.67     774.57      33.26    1066.34      16.98   90.0  -45.0  630.0  180.0
    23.9552     -55.13       9.12     735.20      44.51     890.41      19.48   90.0  -45.0  630.0  180.0
    24.4933     -53.66      10.64     745.47      52.38     761.94      19.58   90.0  -45.0  630.0  180.0
    25.0314     -46.59      11.63     711.40      55.42     557.69      15.50   90.0  -45.0  630.0  180.0
    25.5694     -57.65      13.90     797.63      72.32     553.58      19.12   90.0  -45.0  630.0  180.0
    26.1074     -54.53      13.34     759.17      66.78     517.21      16.81   90.0  -45.0  630.0  180.0
    26.6454     -45.08      19.63     706.77      94.03     395.43      18.76   90.0  -45.0  630.0  180.0
    27.1833     -46.60      19.60     838.00     105.86     410.81      20.56   90.0  -45.0  630.0  180.0
    27.7213     -42.47      20.63     661.12      94.96     302.82      14.87   90.0  -45.0  630.0  180.0
    28.2593     -44.00      27.78     784.05     143.46     283.98      19.91   90.0  -45.0  630.0  180.0
    28.7973     -43.38      22.17     697.86     107.00     254.04      13.93   90.0  -45.0  630.0  180.0
    29.3353     -15.38      30.57     818.85     161.59     268.28      20.69   90.0  -45.0  630.0  180.0
    18.6282     -77.29       5.97     845.71      31.25    1196.87      17.16  135.0  -45.0  630.0  180.0
    18.6804     -81.30       6.86     849.51      36.13    1074.09      17.89  135.0  -45.0  630.0  180.0
    18.7325     -81.79       8.26     905.39      45.83     956.52      19.63  135.0  -45.0  630.0  180.0
    18.7849     -72.24       9.12     917.38      51.13     867.77      19.81  135.0  -45.0  630.0  180.0
    19.1661     -88.86      18.12     764.36      90.91     397.82      17.68  135.0  -45.0  630.0  180.0
    19.2183     -80.04      18.25     708.19      87.31     385.06      17.08  135.0  -45.0  630.0  180.0
    19.2705     -87.59      21.09     707.61     101.47     329.48      16.93  135.0  -45.0  630.0  180.0
    19.3227    -102.92      21.88     660.05     101.18     312.10      16.53  135.0  -45.0  630.0  180.0
    19.7041     -94.09      28.32     526.62     115.53     186.99      12.56  135.0  -45.0  630.0  180.0
    19.7563    -104.37      25.98     599.59     114.09     196.86      12.13  135.0  -45.0  630.0  180.0
    19.8085    -105.01      25.71     567.14     107.69     188.09      11.25  135.0  -45.0  630.0  180.0
    19.8607    -113.14      25.43     536.15     104.40     169.73       9.99  135.0  -45.0  630.0  180.0
    20.2420     -85.55       6.03     424.03      31.42     119.25       1.76  135.0  -45.0  630.0  180.0
    20.2942     -38.60       3.33     682.19      24.07     127.49       1.79  135.0  -45.0  630.0  180.0
    20.3464    -126.42       8.03     515.35      28.11     144.13       2.15  135.0  -45.0  630.0  180.0
    20.3986     -95.92       7.42     403.41      24.58     135.34       1.89  135.0  -45.0  630.0  180.0
    20.7798     -62.20       3.79     288.68      11.73     158.43       1.13  135.0  -45.0  630.0  180.0
    20.8320    -115.73       4.58     608.12      16.85     227.28       1.67  135.0  -45.0  630.0  180.0
    20.8842    -110.98       2.76     260.57      11.26     181.86       1.13  135.0  -45.0  630.0  180.0
    20.9366     -62.02       6.46     513.86      24.15     271.19       3.52  135.0  -45.0  630.0  180.0
    21.3178     -37.21       4.57     675.20      19.40     575.48       5.28  135.0  -45.0  630.0  180.0
    21.3700     -40.31       4.54     794.35      21.46     655.57       6.15  135.0  -45.0  630.0  180.0
    21.4222     -41.54       3.86     635.81      15.47     625.67       4.51  135.0  -45.0  630.0  180.0
    21.4744     -41.73       4.60     840.72      22.88     724.07       7.19  135.0  -45.0  630.0  180.0
    21.8557     -50.20       5.68     807.38      28.57     805.57      10.58  135.0  -45.0  630.0  180.0
    21.9079     -47.18       5.51     825.56      28.12     854.73      10.85  135.0  -45.0  630.0  180.0
    21.9602     -47.75       5.61     773.27      27.38     873.84      11.29  135.0  -45.0  630.0  180.0
    22.0123     -40.87       5.71     792.38      28.47     945.18      12.46  135.0  -45.0  630.0  180.0
    22.3938     -34.58       6.06     748.43      29.30    1108.71      15.74  135.0  -45.0  630.0  180.0
    22.4460     -40.49       5.99     754.13      29.22    1146.06      16.07  135.0  -45.0  630.0  180.0
    22.4982     -37.22       5.93     794.34      29.93    1223.18      17.18  135.0  -45.0  630.0  180.0
    22.5504     -42.96       6.71     949.10      38.67    1268.47      21.56  135.0  -45.0  630.0  180.0
    22.9317     -40.05       8.18     835.61      43.12    1016.45      20.41  135.0  -45.0  630.0  180.0
    22.9839     -49.64       8.72     758.47      43.13     945.32      19.87  135.0  -45.0  630.0  180.0
    23.0362     -38.55       8.97     757.26      44.28     914.84      19.72  135.0  -45.0  630.0  180.0
    23.0883     -48.98       9.17     787.38      46.69     909.11      20.36  135.0  -45.0  630.0  180.0
    23.4698     -56.58       8.80     866.90      48.08     949.42      20.96  135.0  -45.0  630.0  180.0
    23.5221     -57.31       9.02     810.17      46.88     920.88      20.44  135.0  -45.0  630.0  180.0
    23.5742     -63.94       8.87     878.36      48.84     947.71      21.13  135.0  -45.0  630.0  180.0
    23.6263     -60.00       9.17     820.27      48.15     906.33      20.59  135.0  -45.0  630.0  180.0
    24.0077     -47.47       9.99     759.15      49.85     814.35      19.70  135.0  -45.0  630.0  180.0
    24.0599     -59.01      10.19     786.30      51.98     800.83      20.03  135.0  -45.0  630.0  180.0
    24.1121     -56.09       8.03     747.89      39.36     873.12      16.76  135.0  -45.0  630.0  180.0
    24.1643     -57.93      10.53     751.61      52.14     768.10      19.66  135.0  -45.0  630.0  180.0
    24.5458     -59.04      12.11     789.87      62.09     672.77      20.06  135.0  -45.0  630.0  180.0
    24.5980     -47.61       9.55     708.59      45.49     699.38      15.90  135.0  -45.0  630.0  180.0
    24.6502     -51.18      12.66     778.33      64.49     642.83      19.98  135.0  -45.0  630.0  180.0
    24.7024     -52.39      12.91     804.63      67.18     634.96      20.30  135.0  -45.0  630.0  180.0
    25.0839     -46.24      16.42     723.70      79.82     473.97      18.96  135.0  -45.0  630.0  180.0
    25.1361     -37.95      15.50     866.42      85.22     527.89      20.88  135.0  -45.0  630.0  180.0
    25.1883     -42.45      13.23     777.39      67.10     554.83      18.08  135.0  -45.0  630.0  180.0
    25.2405     -55.32      16.98     735.38      83.64     463.58      19.28  135.0  -45.0  630.0  180.0
    25.6219     -48.18      17.13     788.04      88.03     467.30      19.75  135.0  -45.0  630.0  180.0
    25.6741     -47.28      17.00     749.04      84.54     457.18      19.09  135.0  -45.0  630.0  180.0
    25.7263     -45.70      13.42     708.07      64.09     487.70      15.76  135.0  -45.0  630.0  180.0
    25.7785     -47.61      13.12     688.32      61.52     514.34      16.12  135.0  -45.0  630.0  180.0
    26.1599     -49.52      15.84     727.29      77.11     421.39      16.26  135.0  -45.0  630.0  180.0
    26.2121     -52.11      19.63     808.44     103.26     406.19      19.99  135.0  -45.0  630.0  180.0
    26.2643     -52.58      15.81     723.17      77.09     388.02      14.94  135.0  -45.0  630.0  180.0
    26.3165     -54.64      16.68     672.85      77.56     375.75      15.05  135.0  -45.0  630.0  180.0
    26.6979     -46.96      14.08     710.49      67.54     368.42      12.49  135.0  -45.0  630.0  180.0
    26.7501     -47.93      18.05     745.69      89.55     391.50      17.43  135.0  -45.0  630.0  180.0
    26.8023     -33.01      18.78     723.39      91.12     331.85      15.08  135.0  -45.0  630.0  180.0
    26.8545     -48.35      21.22     844.58     115.51     379.76      20.68  135.0  -45.0  630.0  180.0
    27.2358     -25.81      12.12     710.20      57.40     347.79       9.90  135.0  -45.0  630.0  180.0
    27.2880     -40.92      19.19     884.99     107.37     418.81      20.61  135.0  -45.0  630.0  180.0
    27.3402     -26.37      17.92     738.00      87.83     369.48      16.09  135.0  -45.0  630.0  180.0
    27.3924     -21.50      22.40     741.69     110.40     346.87      18.98  135.0  -45.0  630.0  180.0
    27.7738     -33.53      25.54     731.13     125.34     302.55      19.04  135.0  -45.0  630.0  180.0
    27.8260     -21.29      20.23     736.47      99.95     357.45      17.78  135.0  -45.0  630.0  180.0
    27.8782     -42.69      21.54     759.20     109.46     344.73      18.54  135.0  -45.0  630.0  180.0
    27.9304     -25.23      20.59     760.62     103.55     354.48      17.99  135.0  -45.0  630.0  180.0
    28.3118     -10.96      20.69     665.78      95.16     324.17      16.00  135.0  -45.0  630.0  180.0
    28.3640     -16.84      26.83     745.11     133.94     288.79      19.13  135.0  -45.0  630.0  180.0
    28.4162       2.04      28.42     797.14     146.86     283.17      19.93  135.0  -45.0  630.0  180.0
    28.4684       0.12      21.00     744.92     103.09     330.41      16.87  135.0  -45.0  630.0  180.0
    28.8498     -29.87      27.81     784.48     144.67     278.06      19.50  135.0  -45.0  630.0  180.0
    28.9020     -24.80      25.73     666.08     119.72     245.46      15.16  135.0  -45.0  630.0  180.0
    28.9542     -30.56      32.72     772.27     169.00     241.93      20.14  135.0  -45.0  630.0  180.0
    29.0064     -23.01      25.52     802.79     132.86     290.34      18.49  135.0  -45.0  630.0  180.0
    29.3878     -20.74      27.74     774.63     141.11     280.83      19.35  135.0  -45.0  630.0  180.0
    29.4400     -16.00      24.52     943.81     144.01     339.13      21.90  135.0  -45.0  630.0  180.0
    29.4922     -14.57      20.59     779.64     105.53     364.39      18.63  135.0  -45.0  630.0  180.0
    29.5444     -12.81      21.46     778.82     109.30     363.33      19.29  135.0  -45.0  630.0  180.0
    18.9034      59.38      11.33     748.22      53.76     607.50      15.87  147.5   39.9  630.0  180.0
    19.4415      52.13      15.02     724.29      70.57     473.93      16.67  147.5   39.9  630.0  180.0
    19.9793      39.01      11.69     707.36      53.90     426.81      11.42  147.5   39.9  630.0  180.0
    20.5172      23.87       3.52     617.97      12.82     529.57       3.05  147.5   39.9  630.0  180.0
    21.0551      28.72       3.42     862.86      16.31    1006.01       6.74  147.5   39.9  630.0  180.0
    21.5930      24.75       3.64     854.11      18.02    1300.95      10.16  147.5   39.9  630.0  180.0
    22.1311      24.20       4.52     857.53      23.38    1449.18      15.17  147.5   39.9  630.0  180.0
    22.6690      35.78       7.02     883.30      37.57    1196.67      20.29  147.5   39.9  630.0  180.0
    23.2070      43.27       9.13     752.90      44.25     896.73      19.27  147.5   39.9  630.0  180.0
    23.7450      44.57       9.31     877.73      49.98     900.68      20.50  147.5   39.9  630.0  180.0
    24.2830      53.66      11.19     749.70      54.15     721.77      19.12  147.5   39.9  630.0  180.0
    24.8214      64.34      11.05     709.13      51.44     606.13      15.65  147.5   39.9  630.0  180.0
    25.3593      47.06      18.80     762.10      92.91     419.07      19.05  147.5   39.9  630.0  180.0
    25.8972      55.34      15.31     691.07      71.23     437.12      15.85  147.5   39.9  630.0  180.0
    26.4352      48.75      21.16     771.17     105.79     375.81      19.40  147.5   39.9  630.0  180.0
    26.9731      35.64      21.86     778.84     110.49     355.56      19.09  147.5   39.9  630.0  180.0
    27.5111      27.78      23.26     806.61     120.56     330.03      19.04  147.5   39.9  630.0  180.0
    28.0491      13.60      33.04     765.08     168.17     235.91      19.43  147.5   39.9  630.0  180.0
    28.5871       0.87      22.68     616.48      99.88     175.74       9.37  147.5   39.9  630.0  180.0
    29.1250      12.40      30.74     761.31     155.56     232.61      17.62  147.5   39.9  630.0  180.0
    29.6633     -15.77      10.68     749.38      52.80     903.66      23.51  147.5   39.9  630.0  180.0
