                 MRH
   18    6 2015
      18.25       NaN       NaN       NaN       NaN    854.84     32.77    630.0   1800
      18.75     53.73      8.01       NaN       NaN    985.88     32.81    630.0   1800
      19.25     81.21     24.31       NaN       NaN    734.90     59.85    630.0   1800
      19.75    113.79     28.75       NaN       NaN    647.81     75.77    630.0   1800
      20.25    129.96     13.48       NaN       NaN    598.20     51.41    630.0   1800
      20.75    109.36      6.93       NaN       NaN    736.61     13.23    630.0   1800
      21.25     79.01      6.06       NaN       NaN    685.25     12.35    630.0   1800
      21.75     72.14      7.63       NaN       NaN    843.06     17.39    630.0   1800
      22.25     77.07      7.87       NaN       NaN    810.02     20.68    630.0   1800
      22.75     67.60      9.34       NaN       NaN    848.37     29.91    630.0   1800
      23.25     71.00      9.43       NaN       NaN    786.96     33.01    630.0   1800
      23.75     77.96     12.90       NaN       NaN    763.56     36.58    630.0   1800
      24.25     75.89     15.04       NaN       NaN    757.25     43.10    630.0   1800
      24.75       NaN       NaN       NaN       NaN    770.17     97.07    630.0   1800
      25.25     65.89     16.45       NaN       NaN    715.11     48.93    630.0   1800
      25.75     81.53     19.65       NaN       NaN    797.63     72.32    630.0   1800
      26.25     77.12     18.86       NaN       NaN    738.72     57.19    630.0   1800
      26.75     63.75     27.76       NaN       NaN    693.49     61.02    630.0   1800
      27.25     65.90     27.71       NaN       NaN    757.55     72.25    630.0   1800
      27.75     60.07     29.18       NaN       NaN    713.79     67.67    630.0   1800
      28.25     62.23     39.28       NaN       NaN    742.19    102.32    630.0   1800
      28.75     61.34     31.35       NaN       NaN    700.08     78.83    630.0   1800
      29.25     21.75     43.23       NaN       NaN    792.14    115.63    630.0   1800
