  Image    fringe1  fringe2  fringe3  fringe4  fringe5  fringe6  fringe7
-----------------------------------------------------------------------------
    1     0.712412 0.709490 0.709643 0.702289 0.698927 0.693450 0.693754
    2     0.712775 0.710588 0.710833 0.704557 0.701523 0.697296 0.695805
    3     0.721399 0.720889 0.715587 0.709824 0.710302 0.703761 0.701923
    4     0.717810 0.715548 0.713044 0.710500 0.705025 0.700053 0.698471
    5     0.724665 0.722380 0.719286 0.715022 0.711056 0.707497 0.705958
    6     0.731510 0.728026 0.724845 0.722079 0.717539 0.713350 0.711495
    7     0.733123 0.727903 0.725961 0.721231 0.717811 0.715137 0.712167
    8     0.729238 0.727942 0.728580 0.723324 0.718893 0.713075 0.713792
    9     0.730350 0.725009 0.723753 0.721220 0.715979 0.712459 0.716745
   10     0.710844 0.709029 0.706890 0.701623 0.696462 0.695878 0.693180
   11     0.711706 0.710142 0.703808 0.698014 0.692241 0.689935 0.691885
   12     0.713289 0.710958 0.711739 0.702752 0.704904 0.699466 0.699981
   13     0.722849 0.715885 0.717535 0.712712 0.709847 0.703241 0.704297
   14     0.718408 0.715724 0.712811 0.709688 0.705690 0.702596 0.701745
   15     0.728068 0.723566 0.725344 0.717547 0.716243 0.709803 0.717271
   16     0.729103 0.730862 0.734541 0.727142 0.720569 0.711098 0.720984
   17     0.732552 0.729925 0.729751 0.720635 0.719026 0.710511 0.722532
   18     0.732645 0.731010 0.729567 0.723085 0.720375 0.713826 0.727023
   19     0.733493 0.730452 0.730665 0.720987 0.725990 0.724639 0.733373
   20     0.716148 0.714448 0.708767 0.705920 0.697461 0.696878 0.697253
   21     0.709435 0.706246 0.709754 0.705046 0.700474 0.695796 0.697667
   22     0.713707 0.707062 0.705164 0.702172 0.700267 0.697103 0.702628
   23     0.719573 0.714438 0.719118 0.712235 0.714368 0.707071 0.715996
   24     0.722187 0.723010 0.718205 0.713696 0.707378 0.706797 0.709155
   25     0.730450 0.723903 0.730014 0.732565 0.727027 0.715622 0.718078
   26     0.730180 0.733001 0.733224 0.725194 0.712852 0.728320 0.736608
   27     0.741378 0.733191 0.736227 0.723532 0.718871 0.726249 0.728488
   28     0.735758 0.731354 0.734510 0.732004 0.720702 0.730369 0.729826
   29     0.735525 0.732872 0.736958 0.718267 0.725397 0.735491 0.741276
   30     0.720015 0.719248 0.715323 0.713381 0.706387 0.701124 0.701299
   31     0.715374 0.713739 0.713327 0.707468 0.704027 0.696132 0.695210
   32     0.716096 0.712100 0.712848 0.707733 0.708036 0.698027 0.695377
   33     0.726241 0.718274 0.719454 0.709977 0.710228 0.704377 0.713332
   34     0.727438 0.728972 0.724666 0.721320 0.715592 0.710144 0.713223
   35     0.732214 0.739221 0.734411 0.721370 0.725058 0.719906 0.725593
   36     0.738766 0.722507 0.727579 0.721998 0.723973 0.721000 0.710617
   37     0.733891 0.731203 0.736188 0.721976 0.717620 0.716851 0.725000
   38     0.745027 0.724336 0.730613 0.734770 0.735318 0.724219 0.735175
   39     0.734724 0.730255 0.723222 0.725021 0.719447 0.727059 0.717802
   40     0.725005 0.725443 0.719608 0.714258 0.713044 0.705559 0.703266
   41     0.717707 0.717216 0.715464 0.710814 0.706065 0.700861 0.699215
   42     0.718194 0.712705 0.713900 0.705914 0.704760 0.700640 0.699983
   43     0.727315 0.721910 0.718015 0.723848 0.714674 0.705921 0.709926
   44     0.731365 0.729477 0.724360 0.721116 0.716211 0.712957 0.709425
   45     0.737358 0.731545 0.732281 0.726708 0.721020 0.711466 0.721713
   46     0.729514 0.727800 0.732679 0.718035 0.718915 0.711313 0.711837
   47     0.742243 0.734299 0.726143 0.719412 0.718043 0.715037 0.719763
   48     0.736478 0.732297 0.731690 0.723693 0.716042 0.716278 0.721499
   49     0.731262 0.727779 0.731541 0.726919 0.718317 0.722500 0.710296
   50     0.726114 0.725387 0.722228 0.717962 0.712743 0.707751 0.707615
   51     0.723265 0.717665 0.714272 0.711447 0.706511 0.704360 0.698648
   52     0.718318 0.715601 0.712125 0.707751 0.701518 0.699101 0.696533
   53     0.728297 0.723855 0.717645 0.713686 0.707476 0.713313 0.704511
   54     0.733400 0.728417 0.726556 0.721684 0.718315 0.713265 0.711274
   55     0.733538 0.732970 0.731126 0.724702 0.720295 0.718909 0.712011
   56     0.732676 0.728683 0.725887 0.722608 0.717528 0.715192 0.712289
   57     0.732999 0.728091 0.726745 0.723142 0.720253 0.711919 0.712792
   58     0.731226 0.733107 0.726762 0.721848 0.717589 0.716779 0.711378
   59     0.734275 0.730273 0.725365 0.722268 0.718776 0.717577 0.713193
   60     0.727556 0.725836 0.721496 0.718261 0.714626 0.710655 0.707352
   61     0.724075 0.719566 0.716679 0.714226 0.708967 0.704181 0.702423
   62     0.720744 0.716091 0.713604 0.708975 0.704809 0.700348 0.697025
   63     0.728255 0.723668 0.722004 0.719537 0.715672 0.709483 0.704177
   64     0.733532 0.731132 0.727170 0.722858 0.718889 0.715204 0.713260
   65     0.735116 0.732711 0.728251 0.725477 0.722730 0.718000 0.716592
   66     0.735416 0.733692 0.731512 0.721804 0.721135 0.718812 0.715177
   67     0.735852 0.732921 0.729283 0.723901 0.722402 0.717335 0.713317
   68     0.734357 0.732687 0.728753 0.728808 0.721888 0.716613 0.713739
   69     0.736007 0.730390 0.728883 0.725302 0.719742 0.715471 0.713685
   70     0.730245 0.725262 0.724487 0.720192 0.715895 0.710342 0.708681
   71     0.724792 0.721989 0.717516 0.714183 0.710705 0.706178 0.703620
   72     0.719650 0.717524 0.713165 0.710256 0.706209 0.702057 0.700414
   73     0.727059 0.724417 0.720161 0.716453 0.713354 0.710377 0.710619
   74     0.733683 0.731565 0.727681 0.723648 0.719681 0.715087 0.711119
   75     0.738162 0.733785 0.730959 0.727419 0.723006 0.719140 0.717398
   76     0.735158 0.730633 0.729763 0.723358 0.720402 0.715663 0.712743
   77     0.735723 0.731410 0.728950 0.726914 0.720530 0.716680 0.715456
   78     0.734378 0.731625 0.730526 0.724770 0.721921 0.716676 0.713077
   79     0.733604 0.732808 0.729019 0.724294 0.724757 0.718767 0.717481
   80     0.727387 0.726862 0.722501 0.718310 0.713977 0.710145 0.706754
   81     0.722926 0.720918 0.718144 0.713570 0.707700 0.705814 0.705158
   82     0.719627 0.716160 0.713191 0.709817 0.708633 0.702274 0.700558
   83     0.728887 0.725161 0.722814 0.719541 0.712712 0.710424 0.710659
   84     0.735358 0.732926 0.728337 0.723096 0.720094 0.716986 0.714119
   85     0.735192 0.732187 0.731594 0.726246 0.724575 0.720123 0.719990
   86     0.737693 0.731624 0.729829 0.726112 0.719676 0.717936 0.717852
   87     0.737927 0.734895 0.730762 0.727535 0.722040 0.718947 0.719682
   88     0.736209 0.734016 0.729254 0.723971 0.719795 0.718911 0.717428
   89     0.738243 0.735412 0.731159 0.726692 0.721707 0.718700 0.719776
   90     0.729022 0.725766 0.722264 0.718515 0.712318 0.710776 0.708502
   91     0.722141 0.722044 0.716383 0.712389 0.709099 0.705412 0.701340
   92     0.720815 0.718232 0.714190 0.709574 0.705301 0.700729 0.697772
   93     0.729468 0.724946 0.725163 0.717294 0.714119 0.711628 0.711537
   94     0.734933 0.732461 0.728517 0.723417 0.721796 0.716897 0.715184
   95     0.738613 0.736085 0.732332 0.726724 0.722388 0.721712 0.717945
   96     0.738844 0.735866 0.732137 0.729904 0.724489 0.722136 0.721159
   97     0.739648 0.737146 0.734298 0.729292 0.724021 0.720466 0.719685
   98     0.738261 0.737020 0.734254 0.731748 0.724954 0.721968 0.726351
   99     0.739477 0.736624 0.733955 0.729558 0.724436 0.720800 0.725095
  100     0.727669 0.727733 0.724154 0.718306 0.714903 0.712741 0.710062
  101     0.724102 0.720890 0.716683 0.711866 0.708258 0.706771 0.704684
  102     0.722906 0.717277 0.714464 0.709786 0.707048 0.702033 0.702778
  103     0.728041 0.724954 0.723165 0.719803 0.714230 0.711068 0.710582
  104     0.735337 0.732514 0.729427 0.724649 0.718018 0.716480 0.716207
  105     0.738890 0.738508 0.734685 0.727338 0.723839 0.720896 0.721891
  106     0.736858 0.735767 0.731968 0.728694 0.723615 0.721332 0.720101
  107     0.741002 0.738274 0.734078 0.727361 0.724871 0.722539 0.723367
  108     0.738638 0.737894 0.733501 0.731006 0.726012 0.719855 0.721271
  109     0.739449 0.737751 0.735321 0.730697 0.725975 0.720754 0.720386
  110     0.728444 0.726710 0.724895 0.718275 0.714352 0.709534 0.708034
  111     0.722425 0.719168 0.717199 0.712005 0.708159 0.702308 0.705508
  112     0.721539 0.718252 0.713819 0.708860 0.708710 0.702543 0.700412
  113     0.730852 0.730690 0.726782 0.721572 0.717496 0.715054 0.713607
  114     0.733165 0.732061 0.732243 0.724894 0.719373 0.717743 0.715460
  115     0.738523 0.736248 0.734758 0.730030 0.726661 0.720502 0.722256
  116     0.739926 0.739118 0.736246 0.731330 0.724696 0.721232 0.722435
  117     0.739098 0.737192 0.733877 0.726860 0.726188 0.719985 0.719025
  118     0.738404 0.737078 0.735074 0.728136 0.724678 0.721924 0.722161
  119     0.739671 0.737368 0.735143 0.728449 0.725352 0.720864 0.722108
  120     0.730457 0.726810 0.725799 0.718748 0.715611 0.711127 0.708393
  121     0.721620 0.722447 0.713467 0.711768 0.703678 0.700552 0.704645
  122     0.718221 0.717905 0.712758 0.712503 0.708216 0.701558 0.700436
  123     0.732030 0.731838 0.727691 0.720494 0.721250 0.715357 0.722220
  124     0.734256 0.730027 0.729390 0.724548 0.721153 0.716315 0.717025
  125     0.740430 0.736858 0.731856 0.726550 0.723674 0.721110 0.724366
  126     0.739578 0.738950 0.730066 0.727225 0.726480 0.720526 0.722500
  127     0.736844 0.733908 0.729583 0.727788 0.723501 0.720975 0.725136
  128     0.737098 0.735873 0.732222 0.729011 0.724317 0.718462 0.725331
  129     0.735897 0.738769 0.737375 0.729204 0.723499 0.724375 0.728626
  130     0.730150 0.729540 0.721701 0.719547 0.714809 0.714000 0.713537
  131     0.725104 0.719873 0.717279 0.713656 0.712448 0.706184 0.708775
  132     0.718017 0.718915 0.717522 0.712760 0.707740 0.704112 0.705550
  133     0.726874 0.727276 0.724940 0.721853 0.716565 0.717282 0.716032
  134     0.738917 0.734945 0.733251 0.729094 0.724015 0.720540 0.723907
  135     0.740272 0.738647 0.735610 0.731719 0.727941 0.723644 0.724774
  136     0.737011 0.738048 0.733621 0.727696 0.729824 0.723467 0.723225
  137     0.737970 0.736181 0.736122 0.727987 0.724470 0.723571 0.726222
  138     0.742413 0.737119 0.733735 0.731720 0.724383 0.720172 0.718450
  139     0.739741 0.736126 0.737849 0.726736 0.724628 0.722349 0.724454
  140     0.728548 0.727874 0.727354 0.723885 0.717442 0.709992 0.713012
  141     0.724404 0.720992 0.721458 0.713292 0.708593 0.702489 0.704703
  142     0.723894 0.720329 0.716355 0.714485 0.708212 0.705812 0.702801
  143     0.728958 0.727513 0.728320 0.719828 0.715427 0.713423 0.716710
  144     0.741518 0.735076 0.725669 0.729145 0.721606 0.718121 0.718367
  145     0.742673 0.735551 0.735402 0.728991 0.731072 0.724573 0.723400
  146     0.738449 0.737393 0.736111 0.732087 0.726840 0.720091 0.725602
  147     0.745936 0.736599 0.737157 0.726166 0.726556 0.721920 0.725228
  148     0.740002 0.734623 0.736291 0.729690 0.724834 0.726736 0.729543
  149     0.740333 0.739026 0.736528 0.731878 0.723666 0.724254 0.727373
  150     0.732190 0.728722 0.722100 0.724047 0.717134 0.715076 0.713769
  151     0.725722 0.719220 0.719041 0.713232 0.712471 0.707322 0.712089
  152     0.721400 0.720569 0.719981 0.714631 0.710980 0.705512 0.708427
  153     0.735426 0.733919 0.727804 0.721264 0.713560 0.715866 0.724106
  154     0.742349 0.733813 0.726576 0.726750 0.725231 0.719470 0.718922
  155     0.740434 0.734284 0.736516 0.730449 0.725842 0.724436 0.721920
  156     0.736136 0.740632 0.732809 0.727578 0.732768 0.721665 0.725658
  157     0.738302 0.739048 0.733213 0.730854 0.725233 0.722431 0.729297
  158     0.733884 0.737968 0.730038 0.728087 0.729329 0.717925 0.725677
  159     0.734054 0.738547 0.738295 0.729789 0.726475 0.724906 0.728269
  160     0.732841 0.730766 0.727872 0.723414 0.716150 0.713321 0.717274
  161     0.722658 0.724486 0.724962 0.718894 0.711518 0.709226 0.716163
  162     0.726195 0.720954 0.716870 0.710553 0.710039 0.704346 0.716581
  163     0.734603 0.728716 0.729770 0.718526 0.715911 0.711225 0.719642
  164     0.737313 0.736137 0.734607 0.726792 0.720194 0.718385 0.725125
  165     0.740097 0.739228 0.734939 0.731366 0.727326 0.721757 0.724828
  166     0.736968 0.735965 0.729275 0.728143 0.723162 0.722852 0.720160
  167     0.740283 0.734040 0.739945 0.727654 0.726270 0.721172 0.724506
  168     0.733920 0.735241 0.733598 0.729148 0.723837 0.722231 0.719825
  169     0.733350 0.731907 0.733796 0.728402 0.725468 0.717258 0.723068
  170     0.732658 0.732952 0.726308 0.726013 0.721944 0.715514 0.722671
  171     0.727217 0.728663 0.722485 0.721516 0.710970 0.716142 0.711470
  172     0.726697 0.720113 0.713908 0.715763 0.715539 0.710452 0.711109
  173     0.727122 0.736737 0.725881 0.721865 0.711709 0.709435 0.726522
  174     0.739322 0.733435 0.732863 0.727184 0.726847 0.719984 0.724717
  175     0.744464 0.733200 0.733263 0.725698 0.728222 0.724931 0.728020
  176     0.736164 0.739731 0.731595 0.729130 0.725900 0.719373 0.726151
  177     0.733064 0.735588 0.733870 0.726226 0.719330 0.722885 0.723673
  178     0.740573 0.736504 0.738886 0.727502 0.723712 0.722561 0.728164
  179     0.736421 0.734475 0.734310 0.727190 0.722256 0.717868 0.726164
  180     0.732558 0.739861 0.731604 0.722341 0.728867 0.720940 0.725871
  181     0.728518 0.725418 0.730069 0.722107 0.718008 0.707899 0.725201
  182     0.722919 0.731461 0.722183 0.711916 0.713312 0.702136 0.713054
  183     0.735229 0.722407 0.723388 0.726146 0.717404 0.715147 0.722048
  184     0.739107 0.739511 0.731820 0.730181 0.732781 0.723005 0.731564
  185     0.738034 0.737380 0.739240 0.731590 0.726956 0.720006 0.726576
  186     0.734494 0.730290 0.732049 0.724692 0.723806 0.714761 0.723788
  187     0.740243 0.732709 0.728853 0.726399 0.724376 0.716633 0.720268
  188     0.727221 0.730075 0.732141 0.725820 0.721390 0.712450 0.720443
  189     0.734181 0.729172 0.731567 0.720064 0.718739 0.713892 0.723007
  190     0.733240 0.732617 0.728032 0.721703 0.718291 0.713497 0.726406
  191     0.731996 0.736180 0.724541 0.724325 0.719093 0.710875 0.723793
  192     0.727755 0.727422 0.722656 0.712301 0.715590 0.717113 0.721327
  193     0.733808 0.724915 0.727294 0.725972 0.726022 0.720329 0.726140
  194     0.736529 0.734331 0.733257 0.720264 0.733654 0.713911 0.720217
  195     0.737434 0.742882 0.738616 0.718616 0.726638 0.721904 0.735581
  196     0.739313 0.734527 0.733666 0.722093 0.728432 0.716982 0.731704
  197     0.731077 0.737592 0.736599 0.728257 0.722364 0.719747 0.723067
  198     0.741895 0.732264 0.730571 0.733347 0.719551 0.716560 0.731923
  199     0.735357 0.737665 0.725331 0.726731 0.725666 0.719342 0.729489
  200     0.743109 0.732222 0.726905 0.726187 0.722338 0.714680 0.724261
  201     0.727429 0.723462 0.734989 0.717631 0.717042 0.713688 0.722513
  202     0.731669 0.730194 0.724169 0.722393 0.715161 0.720521 0.729872
  203     0.738470 0.733717 0.729443 0.722317 0.716160 0.710461 0.721157
  204     0.735006 0.738720 0.736320 0.732447 0.727732 0.717984 0.727928
  205     0.730713 0.732725 0.729070 0.728596 0.727749 0.714791 0.727405
  206     0.735901 0.730781 0.732992 0.729763 0.722372 0.717019 0.728289
  207     0.739021 0.735447 0.724125 0.722693 0.723837 0.719350 0.724839
  208     0.734312 0.734780 0.729248 0.727340 0.721743 0.717616 0.722625
  209     0.735618 0.728892 0.731111 0.727415 0.722784 0.715383 0.725205
  210     0.741327 0.735751 0.735768 0.725799 0.723386 0.716419 0.723227
  211     0.736084 0.732480 0.732985 0.727343 0.720791 0.718417 0.720111
  212     0.736779 0.735841 0.735230 0.727038 0.725772 0.721218 0.717174
