MRH 20150614
    24.08    70.60   117.06   163.55   210.02   256.52   302.99
    46.52    46.46    46.50    46.46    46.51    46.46    46.46
     0.83422679     0.55893922     0.36262557     0.21701343     0.12081173     0.05986618     0.02307151     0.00380181    -0.00322289    -0.00698681    -0.00760588    -0.00574202    -0.00508813    -0.00358738    -0.00124245    -0.00030229     0.00012749     0.00138638
    -0.01798541    -0.02703759    -0.03424499    -0.03926360    -0.04256675    -0.04147961    -0.03531984    -0.02968960    -0.02201810    -0.01459608    -0.00888421    -0.00485641    -0.00097644    -0.00018860     0.00095857     0.00172103     0.00118430     0.00086639
     1.00000000     0.67062581     0.43654093     0.26432422     0.15356801     0.08735378     0.05065086     0.03610389     0.02700803     0.01970843     0.01449433     0.00966096     0.00690764     0.00570906     0.00348047     0.00363756     0.00300386     0.00399025
     0.82928622     0.53851479     0.33296999     0.18951760     0.09780826     0.04619431     0.02082850     0.00804592     0.00067716     0.00114169     0.00046032    -0.00047826    -0.00016576     0.00007101     0.00112452    -0.00056782    -0.00008679    -0.00004172
     0.03721001     0.04600434     0.03107995     0.01363495    -0.00498711    -0.01683760    -0.02017051    -0.01906409    -0.01463381    -0.01100301    -0.00692288    -0.00229436    -0.00159004    -0.00059306     0.00085353     0.00065212     0.00023075    -0.00056080
     1.00000000     0.65105402     0.40285808     0.22892697     0.11806067     0.05946724     0.03506291     0.02519811     0.01801522     0.01373070     0.00938283     0.00466366     0.00382415     0.00396215     0.00423215     0.00394507     0.00399727     0.00331213
     0.82316464     0.51646000     0.29571432     0.15628035     0.07523376     0.03405037     0.01711353     0.00631678     0.00486356    -0.00128512    -0.00168997    -0.00260271    -0.00071990    -0.00013113    -0.00008586     0.00077494     0.00028588     0.00028436
     0.08739381     0.10015915     0.07764354     0.03873683     0.01140130    -0.00796455    -0.01401671    -0.01258856    -0.00881580    -0.00552259    -0.00442567    -0.00053233    -0.00224927    -0.00031366    -0.00097801     0.00118564    -0.00061075    -0.00017703
     1.00000000     0.63653451     0.37093598     0.19605032     0.09358868     0.04328679     0.02798798     0.01866919     0.01342970     0.00853204     0.00722273     0.00477516     0.00465232     0.00464216     0.00384251     0.00387535     0.00287178     0.00356587
     0.81600690     0.50505298     0.27529997     0.13509260     0.05120858     0.01574719    -0.00174113    -0.00716055    -0.00485390    -0.00539479    -0.00136968    -0.00317878     0.00273207    -0.00073540     0.00377396     0.00008602     0.00281744    -0.00146020
     0.03802513     0.03081852     0.01534078     0.00179206    -0.01083556    -0.01221773    -0.01629331    -0.00950407    -0.00926456    -0.00126940    -0.00020177     0.00354882     0.00146376    -0.00077074    -0.00106057    -0.00297258    -0.00229310    -0.00383810
     1.00000000     0.61993951     0.33730155     0.16609079     0.06604396     0.02830929     0.02268488     0.01898961     0.01471495     0.01006119     0.00791509     0.00739029     0.00767889     0.00746156     0.00777681     0.00797908     0.00861822     0.00789759
     0.81565690     0.48125824     0.25264716     0.11329372     0.03942604     0.00956045    -0.00043247    -0.00254426    -0.00165956    -0.00184752    -0.00096585    -0.00071304    -0.00099371    -0.00169407    -0.00177797    -0.00253582    -0.00212919    -0.00115224
     0.08688439     0.09556173     0.06413530     0.02615131     0.00038545    -0.01268572    -0.01447304    -0.01079387    -0.00605928    -0.00260492    -0.00042573     0.00221957     0.00063348     0.00112688     0.00011622    -0.00105183    -0.00239029    -0.00150946
     1.00000000     0.59815115     0.31776172     0.14179094     0.04821401     0.01987998     0.01789866     0.01385573     0.00857211     0.00521518     0.00310770     0.00360332     0.00422040     0.00395887     0.00352538     0.00410084     0.00465041     0.00407893
     0.81379807     0.46963039     0.23239149     0.09336474     0.02162045    -0.00506211    -0.01015414    -0.00807504    -0.00379941    -0.00370863    -0.00226327    -0.00067947    -0.00164922    -0.00198362    -0.00209743    -0.00154663    -0.00219833    -0.00346868
     0.03061361     0.02285892     0.00806254    -0.00588257    -0.01021717    -0.01166822    -0.00837495    -0.00511884    -0.00076278     0.00055890     0.00104601     0.00239975     0.00083326     0.00226263     0.00193171     0.00423733     0.00340302     0.00493494
     1.00000000     0.57735640     0.28554472     0.11498221     0.02962997     0.01598232     0.01668066     0.01195790     0.00599060     0.00645477     0.00514161     0.00495745     0.00442827     0.00500451     0.00460159     0.00610246     0.00617450     0.00777558
     0.80945897     0.45309716     0.20903935     0.07368285     0.01058183    -0.00789768    -0.00904243    -0.00637633    -0.00336650    -0.00130405     0.00002310    -0.00042815    -0.00158850    -0.00317492    -0.00252931    -0.00252637    -0.00407214    -0.00366087
     0.07727602     0.07851110     0.04782606     0.01647205    -0.00242242    -0.00974011    -0.00952295    -0.00554237    -0.00337154    -0.00072363    -0.00037452     0.00158248     0.00183759     0.00287438     0.00168733     0.00254407     0.00201254     0.00076392
     1.00000000     0.56557721     0.26385173     0.09325982     0.01520820     0.01565030     0.01675362     0.01118198     0.00750464     0.00442008     0.00369113     0.00399040     0.00544167     0.00654386     0.00504967     0.00607540     0.00701554     0.00591724
   1.503  -0.036  400    2    0    0    0  0.000 18.000
