                 MRH
   14    6 2015
      18.25       NaN       NaN       NaN       NaN   1005.45     55.29    630.0   1800
      18.75     -0.67     20.79       NaN       NaN    978.87    109.50    630.0   1800
      19.25      1.87     51.86       NaN       NaN    810.31    192.99    630.0   1800
      19.75    -19.47     63.70       NaN       NaN    904.18    188.22    630.0   1800
      20.25     -6.43     61.57       NaN       NaN    903.03    175.94    630.0   1800
      20.75    -11.78     50.56       NaN       NaN    842.36    134.11    630.0   1800
      21.25    -26.74     35.20       NaN       NaN    946.62     99.50    630.0   1800
      21.75     10.85     25.99       NaN       NaN    876.03     71.83    630.0   1800
      22.25     -2.38     25.59       NaN       NaN   1036.36     79.26    630.0   1800
      22.75    -17.24     16.43       NaN       NaN    887.71     45.96    630.0   1800
      23.25      6.61     20.09       NaN       NaN    970.02     54.21    630.0   1800
      23.75     -6.18     28.11       NaN       NaN    813.54     67.37    630.0   1800
      24.25      5.85     18.50       NaN       NaN    969.40     52.92    630.0   1800
      24.75       NaN       NaN       NaN       NaN    877.07     74.62    630.0   1800
      25.25     -8.90     21.70       NaN       NaN    875.53     53.98    630.0   1800
      25.75    -20.98     24.09       NaN       NaN    835.50     61.41    630.0   1800
      26.25    -10.94     16.14       NaN       NaN    773.29     56.47    630.0   1800
