                 MRH
   14    6 2015
    18.4552      -9.62       9.10    1005.45      55.29    1183.42      28.28  102.6   -0.0  630.0  180.0
    18.9937      -6.75      32.24     959.88     200.18     297.55      26.37  102.6   -0.0  630.0  180.0
    19.5321      10.94      43.40     874.45     267.63     213.49      24.94  102.6   -0.0  630.0  180.0
    20.0705      -3.76      40.89     860.00     226.96     215.23      23.07  102.6   -0.0  630.0  180.0
    20.6090       6.68      34.17     806.74     179.63     244.57      21.22  102.6   -0.0  630.0  180.0
    21.1474      -7.83      23.66     967.08     139.80     364.68      22.72  102.6   -0.0  630.0  180.0
    21.6859      10.12      18.68     860.67     100.75     431.95      20.34  102.6   -0.0  630.0  180.0
    22.2243       5.80      17.90    1046.67     112.55     548.49      26.45  102.6   -0.0  630.0  180.0
    22.7629      10.67      12.09     844.87      63.95     678.32      20.29  102.6   -0.0  630.0  180.0
    23.3013       7.01      11.44     945.94      65.97     656.83      19.28  102.6   -0.0  630.0  180.0
    23.8398       2.25      16.46     800.84      84.67     480.90      19.65  102.6   -0.0  630.0  180.0
    24.3782      -7.75      12.33     976.66      72.93     474.59      15.05  102.6   -0.0  630.0  180.0
    24.9166       9.17      13.62     877.07      74.62     386.29      13.13  102.6   -0.0  630.0  180.0
    25.4551      -8.34      12.74     934.00      72.76     432.78      14.14  102.6   -0.0  630.0  180.0
    25.9936      -2.40      15.73     816.46      81.87     388.26      15.17  102.6   -0.0  630.0  180.0
    18.3498       0.63       7.48    1034.81      45.98    1354.57      26.48   12.7  -50.2  630.0  180.0
    18.8354      -2.49      26.17    1002.66     160.24     362.00      25.32   12.7  -50.2  630.0  180.0
    19.3739      18.13      51.88     944.90     309.99     169.98      24.08   12.7  -50.2  630.0  180.0
    19.9123      24.12      55.60     859.73     318.94     138.07      20.12   12.7  -50.2  630.0  180.0
    20.4507      -4.78      53.50     876.85     311.42     148.63      21.25   12.7  -50.2  630.0  180.0
    20.9891      -0.76      35.55    1100.13     244.17     282.37      28.69   12.7  -50.2  630.0  180.0
    21.5276       7.40      24.03     974.25     142.66     378.91      23.89   12.7  -50.2  630.0  180.0
    22.0661      -1.29      20.32    1035.36     127.68     469.71      25.86   12.7  -50.2  630.0  180.0
    22.6045      -7.07      15.10    1028.61      93.72     623.51      25.07   12.7  -50.2  630.0  180.0
    23.1430      -1.07      14.92     988.07      89.63     619.35      24.35   12.7  -50.2  630.0  180.0
    23.6815      -4.71      13.05     918.60      73.62     415.94      13.72   12.7  -50.2  630.0  180.0
    24.2199       6.36      16.63     912.88      94.09     457.75      19.53   12.7  -50.2  630.0  180.0
    24.7584       2.09      18.02     855.69      97.85     282.15      12.93   12.7  -50.2  630.0  180.0
    25.2968       0.75      17.72     870.67      96.67     294.13      13.09   12.7  -50.2  630.0  180.0
    25.8353      -4.66      26.23     910.89     149.69     293.95      20.23   12.7  -50.2  630.0  180.0
    18.4026      -4.77      10.62    1052.79      67.10    1076.29      30.64  102.6   50.2  630.0  180.0
    18.9411       4.57      30.40     920.30     172.98     291.63      22.91  102.6   50.2  630.0  180.0
    19.4796      22.65      57.61     751.68     304.62     151.90      23.34  102.6   50.2  630.0  180.0
    20.0180      16.29      53.06     912.06     312.15     156.32      22.46  102.6   50.2  630.0  180.0
    20.5564      -5.14      46.23     711.18     233.78     161.93      19.10  102.6   50.2  630.0  180.0
    21.0948       1.89      36.42    1089.85     238.94     273.67      27.61  102.6   50.2  630.0  180.0
    21.6334       9.67      23.26     909.65     130.90     359.14      21.38  102.6   50.2  630.0  180.0
    22.1718       7.22      18.90     931.75     108.88     455.91      22.38  102.6   50.2  630.0  180.0
    22.7102       7.93      14.47     953.13      84.29     624.35      23.52  102.6   50.2  630.0  180.0
    23.2487      -1.48      15.24     890.13      84.57     555.01      21.54  102.6   50.2  630.0  180.0
    23.7872      12.51      14.35     930.54      81.47     389.63      14.19  102.6   50.2  630.0  180.0
    24.3256      12.00      15.63     862.90      84.30     404.57      15.71  102.6   50.2  630.0  180.0
    24.8641       7.50      17.98    1028.40     111.03     317.66      15.22  102.6   50.2  630.0  180.0
    25.4026     -18.28      15.29     832.11      81.52     328.09      12.50  102.6   50.2  630.0  180.0
    25.9410      -5.42      21.29     792.51     110.07     291.81      15.69  102.6   50.2  630.0  180.0
    18.5079      -4.99      11.93    1002.78      72.33     867.60      27.39   45.0  -45.0  630.0  180.0
    19.0464      11.94      40.37    1042.77     254.76     245.98      27.01   45.0  -45.0  630.0  180.0
    19.5848     -11.17      50.52     670.06     253.34     159.09      20.97   45.0  -45.0  630.0  180.0
    20.1232       9.59      43.71     784.35     223.88     162.50      17.75   45.0  -45.0  630.0  180.0
    20.6617      28.11      39.88     869.71     227.06     214.76      22.40   45.0  -45.0  630.0  180.0
    21.2001     -23.07      32.19    1053.57     206.81     304.97      27.05   45.0  -45.0  630.0  180.0
    21.7386      -0.03      20.34    1039.08     127.75     468.85      25.80   45.0  -45.0  630.0  180.0
    22.2770       1.62      14.67     904.96      82.25     460.34      17.23   45.0  -45.0  630.0  180.0
    22.8155       4.78      15.52    1032.93      96.45     615.37      25.49   45.0  -45.0  630.0  180.0
    23.3540       6.06      15.23     919.34      86.11     533.37      20.72   45.0  -45.0  630.0  180.0
    23.8925      14.96      15.30     991.76      92.04     385.25      15.49   45.0  -45.0  630.0  180.0
    24.4309       6.45      15.40     908.57      86.46     439.51      17.18   45.0  -45.0  630.0  180.0
    24.9694      -3.85      16.35     930.31      93.38     325.93      13.64   45.0  -45.0  630.0  180.0
    25.5078       4.86      14.18     871.82      77.49     366.73      12.99   45.0  -45.0  630.0  180.0
    26.0463      -6.55      14.84     821.44      77.96     375.13      13.92   45.0  -45.0  630.0  180.0
    18.5605       0.47      14.70     997.85      88.84     709.79      27.55   89.9  -45.0  630.0  180.0
    19.0991      -1.33      36.67     810.31     192.99     240.34      22.25   89.9  -45.0  630.0  180.0
    19.6374      13.76      45.04     933.91     264.73     194.00      23.28   89.9  -45.0  630.0  180.0
    20.1758       4.55      43.54     946.06     268.92     208.36      24.94   89.9  -45.0  630.0  180.0
    20.7143       8.33      35.75     877.97     199.17     248.11      22.98   89.9  -45.0  630.0  180.0
    21.2526      18.91      24.89     926.16     141.62     351.29      22.52   89.9  -45.0  630.0  180.0
    21.7911      -7.67      18.38     891.40     102.41     464.40      21.98   89.9  -45.0  630.0  180.0
    22.3296       1.68      18.09    1026.06     111.64     536.29      25.85   89.9  -45.0  630.0  180.0
    22.8681      12.19      11.62     930.55      66.03     527.43      15.45   89.9  -45.0  630.0  180.0
    23.4065      -4.67      14.21     994.10      86.05     552.40      20.78   89.9  -45.0  630.0  180.0
    23.9451       4.37      19.88     826.24     104.81     392.11      19.52   89.9  -45.0  630.0  180.0
    24.4835      -4.14      13.08     962.15      76.72     432.83      14.59   89.9  -45.0  630.0  180.0
    25.0219       6.29      15.35     817.05      79.75     323.57      12.24   89.9  -45.0  630.0  180.0
    25.5604      14.83      17.04     854.54      91.54     354.70      15.15   89.9  -45.0  630.0  180.0
    26.0989       7.74      11.41     773.29      56.47     381.66      10.42   89.9  -45.0  630.0  180.0
    18.6130      -7.65      15.79    1059.75     101.66     634.38      27.45  134.8  -45.0  630.0  180.0
    18.6652     -14.71      20.40     971.09     121.89     495.56      26.82  134.8  -45.0  630.0  180.0
    18.7175     -17.98      24.94     942.20     145.53     388.85      25.64  134.8  -45.0  630.0  180.0
    18.7697     -11.57      25.89     946.93     151.65     380.06      26.03  134.8  -45.0  630.0  180.0
    19.1515      12.84      42.16     984.94     265.63     235.92      27.21  134.8  -45.0  630.0  180.0
    19.2037      21.39      37.99     760.39     190.40     214.32      20.24  134.8  -45.0  630.0  180.0
    19.2560      21.91      50.92     852.42     273.91     184.48      23.87  134.8  -45.0  630.0  180.0
    19.3082      -2.55      40.88     936.44     244.00     219.64      23.98  134.8  -45.0  630.0  180.0
    19.6899      -4.40      45.28     768.98     252.78     177.50      21.87  134.8  -45.0  630.0  180.0
    19.7422      13.02      47.58     810.96     265.68     178.40      22.37  134.8  -45.0  630.0  180.0
    19.7944      24.92      51.26     747.19     253.14     150.90      19.20  134.8  -45.0  630.0  180.0
    19.8466     -13.24      49.81     799.04     268.07     160.58      21.01  134.8  -45.0  630.0  180.0
    20.2283     -13.16      48.80     909.69     293.63     162.99      21.70  134.8  -45.0  630.0  180.0
    20.2807     -22.03      50.02     887.47     297.02     179.74      24.56  134.8  -45.0  630.0  180.0
    20.3330     -27.04      38.86     948.37     229.79     196.95      20.45  134.8  -45.0  630.0  180.0
    20.3850       3.57      48.45     995.49     296.08     195.53      25.48  134.8  -45.0  630.0  180.0
    20.7668       3.85      32.83     978.51     204.55     286.11      25.30  134.8  -45.0  630.0  180.0
    20.8191       0.65      30.97     973.17     192.45     288.46      24.12  134.8  -45.0  630.0  180.0
    20.8713       5.03      33.72     953.26     203.31     273.62      24.83  134.8  -45.0  630.0  180.0
    20.9235      -0.09      32.66     857.64     176.29     242.10      20.07  134.8  -45.0  630.0  180.0
    21.3052      -7.76      30.21    1038.94     190.84     324.92      26.65  134.8  -45.0  630.0  180.0
    21.3574      -9.26      26.32    1049.93     167.67     367.60      26.42  134.8  -45.0  630.0  180.0
    21.4097      -5.06      28.54     938.32     165.08     326.74      24.47  134.8  -45.0  630.0  180.0
    21.4619      -2.58      27.38    1131.05     186.05     372.05      28.71  134.8  -45.0  630.0  180.0
    21.8437      -3.42      18.58    1096.35     122.03     525.69      26.91  134.8  -45.0  630.0  180.0
    21.8959       4.94      17.43     904.94      97.65     488.91      21.78  134.8  -45.0  630.0  180.0
    21.9482      -1.43      18.68    1061.71     119.66     528.14      26.90  134.8  -45.0  630.0  180.0
    22.0004      -1.52      18.07    1097.59     119.18     549.00      27.47  134.8  -45.0  630.0  180.0
    22.3821       6.50      12.36     998.42      74.37     617.51      19.91  134.8  -45.0  630.0  180.0
    22.4344       1.32      16.18    1022.73      99.97     604.69      26.10  134.8  -45.0  630.0  180.0
    22.4866       0.26      13.12    1055.90      82.82     603.80      21.19  134.8  -45.0  630.0  180.0
    22.5388       0.66      16.62    1033.83     103.48     588.88      26.18  134.8  -45.0  630.0  180.0
    22.9206       2.26      13.81    1083.51      89.07     703.95      26.25  134.8  -45.0  630.0  180.0
    22.9728       7.89      11.46     906.87      64.14     614.03      17.84  134.8  -45.0  630.0  180.0
    23.0251      -1.07      14.36    1051.78      90.71     666.37      25.76  134.8  -45.0  630.0  180.0
    23.0773       6.12      10.28     970.98      60.11     599.13      15.67  134.8  -45.0  630.0  180.0
    23.4591       4.41      13.44     878.96      73.27     470.05      15.85  134.8  -45.0  630.0  180.0
    23.5113       8.84      15.07     964.43      88.34     491.90      19.11  134.8  -45.0  630.0  180.0
    23.5636      11.82      12.90     974.76      76.07     449.52      14.93  134.8  -45.0  630.0  180.0
    23.6158      17.06      19.07     812.42      98.65     411.16      19.51  134.8  -45.0  630.0  180.0
    23.9976       4.44      14.04     906.77      78.33     420.64      14.88  134.8  -45.0  630.0  180.0
    24.0498       9.19      14.11     844.09      74.92     460.39      16.19  134.8  -45.0  630.0  180.0
    24.1021      15.63      14.48     901.04      80.34     427.99      15.66  134.8  -45.0  630.0  180.0
    24.1543       3.71      12.72     864.48      68.48     469.22      14.87  134.8  -45.0  630.0  180.0
    24.5360      11.48      16.28     854.78      88.04     415.77      17.01  134.8  -45.0  630.0  180.0
    24.5883       5.31      14.18     944.45      81.35     399.92      14.43  134.8  -45.0  630.0  180.0
    24.6405       7.77      17.12     821.17      89.34     383.61      16.18  134.8  -45.0  630.0  180.0
    24.6928       8.48      15.59     951.63      90.70     346.19      13.88  134.8  -45.0  630.0  180.0
    25.0745      -6.11      17.09     967.18     101.00     337.77      15.10  134.8  -45.0  630.0  180.0
    25.1267       0.05      15.47     897.56      86.65     349.11      13.66  134.8  -45.0  630.0  180.0
    25.1789      -9.45      19.15     947.89     112.74     305.98      15.39  134.8  -45.0  630.0  180.0
    25.2312     -12.74      19.43     924.43     111.33     296.69      14.90  134.8  -45.0  630.0  180.0
    25.6129      -6.74      19.68     853.81     106.18     407.86      20.39  134.8  -45.0  630.0  180.0
    25.6652     -20.84      22.16     939.24     130.52     419.82      24.75  134.8  -45.0  630.0  180.0
    25.7174      -0.35      20.81     891.42     116.23     426.30      22.88  134.8  -45.0  630.0  180.0
    25.7697       7.76      22.40     851.93     120.29     363.42      20.57  134.8  -45.0  630.0  180.0
    26.1514      -1.55      11.53     829.19      60.32     392.57      11.02  134.8  -45.0  630.0  180.0
    26.2037      -9.10      10.69     799.55      54.41     388.27       9.98  134.8  -45.0  630.0  180.0
    26.2559       4.34      11.37     790.62      57.09     336.06       9.07  134.8  -45.0  630.0  180.0
    26.3081       0.44      11.79     786.29      58.92     313.03       8.80  134.8  -45.0  630.0  180.0
    18.8886      -0.81      31.87     958.32     196.09     311.47      26.80  147.4   40.0  630.0  180.0
    19.4270      10.95      48.97     801.70     267.96     179.19      22.74  147.4   40.0  630.0  180.0
    19.9654      13.39      49.40     932.10     298.60     180.61      24.43  147.4   40.0  630.0  180.0
    20.5039      -0.82      48.98     966.93     301.26     196.14      26.38  147.4   40.0  630.0  180.0
    21.0423      -1.04      31.60     885.99     175.47     256.54      20.82  147.4   40.0  630.0  180.0
    21.5808       0.38      21.24     999.20     128.70     439.07      24.73  147.4   40.0  630.0  180.0
    22.1192      -1.14      21.23    1031.16     132.49     459.91      26.33  147.4   40.0  630.0  180.0
    22.6577      10.74      14.34    1007.23      86.88     646.79      24.39  147.4   40.0  630.0  180.0
    23.1962       2.15      11.38     886.23      62.38     580.08      16.54  147.4   40.0  630.0  180.0
    23.7346      10.55      18.95     869.77     103.25     449.67      21.61  147.4   40.0  630.0  180.0
    24.2731       1.19      11.27     940.44      64.69     495.65      14.27  147.4   40.0  630.0  180.0
    24.8116      -8.22      17.85     965.49     105.34     319.70      14.86  147.4   40.0  630.0  180.0
    25.3500      -1.38      15.25     868.52      83.11     344.20      13.10  147.4   40.0  630.0  180.0
    25.8885       2.62      19.92     890.21     110.45     364.26      18.52  147.4   40.0  630.0  180.0
