                 MRH
   14    6 2015
    18.4552        NaN        NaN        NaN        NaN    1005.45      55.29  102.6   -0.0  630.0  180.0
    18.9937        NaN        NaN        NaN        NaN     959.88     200.18  102.6   -0.0  630.0  180.0
    19.5321        NaN        NaN        NaN        NaN     874.45     267.63  102.6   -0.0  630.0  180.0
    20.0705        NaN        NaN        NaN        NaN     860.00     226.96  102.6   -0.0  630.0  180.0
    20.6090        NaN        NaN        NaN        NaN     806.74     179.63  102.6   -0.0  630.0  180.0
    21.1474        NaN        NaN        NaN        NaN     967.08     139.80  102.6   -0.0  630.0  180.0
    21.6859        NaN        NaN        NaN        NaN     860.67     100.75  102.6   -0.0  630.0  180.0
    22.2243        NaN        NaN        NaN        NaN    1046.67     112.55  102.6   -0.0  630.0  180.0
    22.7629        NaN        NaN        NaN        NaN     844.87      63.95  102.6   -0.0  630.0  180.0
    23.3013        NaN        NaN        NaN        NaN     945.94      65.97  102.6   -0.0  630.0  180.0
    23.8398        NaN        NaN        NaN        NaN     800.84      84.67  102.6   -0.0  630.0  180.0
    24.3782        NaN        NaN        NaN        NaN     976.66      72.93  102.6   -0.0  630.0  180.0
    24.9166        NaN        NaN        NaN        NaN     877.07      74.62  102.6   -0.0  630.0  180.0
    25.4551        NaN        NaN        NaN        NaN     934.00      72.76  102.6   -0.0  630.0  180.0
    25.9936        NaN        NaN        NaN        NaN     816.46      81.87  102.6   -0.0  630.0  180.0
    18.5605      -0.67      20.79        NaN        NaN     997.85      88.84   89.9  -45.0  630.0  180.0
    19.0991       1.87      51.86        NaN        NaN     810.31     192.99   89.9  -45.0  630.0  180.0
    19.6374     -19.47      63.70        NaN        NaN     933.91     264.73   89.9  -45.0  630.0  180.0
    20.1758      -6.43      61.57        NaN        NaN     946.06     268.92   89.9  -45.0  630.0  180.0
    20.7143     -11.78      50.56        NaN        NaN     877.97     199.17   89.9  -45.0  630.0  180.0
    21.2526     -26.74      35.20        NaN        NaN     926.16     141.62   89.9  -45.0  630.0  180.0
    21.7911      10.85      25.99        NaN        NaN     891.40     102.41   89.9  -45.0  630.0  180.0
    22.3296      -2.38      25.59        NaN        NaN    1026.06     111.64   89.9  -45.0  630.0  180.0
    22.8681     -17.24      16.43        NaN        NaN     930.55      66.03   89.9  -45.0  630.0  180.0
    23.4065       6.61      20.09        NaN        NaN     994.10      86.05   89.9  -45.0  630.0  180.0
    23.9451      -6.18      28.11        NaN        NaN     826.24     104.81   89.9  -45.0  630.0  180.0
    24.4835       5.85      18.50        NaN        NaN     962.15      76.72   89.9  -45.0  630.0  180.0
    25.0219      -8.90      21.70        NaN        NaN     817.05      79.75   89.9  -45.0  630.0  180.0
    25.5604     -20.98      24.09        NaN        NaN     854.54      91.54   89.9  -45.0  630.0  180.0
    26.0989     -10.94      16.14        NaN        NaN     773.29      56.47   89.9  -45.0  630.0  180.0
