  Image    fringe1  fringe2  fringe3  fringe4  fringe5  fringe6  fringe7
-----------------------------------------------------------------------------
    1     0.725451 0.726496 0.724809 0.718491 0.713639 0.711401 0.709899
    2     0.727587 0.725761 0.724253 0.719035 0.715821 0.711120 0.712731
    3     0.727075 0.729307 0.725000 0.718207 0.717116 0.713549 0.711362
    4     0.730037 0.724689 0.726166 0.718634 0.715549 0.711114 0.710021
    5     0.725805 0.728503 0.726083 0.714704 0.713219 0.710439 0.712497
    6     0.729887 0.726425 0.725037 0.718801 0.716288 0.710358 0.713627
    7     0.728713 0.727243 0.725826 0.720741 0.718193 0.710565 0.719048
    8     0.728874 0.732687 0.728668 0.716181 0.710716 0.713836 0.724952
    9     0.731239 0.727304 0.722334 0.719574 0.711856 0.713114 0.721860
   10     0.728253 0.726716 0.718933 0.713608 0.717228 0.716891 0.714361
   11     0.728806 0.724145 0.721791 0.719508 0.709253 0.710604 0.721533
   12     0.729971 0.724584 0.718978 0.713622 0.711934 0.711157 0.718827
   13     0.729232 0.722445 0.722486 0.719587 0.712631 0.714430 0.719629
   14     0.726934 0.722409 0.732843 0.711348 0.707799 0.699951 0.721204
   15     0.724107 0.730739 0.723947 0.720759 0.701017 0.712409 0.725964
   16     0.727334 0.727293 0.719374 0.708507 0.710947 0.706982 0.716935
   17     0.724938 0.722639 0.724579 0.716932 0.702647 0.703845 0.714876
   18     0.720118 0.725906 0.718799 0.705678 0.705959 0.707541 0.728210
   19     0.738853 0.720416 0.723321 0.714855 0.710265 0.706141 0.721221
   20     0.722351 0.728665 0.707792 0.714876 0.713534 0.702596 0.725035
   21     0.715684 0.732589 0.724447 0.718204 0.712967 0.692566 0.724980
   22     0.721387 0.722614 0.705423 0.722488 0.717717 0.700267 0.722737
   23     0.729467 0.719040 0.720768 0.715656 0.710280 0.705163 0.720945
   24     0.723681 0.722356 0.730378 0.714609 0.719449 0.706779 0.727631
   25     0.722649 0.722258 0.718702 0.710560 0.716077 0.707395 0.723671
   26     0.728937 0.722804 0.729999 0.711264 0.706662 0.705710 0.734665
   27     0.723429 0.727946 0.718335 0.713843 0.707630 0.702010 0.725984
   28     0.722931 0.720401 0.722651 0.713775 0.702148 0.701973 0.727824
   29     0.724990 0.717873 0.720814 0.727450 0.710654 0.711007 0.743931
   30     0.731766 0.728628 0.713218 0.704932 0.709257 0.708758 0.706553
   31     0.724553 0.716552 0.723536 0.710819 0.706026 0.714508 0.723306
   32     0.718756 0.723185 0.724020 0.710160 0.711381 0.702029 0.728016
   33     0.731784 0.723590 0.719024 0.717565 0.714212 0.711919 0.720760
   34     0.725173 0.718774 0.719898 0.720282 0.712635 0.712208 0.718827
   35     0.727685 0.724755 0.723029 0.705945 0.706226 0.711188 0.727405
   36     0.732620 0.727657 0.723736 0.715886 0.712824 0.709871 0.723066
   37     0.731920 0.721537 0.716740 0.715546 0.719506 0.710023 0.744145
   38     0.728877 0.734212 0.734189 0.724532 0.706323 0.712434 0.723850
   39     0.729416 0.729517 0.725406 0.709190 0.711455 0.708378 0.714352
   40     0.721141 0.730246 0.727999 0.707275 0.713965 0.704745 0.730657
   41     0.726241 0.720707 0.719143 0.718243 0.707925 0.715580 0.729805
   42     0.724949 0.721554 0.719212 0.715272 0.719044 0.710675 0.732114
   43     0.726930 0.726682 0.720472 0.715100 0.708615 0.702763 0.723796
   44     0.720820 0.727073 0.719474 0.714810 0.692220 0.705191 0.718187
   45     0.719532 0.726269 0.718674 0.717233 0.714084 0.709041 0.719061
   46     0.724159 0.727364 0.723360 0.714222 0.708917 0.707763 0.722476
   47     0.728982 0.727072 0.723856 0.714958 0.712028 0.704455 0.715255
   48     0.729273 0.723536 0.715658 0.718559 0.708924 0.711154 0.717576
   49     0.726026 0.718387 0.726463 0.721296 0.713326 0.710742 0.715714
   50     0.719885 0.725013 0.721572 0.721849 0.717517 0.708675 0.716672
   51     0.724946 0.726004 0.721409 0.720500 0.717045 0.708385 0.711490
   52     0.724792 0.723221 0.718759 0.715248 0.721467 0.707562 0.718331
   53     0.726953 0.726490 0.724645 0.722971 0.707306 0.707877 0.723342
   54     0.731648 0.723477 0.730416 0.721689 0.716853 0.710325 0.720677
   55     0.722414 0.724075 0.716810 0.712879 0.710023 0.710472 0.712665
   56     0.732439 0.721524 0.727839 0.714343 0.715388 0.705509 0.720147
   57     0.723198 0.725569 0.724542 0.724724 0.712112 0.714438 0.715907
   58     0.728678 0.727465 0.722816 0.720197 0.714468 0.702957 0.718737
   59     0.730002 0.719844 0.720891 0.717851 0.715751 0.711590 0.716631
   60     0.721995 0.726217 0.720665 0.718246 0.716108 0.711637 0.705669
   61     0.726368 0.726184 0.726234 0.717704 0.717359 0.706924 0.708302
   62     0.720600 0.725466 0.721199 0.718605 0.713720 0.707979 0.712192
   63     0.724243 0.727684 0.721415 0.715963 0.710698 0.707269 0.710897
   64     0.726260 0.728068 0.724084 0.717375 0.709888 0.709408 0.715369
   65     0.730353 0.728768 0.723425 0.716685 0.715638 0.708780 0.714589
   66     0.725394 0.724168 0.727588 0.716520 0.716593 0.709138 0.713926
   67     0.728269 0.723095 0.720347 0.716373 0.711839 0.708351 0.716678
   68     0.728572 0.723546 0.722985 0.719449 0.711904 0.706660 0.719132
   69     0.726369 0.725466 0.722220 0.719417 0.714806 0.711263 0.712768
   70     0.730442 0.725624 0.718231 0.722174 0.711100 0.709738 0.714718
   71     0.730242 0.722270 0.722483 0.722643 0.714355 0.707917 0.711500
   72     0.727110 0.725886 0.722203 0.716518 0.710543 0.702459 0.717901
   73     0.729033 0.722751 0.721903 0.717376 0.711749 0.709370 0.712241
   74     0.733335 0.718096 0.720323 0.714243 0.715214 0.714014 0.716188
   75     0.727765 0.727489 0.720403 0.720120 0.715635 0.706610 0.711676
   76     0.732568 0.725244 0.718233 0.717581 0.712768 0.710715 0.706366
   77     0.728462 0.725950 0.721433 0.719251 0.710815 0.712043 0.712693
   78     0.723465 0.730134 0.721134 0.717293 0.714865 0.711228 0.714426
   79     0.728324 0.725679 0.723333 0.719736 0.713310 0.710146 0.711185
   80     0.730136 0.732565 0.723003 0.717030 0.711829 0.711727 0.713567
   81     0.726962 0.725279 0.719524 0.715813 0.713068 0.711063 0.709301
   82     0.729666 0.721089 0.721964 0.716756 0.716288 0.704823 0.713350
   83     0.725069 0.725879 0.719300 0.718253 0.712130 0.709553 0.710852
   84     0.725540 0.724106 0.718967 0.718591 0.714588 0.711319 0.715988
   85     0.727805 0.725103 0.718517 0.716645 0.711734 0.709813 0.709653
   86     0.729801 0.724166 0.721818 0.718387 0.715106 0.710937 0.709590
   87     0.726388 0.722640 0.724660 0.716405 0.710855 0.713265 0.710008
   88     0.727983 0.725652 0.725615 0.716881 0.714439 0.710137 0.713594
   89     0.727513 0.723294 0.724958 0.717422 0.713412 0.708687 0.710879
   90     0.728228 0.726315 0.722687 0.721424 0.714427 0.712059 0.709655
   91     0.727398 0.724009 0.726063 0.716476 0.713921 0.710254 0.712664
   92     0.729312 0.727540 0.721886 0.718581 0.716264 0.707971 0.713566
   93     0.727878 0.723100 0.720986 0.719036 0.713785 0.709112 0.712422
   94     0.729067 0.725908 0.724155 0.715174 0.712081 0.708248 0.712151
   95     0.730335 0.724619 0.722363 0.718594 0.713671 0.715279 0.715413
   96     0.726290 0.728906 0.719398 0.720082 0.712440 0.709436 0.712692
   97     0.726483 0.724660 0.722865 0.717205 0.707180 0.711884 0.715781
   98     0.721099 0.727071 0.724196 0.719036 0.710921 0.711076 0.709538
   99     0.726924 0.725345 0.718907 0.714995 0.710552 0.706254 0.712726
  100     0.729203 0.731814 0.725233 0.714469 0.716014 0.710887 0.712963
  101     0.720514 0.726107 0.724560 0.717243 0.712909 0.706899 0.717555
  102     0.728924 0.725290 0.722462 0.720831 0.704340 0.707016 0.711406
  103     0.729265 0.722703 0.721827 0.718304 0.717822 0.709084 0.714545
  104     0.726330 0.722728 0.717891 0.720189 0.706432 0.714742 0.711531
  105     0.729257 0.728027 0.717046 0.721532 0.717921 0.705841 0.710328
  106     0.728029 0.723258 0.720652 0.718630 0.716527 0.709985 0.714775
  107     0.726567 0.727198 0.721348 0.715385 0.716183 0.705266 0.713993
  108     0.723886 0.725878 0.723943 0.715059 0.710892 0.706703 0.712647
  109     0.727162 0.726406 0.722114 0.716517 0.715337 0.714629 0.710594
  110     0.724409 0.724774 0.717236 0.716923 0.717395 0.713342 0.718020
  111     0.726444 0.724368 0.723475 0.721322 0.714698 0.711947 0.714137
  112     0.724127 0.724927 0.717905 0.718753 0.715129 0.710315 0.713025
  113     0.730966 0.725497 0.724379 0.720383 0.717683 0.714674 0.712589
  114     0.720780 0.727409 0.727008 0.716941 0.713821 0.710000 0.715664
  115     0.730168 0.726579 0.722490 0.718831 0.716777 0.714094 0.713273
  116     0.727125 0.727597 0.721022 0.719468 0.711444 0.706222 0.710973
  117     0.726040 0.731258 0.718600 0.716040 0.717057 0.708699 0.716100
  118     0.727130 0.728910 0.721285 0.720795 0.709702 0.709479 0.713170
  119     0.727651 0.724752 0.718803 0.718965 0.712788 0.711702 0.716549
  120     0.731458 0.724003 0.724471 0.715608 0.712481 0.711349 0.718779
  121     0.730089 0.726143 0.723738 0.720049 0.716587 0.711093 0.722584
  122     0.722692 0.727337 0.722128 0.716994 0.718099 0.711038 0.715790
  123     0.729187 0.725644 0.725230 0.717122 0.711814 0.707640 0.712309
  124     0.725695 0.725085 0.727856 0.720876 0.715750 0.715218 0.715673
  125     0.730208 0.725688 0.724371 0.716617 0.711906 0.710506 0.714187
  126     0.729450 0.728558 0.723461 0.718679 0.718915 0.710948 0.718004
  127     0.728484 0.723735 0.728962 0.722902 0.714569 0.710504 0.712584
  128     0.726039 0.728381 0.722886 0.720018 0.727502 0.712060 0.716442
  129     0.731921 0.730117 0.727402 0.717282 0.718790 0.711475 0.718246
  130     0.727402 0.726273 0.719790 0.718021 0.719857 0.715219 0.716339
  131     0.733617 0.730481 0.727283 0.719016 0.710767 0.709850 0.711524
  132     0.730526 0.728365 0.729871 0.726580 0.718480 0.716581 0.712002
  133     0.731829 0.730774 0.722001 0.721295 0.716696 0.715145 0.715340
  134     0.733519 0.720989 0.722895 0.722515 0.712703 0.712108 0.713513
  135     0.723981 0.730324 0.720835 0.721002 0.710698 0.709555 0.711389
  136     0.733721 0.726327 0.725997 0.719119 0.714098 0.713445 0.720746
  137     0.732788 0.729138 0.734034 0.719267 0.719709 0.713514 0.721750
  138     0.735875 0.727886 0.722570 0.719300 0.716456 0.712808 0.711739
  139     0.730332 0.723617 0.720393 0.729633 0.708699 0.712533 0.714214
  140     0.734806 0.730525 0.725130 0.718866 0.718204 0.706508 0.718469
  141     0.729457 0.729062 0.722544 0.719893 0.713835 0.714655 0.717023
  142     0.729747 0.731388 0.724029 0.724028 0.718257 0.709891 0.719157
  143     0.731615 0.731131 0.724132 0.717466 0.712472 0.714638 0.722147
  144     0.733014 0.726312 0.729906 0.724357 0.713558 0.714129 0.716285
  145     0.727822 0.728956 0.725981 0.717638 0.718266 0.711510 0.712745
  146     0.731383 0.728837 0.725799 0.718964 0.714353 0.718440 0.716515
  147     0.738198 0.730877 0.726897 0.723534 0.715734 0.713456 0.712097
  148     0.729318 0.724174 0.722325 0.724385 0.718278 0.714356 0.716085
  149     0.732685 0.727524 0.728828 0.721061 0.718477 0.712379 0.711414
