MRH 20150606
    23.97    70.45   116.88   163.35   209.80   256.25   302.73
    46.48    46.43    46.47    46.45    46.45    46.48    46.48
     0.83370066     0.56131470     0.36480874     0.21974210     0.12295797     0.06078639     0.02683549     0.00650134    -0.00263749    -0.00536913    -0.00589182    -0.00450928    -0.00404118    -0.00367598    -0.00139486    -0.00098555    -0.00084754     0.00007638
    -0.02287151    -0.02944984    -0.03794362    -0.04159191    -0.04236772    -0.03955927    -0.03261428    -0.02847480    -0.02153931    -0.01332171    -0.00770897    -0.00460879    -0.00218510    -0.00039669     0.00045087    -0.00005329     0.00119821     0.00074622
     1.00000000     0.67390037     0.43978482     0.26813519     0.15598913     0.08701190     0.05084926     0.03512618     0.02618612     0.01750540     0.01187492     0.00807467     0.00597209     0.00550879     0.00377993     0.00258444     0.00291630     0.00297685
     0.83257163     0.54664469     0.33792466     0.19240889     0.10378491     0.04719788     0.02068367     0.00513262    -0.00105056     0.00001267    -0.00332431    -0.00051636    -0.00302294    -0.00260191    -0.00204084    -0.00306072    -0.00120540    -0.00062281
     0.02955773     0.03802899     0.02741377     0.00740440    -0.00793127    -0.01649007    -0.01982142    -0.01456725    -0.01322445    -0.00803180    -0.00549307    -0.00236470     0.00022364    -0.00068836     0.00136314     0.00040723     0.00102307     0.00046805
     1.00000000     0.65784788     0.40712106     0.23107377     0.12515077     0.06000526     0.03459597     0.01937058     0.01638469     0.01171237     0.00886342     0.00484046     0.00498691     0.00496438     0.00489199     0.00510148     0.00451753     0.00355201
     0.84027082     0.52885586     0.30686954     0.16417566     0.08041044     0.03807947     0.01677323     0.00682822     0.00233427    -0.00003625    -0.00263246    -0.00319593    -0.00483098    -0.00648466    -0.00657077    -0.00524363    -0.00510786    -0.00505109
     0.08774066     0.10369272     0.07772467     0.04043722     0.01035551    -0.00733350    -0.01437410    -0.01540050    -0.01286083    -0.00718048    -0.00379961    -0.00132588    -0.00072543     0.00056177    -0.00035304     0.00261102     0.00259909     0.00282709
     1.00000000     0.63780993     0.37466839     0.20008564     0.09601229     0.04593975     0.02627272     0.02008048     0.01563724     0.00908803     0.00620292     0.00488346     0.00645024     0.00825965     0.00856593     0.00723618     0.00718611     0.00768113
     0.84203291     0.52674669     0.29365242     0.14469610     0.05971095     0.01384932    -0.00311167    -0.00903275    -0.00793766    -0.00609002    -0.00553394    -0.00367673    -0.00259449    -0.00082732     0.00034598     0.00119966     0.00304655     0.00321805
     0.02377898     0.02270352     0.00312323    -0.00708443    -0.01913133    -0.01848660    -0.01678148    -0.01264185    -0.00808418    -0.00598099    -0.00173637    -0.00190069    -0.00190517     0.00020096    -0.00123877     0.00106825    -0.00010497    -0.00034662
     1.00000000     0.62569708     0.34872347     0.17206916     0.07456835     0.02789060     0.02095150     0.01876961     0.01405940     0.01063424     0.00790327     0.00608872     0.00547203     0.00468345     0.00474108     0.00395171     0.00485125     0.00534940
     0.83868027     0.50136459     0.26453513     0.12142844     0.04241402     0.00876721    -0.00221763    -0.00335392    -0.00448358    -0.00112563    -0.00051253    -0.00242582    -0.00430814    -0.00519869    -0.00386816    -0.00428599    -0.00064999     0.00103883
     0.07471827     0.07932746     0.05371149     0.02123548    -0.00354048    -0.01410022    -0.01818515    -0.01289632    -0.00676798    -0.00107913    -0.00104796     0.00355055     0.00352813     0.00640842     0.00724963     0.00699874     0.00275061     0.00282503
     1.00000000     0.60272819     0.32080266     0.14645153     0.05072076     0.02012634     0.02208623     0.01625833     0.01059564     0.00556412     0.00391267     0.00646165     0.00783584     0.01043851     0.01023745     0.01069714     0.00545081     0.00450629
     0.82868886     0.48207989     0.24573866     0.09898843     0.02113149    -0.01051051    -0.01718330    -0.00936352    -0.00718067    -0.00513775    -0.00088348     0.00055625     0.00039570    -0.00162521    -0.00186808     0.00133582    -0.00065373    -0.00557389
     0.00339770     0.00859774    -0.00642248    -0.01262279    -0.01971511    -0.01221173    -0.00916333    -0.00596235    -0.00496451     0.00072397     0.00274769     0.00300075    -0.00213246     0.00094372    -0.00204053    -0.00241075    -0.00546537    -0.00083008
     1.00000000     0.58196706     0.29658997     0.12034827     0.03582589     0.02117304     0.02497040     0.01611358     0.01151996     0.00763501     0.00610155     0.00639264     0.00535679     0.00495938     0.00601448     0.00710734     0.00903941     0.00803838
     0.82362479     0.46773618     0.22182113     0.08137813     0.01254062    -0.00969861    -0.01135730    -0.00729768    -0.00366453    -0.00177593     0.00177979     0.00093186    -0.00004024     0.00077935     0.00074025     0.00094270     0.00083214     0.00368381
     0.05980475     0.06467387     0.03684144     0.01214997    -0.00720722    -0.01242651    -0.01489106    -0.01015346    -0.00581157     0.00006078    -0.00050193     0.00137682    -0.00162235    -0.00030907    -0.00344530    -0.00457188    -0.00791038    -0.01125623
     1.00000000     0.57175469     0.27242023     0.09990207     0.01826397     0.01939573     0.02287190     0.01581080     0.00923059     0.00495952     0.00431358     0.00472103     0.00447789     0.00419736     0.00571401     0.00658732     0.00985339     0.01483213
   1.724   0.036  400    2    0    0    0  0.000 18.000
