                 MRH
    6    6 2015
      18.25       NaN       NaN       NaN       NaN    900.13     11.85    630.0   1800
      18.75      8.59      8.53       NaN       NaN   1077.77     41.65    630.0   1800
      19.25    -19.20     23.51       NaN       NaN    785.27     96.10    630.0   1800
      19.75     -1.13     25.69       NaN       NaN    732.18     85.32    630.0   1800
      20.25     15.59     26.03       NaN       NaN    624.43     53.64    630.0   1800
      20.75    -50.75     17.95       NaN       NaN    592.41     36.53    630.0   1800
      21.25     21.41     22.14       NaN       NaN    804.04     62.84    630.0   1800
      21.75    -24.56     30.00       NaN       NaN    832.94     72.79    630.0   1800
      22.25      5.23     23.67       NaN       NaN    874.16     58.84    630.0   1800
      22.75      8.50     19.09       NaN       NaN    804.50     45.46    630.0   1800
      23.25     -0.04     13.41       NaN       NaN    811.22     30.98    630.0   1800
      23.75     -4.97     12.75       NaN       NaN    794.34     26.86    630.0   1800
      24.25     -1.36     15.10       NaN       NaN    832.07     35.13    630.0   1800
      24.75       NaN       NaN       NaN       NaN    785.57     60.42    630.0   1800
      25.25     -2.35     14.96       NaN       NaN    800.64     43.54    630.0   1800
      25.75     -5.29     26.73       NaN       NaN    751.88     92.46    630.0   1800
      26.25     -4.46     36.86       NaN       NaN    685.64     71.77    630.0   1800
      26.75     10.45     71.06       NaN       NaN    677.77    128.79    630.0   1800
