                 MRH
    6    6 2015
    18.4479        NaN        NaN        NaN        NaN     900.13      11.85  102.6   -0.0  630.0  180.0
    18.9881        NaN        NaN        NaN        NaN     820.09      68.01  102.6   -0.0  630.0  180.0
    19.5287        NaN        NaN        NaN        NaN     767.79     131.52  102.6   -0.0  630.0  180.0
    20.0696        NaN        NaN        NaN        NaN     706.23      74.97  102.6   -0.0  630.0  180.0
    20.6097        NaN        NaN        NaN        NaN     731.74      54.25  102.6   -0.0  630.0  180.0
    21.1498        NaN        NaN        NaN        NaN     865.19      97.87  102.6   -0.0  630.0  180.0
    21.6905        NaN        NaN        NaN        NaN     798.12      88.70  102.6   -0.0  630.0  180.0
    22.2303        NaN        NaN        NaN        NaN     839.96      71.89  102.6   -0.0  630.0  180.0
    22.7705        NaN        NaN        NaN        NaN     778.22      57.93  102.6   -0.0  630.0  180.0
    23.3111        NaN        NaN        NaN        NaN     788.73      37.81  102.6   -0.0  630.0  180.0
    23.8512        NaN        NaN        NaN        NaN     785.53      28.63  102.6   -0.0  630.0  180.0
    24.3911        NaN        NaN        NaN        NaN     792.84      40.42  102.6   -0.0  630.0  180.0
    24.9307        NaN        NaN        NaN        NaN     785.57      60.42  102.6   -0.0  630.0  180.0
    25.4707        NaN        NaN        NaN        NaN     802.55      68.77  102.6   -0.0  630.0  180.0
    26.0105        NaN        NaN        NaN        NaN     741.86      85.15  102.6   -0.0  630.0  180.0
    26.5501        NaN        NaN        NaN        NaN     829.68     157.01  102.6   -0.0  630.0  180.0
    18.5535       8.59       8.53        NaN        NaN    1335.44      48.08   89.9  -45.0  630.0  180.0
    19.0939     -19.20      23.51        NaN        NaN     785.27      96.10   89.9  -45.0  630.0  180.0
    19.6347      -1.13      25.69        NaN        NaN     696.57     108.71   89.9  -45.0  630.0  180.0
    20.1752      15.59      26.03        NaN        NaN     542.63      76.75   89.9  -45.0  630.0  180.0
    20.7152     -50.75      17.95        NaN        NaN     453.08      48.92   89.9  -45.0  630.0  180.0
    21.2556      21.41      22.14        NaN        NaN     742.88      78.85   89.9  -45.0  630.0  180.0
    21.7960     -24.56      30.00        NaN        NaN     867.77     115.44   89.9  -45.0  630.0  180.0
    22.3360       5.23      23.67        NaN        NaN     908.37      93.17   89.9  -45.0  630.0  180.0
    22.8758       8.50      19.09        NaN        NaN     830.79      70.08   89.9  -45.0  630.0  180.0
    23.4167      -0.04      13.41        NaN        NaN     833.71      49.09   89.9  -45.0  630.0  180.0
    23.9569      -4.97      12.75        NaN        NaN     803.15      45.46   89.9  -45.0  630.0  180.0
    24.4967      -1.36      15.10        NaN        NaN     871.29      57.46   89.9  -45.0  630.0  180.0
    25.0363      -2.35      14.96        NaN        NaN     798.73      53.42   89.9  -45.0  630.0  180.0
    25.5762      -5.29      26.73        NaN        NaN     751.88      92.46   89.9  -45.0  630.0  180.0
    26.1159      -4.46      36.86        NaN        NaN     629.43     115.57   89.9  -45.0  630.0  180.0
    26.6556      10.45      71.06        NaN        NaN     525.85     204.19   89.9  -45.0  630.0  180.0
