                 MRH
    6    6 2015
    18.4479     -14.77       1.70     900.13      11.85     659.48       3.69  102.6   -0.0  630.0  180.0
    18.9881      -6.95      12.40     820.09      68.01     246.45       8.25  102.6   -0.0  630.0  180.0
    19.5287     -34.66      22.21     767.79     131.52     128.06       8.14  102.6   -0.0  630.0  180.0
    20.0696      -9.73      14.11     706.23      74.97     112.52       4.63  102.6   -0.0  630.0  180.0
    20.6097       4.95      11.96     731.74      54.25     103.17       2.63  102.6   -0.0  630.0  180.0
    21.1498      11.00      17.64     865.19      97.87     207.83       9.48  102.6   -0.0  630.0  180.0
    21.6905      10.28      17.43     798.12      88.70     262.81      11.18  102.6   -0.0  630.0  180.0
    22.2303      18.50      13.86     839.96      71.89     375.84      12.76  102.6   -0.0  630.0  180.0
    22.7705      -1.90      11.73     778.22      57.93     460.75      12.99  102.6   -0.0  630.0  180.0
    23.3111      -2.06       7.68     788.73      37.81     685.84      12.37  102.6   -0.0  630.0  180.0
    23.8512       6.56       5.88     785.53      28.63     886.22      12.03  102.6   -0.0  630.0  180.0
    24.3911      -2.01       8.08     792.84      40.42     863.60      16.78  102.6   -0.0  630.0  180.0
    24.9307       0.46      12.02     785.57      60.42     703.49      20.65  102.6   -0.0  630.0  180.0
    25.4707      -2.64      13.43     802.55      68.77     600.14      19.85  102.6   -0.0  630.0  180.0
    26.0105      13.20      17.68     741.86      85.15     400.82      17.19  102.6   -0.0  630.0  180.0
    26.5501      -2.58      29.76     829.68     157.01     247.67      18.66  102.6   -0.0  630.0  180.0
    18.3421      -6.81       6.22    1079.12      38.11     824.45      12.85   12.8  -50.2  630.0  180.0
    18.8293      -6.12      10.57     794.94      62.28     276.75       8.12   12.8  -50.2  630.0  180.0
    19.3700      57.87      25.66     708.65     147.36     121.63       8.63   12.8  -50.2  630.0  180.0
    19.9107       1.80      21.71     965.66     178.94      87.47       6.90   12.8  -50.2  630.0  180.0
    20.4512    -185.21       5.84     462.03      32.38      55.26       0.81   12.8  -50.2  630.0  180.0
    20.9909     -26.69      15.11     848.64      99.57     146.80       6.36   12.8  -50.2  630.0  180.0
    21.5318      -4.23      22.02     716.89     106.70     168.26       9.06   12.8  -50.2  630.0  180.0
    22.0717       8.14      12.82     833.01      66.22     303.67       9.31   12.8  -50.2  630.0  180.0
    22.6116       3.51       7.54     644.72      31.93     313.36       5.01   12.8  -50.2  630.0  180.0
    23.1525      -0.45      12.48     900.45      68.72     528.91      16.56   12.8  -50.2  630.0  180.0
    23.6924      -4.25      10.71     832.42      55.67     648.58      17.05   12.8  -50.2  630.0  180.0
    24.2325       7.22       9.89     815.74      50.65     735.79      17.72   12.8  -50.2  630.0  180.0
    24.7721      -1.10       7.08     804.10      35.37     605.07       9.95   12.8  -50.2  630.0  180.0
    25.3119      -7.96      13.26     753.04      65.07     594.47      19.08   12.8  -50.2  630.0  180.0
    25.8516       1.25      19.86     659.00      90.64     351.72      16.70   12.8  -50.2  630.0  180.0
    26.3913      14.40      28.32     685.60     130.49     228.83      15.45   12.8  -50.2  630.0  180.0
    18.3952     -20.11       3.65     921.06      17.53     649.50       4.35  102.6   50.2  630.0  180.0
    18.9355     -14.71      17.48     787.94      94.11     192.89       9.14  102.6   50.2  630.0  180.0
    19.4760     -24.39      29.16     681.04     140.52     101.73       7.71  102.6   50.2  630.0  180.0
    20.0168      28.82      21.29     843.46     118.67     106.88       6.20  102.6   50.2  630.0  180.0
    20.5572       7.71       7.83     307.60      20.90      60.57       0.76  102.6   50.2  630.0  180.0
    21.0970       1.08      18.48     893.46     128.19     180.52       9.23  102.6   50.2  630.0  180.0
    21.6376      -1.59      24.18     862.45     138.78     184.51      11.57  102.6   50.2  630.0  180.0
    22.1777       8.56      17.35     952.89     100.49     285.16      12.75  102.6   50.2  630.0  180.0
    22.7176      -5.21      12.69     808.19      64.37     349.10      10.65  102.6   50.2  630.0  180.0
    23.2585     -19.69      13.78     900.07      76.38     502.14      17.60  102.6   50.2  630.0  180.0
    23.7985      -6.25      12.38     871.10      66.82     672.54      20.75  102.6   50.2  630.0  180.0
    24.3385       1.23       6.81     819.27      34.41     740.41      11.80  102.6   50.2  630.0  180.0
    24.8781       0.84      14.72     753.95      72.05     570.12      20.31  102.6   50.2  630.0  180.0
    25.4180      14.62      15.30     738.12      74.80     496.91      18.59  102.6   50.2  630.0  180.0
    25.9577      18.25      26.47     737.96     128.43     300.58      19.50  102.6   50.2  630.0  180.0
    26.4973     -16.71      38.53     602.20     168.88     188.86      17.58  102.6   50.2  630.0  180.0
    18.5007       6.82       1.57    1281.28      32.98     564.53       6.87   45.1  -45.0  630.0  180.0
    19.0410     -11.69      14.42     880.67      83.01     205.14       8.04   45.1  -45.0  630.0  180.0
    19.5816     -28.03      24.61     735.78     128.56     102.53       6.94   45.1  -45.0  630.0  180.0
    20.1225      -6.57       5.98     470.68      30.69      27.47       0.87   45.1  -45.0  630.0  180.0
    20.6626      30.04      11.10     649.34      47.40      98.19       2.31   45.1  -45.0  630.0  180.0
    21.2029     -21.33      19.11     723.01      93.78     164.95       7.66   45.1  -45.0  630.0  180.0
    21.7434     -12.61      24.45     853.47     131.78     197.70      12.23   45.1  -45.0  630.0  180.0
    22.2833      16.19      16.86     754.52      81.45     282.90      11.45   45.1  -45.0  630.0  180.0
    22.8231       1.20      13.41     833.26      69.52     387.58      12.75   45.1  -45.0  630.0  180.0
    23.3640       6.49       8.79     804.83      44.24     623.78      12.93   45.1  -45.0  630.0  180.0
    23.9041       5.14       7.49     857.39      39.45     866.62      15.67   45.1  -45.0  630.0  180.0
    24.4440       4.73      10.05     858.18      53.29     748.90      18.49   45.1  -45.0  630.0  180.0
    24.9836      -1.90      13.94     836.65      73.26     602.50      20.96   45.1  -45.0  630.0  180.0
    25.5235     -10.00      17.09     771.52      85.28     478.82      20.16   45.1  -45.0  630.0  180.0
    26.0632      -1.21      24.51     738.58     119.61     312.47      18.91   45.1  -45.0  630.0  180.0
    26.6030     -52.54      42.10     635.38     194.70     169.58      17.78   45.1  -45.0  630.0  180.0
    18.5535      -6.08       6.03    1335.44      48.08     354.79       6.68   89.9  -45.0  630.0  180.0
    19.0939      13.58      16.63     785.27      96.10     164.26       7.73   89.9  -45.0  630.0  180.0
    19.6347       0.80      18.16     696.57     108.71     100.73       5.69   89.9  -45.0  630.0  180.0
    20.1752     -11.03      18.41     542.63      76.75      72.72       2.98   89.9  -45.0  630.0  180.0
    20.7152      35.88      12.69     453.08      48.92     108.36       3.15   89.9  -45.0  630.0  180.0
    21.2556     -15.14      15.65     742.88      78.85     178.72       6.78   89.9  -45.0  630.0  180.0
    21.7960      17.36      21.21     867.77     115.44     252.21      13.60   89.9  -45.0  630.0  180.0
    22.3360      -3.70      16.74     908.37      93.17     309.34      13.07   89.9  -45.0  630.0  180.0
    22.8758      -6.01      13.50     830.79      70.08     414.50      13.63   89.9  -45.0  630.0  180.0
    23.4167       0.03       9.48     833.71      49.09     647.66      14.88   89.9  -45.0  630.0  180.0
    23.9569       3.51       9.01     803.15      45.46     794.25      17.21   89.9  -45.0  630.0  180.0
    24.4967       0.96      10.68     871.29      57.46     749.51      19.89   89.9  -45.0  630.0  180.0
    25.0363       1.66      10.58     798.73      53.42     619.61      15.91   89.9  -45.0  630.0  180.0
    25.5762       3.74      18.90     751.88      92.46     444.39      20.39   89.9  -45.0  630.0  180.0
    26.1159       3.15      26.06     629.43     115.57     296.70      18.62   89.9  -45.0  630.0  180.0
    26.6556      -7.39      50.25     525.85     204.19     150.18      18.15   89.9  -45.0  630.0  180.0
    18.6062     -10.99       5.72     942.36      35.24     449.91       7.87  134.8  -45.0  630.0  180.0
    18.6587     -11.19       7.36    1022.95      46.63     424.70       9.36  134.8  -45.0  630.0  180.0
    18.7111      12.51       8.81    1049.33      56.47        NaN        NaN  134.8  -45.0  630.0  180.0
    18.7634     -18.62      10.29    1091.74      70.56     306.62       9.61  134.8  -45.0  630.0  180.0
    19.1469      -0.38      18.73     854.76     113.87     163.34       8.50  134.8  -45.0  630.0  180.0
    19.1993      38.90      19.20     756.80      97.81     154.82       7.84  134.8  -45.0  630.0  180.0
    19.2516     105.88      23.82     751.50     122.78     138.49       8.69  134.8  -45.0  630.0  180.0
    19.3040      33.36      23.40     453.34     115.63     123.16       8.24  134.8  -45.0  630.0  180.0
    19.6873      34.27      25.80     643.81     116.10     109.16       7.18  134.8  -45.0  630.0  180.0
    19.7399      43.09      30.99     608.77     138.98      78.65       6.12  134.8  -45.0  630.0  180.0
    19.7922      80.76      24.15     421.96      86.36      92.04       5.57  134.8  -45.0  630.0  180.0
    19.8447      42.00      20.48     375.12      80.22      95.10       5.08  134.8  -45.0  630.0  180.0
    20.2280      -9.44      15.55     346.02      59.23      82.40       2.68  134.8  -45.0  630.0  180.0
    20.2805      70.94      14.15     366.14      50.71      62.43       1.80  134.8  -45.0  630.0  180.0
    20.3329     -49.91      16.13     794.08     102.14      67.56       3.05  134.8  -45.0  630.0  180.0
    20.3852      -7.94       5.80     303.00      66.00      38.03       0.94  134.8  -45.0  630.0  180.0
    20.7678      33.06      13.56     631.73      58.77     114.26       3.47  134.8  -45.0  630.0  180.0
    20.8203       7.80      19.47     427.56      71.06     117.45       5.44  134.8  -45.0  630.0  180.0
    20.8727      28.55      18.95     710.38      86.81     132.27       5.83  134.8  -45.0  630.0  180.0
    20.9251     -22.48      17.88     515.11      70.50     126.12       5.33  134.8  -45.0  630.0  180.0
    21.3085      36.43      15.91     747.61      83.11     183.56       7.50  134.8  -45.0  630.0  180.0
    21.3609     -34.54      20.76     918.79     119.13     190.46      10.18  134.8  -45.0  630.0  180.0
    21.4132       9.75      20.94     638.78      92.43     160.09       7.94  134.8  -45.0  630.0  180.0
    21.4656      15.16      21.46     823.10     113.79     181.16       9.83  134.8  -45.0  630.0  180.0
    21.8488       9.09      21.95     807.26     112.02     231.54      12.49  134.8  -45.0  630.0  180.0
    21.9012       6.83      21.30     817.75     109.23     228.31      11.95  134.8  -45.0  630.0  180.0
    21.9535      -1.62      22.33    1059.82     141.22     302.45      18.35  134.8  -45.0  630.0  180.0
    22.0058      16.02       4.46     435.80      14.86     158.41       1.43  134.8  -45.0  630.0  180.0
    22.3888      14.21      16.94     828.60      87.41     305.22      12.60  134.8  -45.0  630.0  180.0
    22.4413       2.01      15.72     764.99      77.19     349.70      13.32  134.8  -45.0  630.0  180.0
    22.4934      20.15      14.89     774.53      73.11     370.27      13.24  134.8  -45.0  630.0  180.0
    22.5457      -3.72      15.45     840.56      81.21     378.88      14.44  134.8  -45.0  630.0  180.0
    22.9284     -18.55       4.72     611.96      17.49     307.49       2.52  134.8  -45.0  630.0  180.0
    22.9808     -10.60       9.49     841.98      49.48     460.55      10.56  134.8  -45.0  630.0  180.0
    23.0332      -3.40      11.36     772.77      55.72     455.53      12.37  134.8  -45.0  630.0  180.0
    23.0857      -4.58      11.11     807.20      56.49     495.25      13.31  134.8  -45.0  630.0  180.0
    23.4694      -0.64      10.19     871.49      54.60     663.44      16.68  134.8  -45.0  630.0  180.0
    23.5218      -2.22      11.07     853.89      58.51     633.51      17.16  134.8  -45.0  630.0  180.0
    23.5744      -2.20       8.17     812.24      41.42     710.01      13.88  134.8  -45.0  630.0  180.0
    23.6266       1.24       8.28     810.33      41.78     726.31      14.36  134.8  -45.0  630.0  180.0
    24.0096       4.59       9.25     787.40      45.95     775.61      17.23  134.8  -45.0  630.0  180.0
    24.0619      -8.63       8.84     842.43      46.25     792.88      17.10  134.8  -45.0  630.0  180.0
    24.1143     -10.17       7.03     770.91      34.32     753.33      12.38  134.8  -45.0  630.0  180.0
    24.1666      -1.41       9.70     804.17      48.95     725.07      16.95  134.8  -45.0  630.0  180.0
    24.5493      -0.84       9.10     838.33      47.63     730.13      16.11  134.8  -45.0  630.0  180.0
    24.6017       1.65       8.71     832.65      45.11     728.62      15.38  134.8  -45.0  630.0  180.0
    24.6539      -1.36      10.62     842.38      55.69     651.42      17.09  134.8  -45.0  630.0  180.0
    24.7062       1.45      12.33     800.25      62.36     600.87      18.09  134.8  -45.0  630.0  180.0
    25.0889      -5.49      13.17     778.45      65.81     578.95      18.51  134.8  -45.0  630.0  180.0
    25.1413      -1.78      14.12     837.07      74.25     596.10      20.92  134.8  -45.0  630.0  180.0
    25.1937     -15.18      12.88     817.23      66.69     626.64      19.91  134.8  -45.0  630.0  180.0
    25.2461      -2.50      10.01     785.21      50.12     627.65      15.22  134.8  -45.0  630.0  180.0
    25.6287      -3.21      12.72     767.87      62.68     500.44      15.44  134.8  -45.0  630.0  180.0
    25.6810      -1.30      17.90     744.74      87.17     437.59      19.06  134.8  -45.0  630.0  180.0
    25.7335      -7.59      21.06     712.04     100.19     385.10      19.71  134.8  -45.0  630.0  180.0
    25.7859      31.26      12.26     799.91      61.60     442.66      13.10  134.8  -45.0  630.0  180.0
    26.1686      12.30      17.13     776.82      85.61     327.59      13.65  134.8  -45.0  630.0  180.0
    26.2210     -14.77      24.59     713.28     119.06     301.84      18.31  134.8  -45.0  630.0  180.0
    26.2732     -30.99      27.52     709.57     133.82     276.90      19.05  134.8  -45.0  630.0  180.0
    26.3256      -6.48      27.42     751.46     135.31     296.70      20.11  134.8  -45.0  630.0  180.0
    26.7083      15.52      38.22     585.67     169.95     158.23      14.96  134.8  -45.0  630.0  180.0
    26.7607     -44.73      52.21     537.09     215.82     128.96      16.38  134.8  -45.0  630.0  180.0
    26.8129     -37.39      62.96     554.86     282.29     115.82      18.77  134.8  -45.0  630.0  180.0
    26.8653      15.21      45.27     645.42     217.50     136.97      15.60  134.8  -45.0  630.0  180.0
    18.8826      15.29      11.31     845.85      64.06     287.88       8.89  147.5   39.9  630.0  180.0
    19.4232      36.16      28.18     808.95     153.35     125.56       9.54  147.5   39.9  630.0  180.0
    19.9640       8.87      20.84     633.23     107.96      87.51       4.91  147.5   39.9  630.0  180.0
    20.5044     -56.75       3.28     218.40      24.58      42.53       0.61  147.5   39.9  630.0  180.0
    21.0442       9.39      17.80     779.54      92.44     158.11       7.30  147.5   39.9  630.0  180.0
    21.5850      10.54      21.34     719.27     102.60     190.90       9.91  147.5   39.9  630.0  180.0
    22.1252      10.80      13.59     822.24      69.69     301.71       9.88  147.5   39.9  630.0  180.0
    22.6648      10.17      12.23     827.87      63.21     372.17      10.99  147.5   39.9  630.0  180.0
    23.2058      -0.98      12.98     837.06      68.23     524.35      16.83  147.5   39.9  630.0  180.0
    23.7458       8.92       9.59     823.72      49.21     731.18      16.97  147.5   39.9  630.0  180.0
    24.2858      15.10      10.40     845.14      54.66     810.96      20.77  147.5   39.9  630.0  180.0
    24.8254       5.88      11.30     779.71      56.34     604.33      16.56  147.5   39.9  630.0  180.0
    25.3653      14.79      16.00     755.42      78.78     540.76      21.22  147.5   39.9  630.0  180.0
    25.9050       8.74      22.57     661.37     101.54     354.13      19.13  147.5   39.9  630.0  180.0
    26.4446      18.09      31.87     686.53     147.78     245.05      19.06  147.5   39.9  630.0  180.0
