  Image    fringe1  fringe2  fringe3  fringe4  fringe5  fringe6  fringe7
-----------------------------------------------------------------------------
    1     0.725139 0.722722 0.724483 0.718369 0.717208 0.713649 0.713753
    2     0.725670 0.729032 0.723896 0.721713 0.717637 0.713773 0.712912
    3     0.728196 0.726727 0.728862 0.721932 0.715701 0.713177 0.711830
    4     0.722016 0.721842 0.724391 0.716311 0.716318 0.717056 0.714448
    5    ********* 0.722223 0.725342 0.720070 0.716346 0.718581 0.717540
    6     0.728704 0.724232 0.726267 0.723603 0.717841 0.713954 0.709955
    7     0.727002 0.727159 0.723586 0.718762 0.715967********* 0.724297
    8     0.722363 0.726339 0.692878****************** 0.712333 0.701529
    9     0.731048 0.730022 0.725429 0.718922 0.715593 0.716020 0.721364
   10     0.720701 0.724276 0.731754 0.724605 0.719794 0.712433 0.705980
   11     0.725071 0.717698 0.716846 0.716397 0.718439 0.708166 0.724104
   12     0.725559 0.725664 0.728610 0.724369 0.721706 0.704998 0.727536
   13     0.723816 0.725140 0.728015 0.719342 0.707153 0.719033 0.730169
   14     0.721855 0.732361 0.726422 0.722835 0.717462 0.706168 0.729314
   15     0.729127 0.709750 0.735339 0.718304 0.711950 0.704592 0.710120
   16     0.730914 0.725502 0.727549 0.716864 0.711656 0.705380 0.731855
   17     0.714349 0.722792 0.713757 0.707913 0.713091 0.703028 0.722906
   18     0.725974 0.700846 0.707946 0.693147 0.699661 0.697376 0.761826
   19     0.714594 0.700468 0.735443 0.702326 0.715853 0.714604 0.749263
   20     0.718868 0.713738 0.704151 0.708458 0.701632 0.712100 0.741696
   21     0.709256 0.725677 0.724189 0.715999 0.718157 0.690896 0.750299
   22     0.738518 0.724377 0.727629 0.702687 0.706218 0.709526 0.742716
   23     0.752971 0.716175 0.726502 0.708310 0.722873 0.711853 0.745848
   24     0.736094 0.715864 0.717694 0.725961 0.716820 0.703420 0.752288
   25     0.728227 0.737796 0.728728 0.716740 0.713495 0.686505 0.718273
   26     0.722894 0.713798 0.722551 0.700162 0.718792 0.710616 0.764105
   27     0.706665 0.710600 0.727001 0.720436 0.721827 0.708349 0.765555
   28     0.699242 0.691903 0.723309 0.705118 0.739988 0.698261 0.733692
   29     0.732578 0.724674 0.706628 0.717507 0.688816 0.704101 0.710634
   30     0.714592 0.745070 0.745498 0.723858 0.714558 0.710096 0.712609
   31     0.731291 0.721986 0.732543 0.716689 0.702397 0.702738 0.775236
   32     0.744204 0.712911 0.730680 0.707073 0.706987 0.707641 0.713245
   33     0.726029 0.733192 0.733934 0.725226 0.716801 0.712277 0.730012
   34     0.715541********* 0.726047 0.736734 0.713982 0.755109 0.688592
   35     0.716123 0.739049 0.714788 0.722760 0.715800 0.718720 0.760896
   36     0.679222 0.747952 0.716713 0.733557 0.697533 0.701619 0.725199
   37     0.733998 0.725990 0.708139 0.697124 0.734581 0.680838 0.751274
   38     0.712964 0.730579 0.741422 0.724173 0.697222 0.713525 0.737954
   39     0.730373 0.741297 0.732569 0.769010 0.706466 0.724163 0.709380
   40     0.740699 0.728349 0.745923 0.725366 0.752233 0.744144 0.737354
   41     0.720453 0.736354 0.733440 0.742653 0.736677 0.720516 0.737698
   42     0.729499 0.730421 0.725523 0.725815 0.706794 0.724752 0.794154
   43     0.729549 0.723880 0.724861 0.727533 0.704985 0.707525 0.715862
   44     0.699562 0.734588 0.738468 0.719485 0.726261 0.692695 0.708637
   45     0.713564 0.717220 0.728000 0.715795 0.727336 0.701312 0.702246
   46     0.712803 0.727942 0.712044 0.704333 0.720549 0.720567 0.729823
   47     0.719493 0.725921 0.734644 0.697620 0.710413 0.717933 0.734251
   48     0.729152 0.703596 0.711414 0.725865 0.723582 0.708851 0.727559
   49     0.731757 0.718325 0.734672 0.720418 0.725851 0.721365 0.727399
   50     0.737294 0.733588 0.731106 0.728427 0.708540 0.719190 0.705090
   51     0.718949 0.724969 0.714616 0.727333 0.710242 0.706603 0.722856
   52     0.716297 0.731667 0.729350 0.722255 0.702734 0.707847 0.720828
   53     0.727407 0.726922 0.726530 0.710236 0.710733 0.700612 0.720923
   54     0.726331 0.719516 0.731890 0.719863 0.711117 0.723440 0.734078
   55     0.730955 0.738825 0.727476 0.728933 0.715792 0.701577 0.711592
   56     0.715962 0.726851 0.731478 0.710942 0.701814 0.711630 0.699993
   57     0.741583 0.723034 0.724836 0.732257 0.727629 0.708862 0.718997
   58     0.731326 0.716406 0.731905 0.713670 0.712618 0.717707 0.701991
   59     0.720351 0.726400 0.726158 0.709605 0.712857 0.702804 0.721590
   60     0.712504 0.718998 0.730591 0.723132 0.721397 0.716077 0.717282
   61     0.718707 0.722444 0.717647 0.719590 0.721066 0.709656 0.718458
   62     0.722693 0.726519 0.721885 0.711185 0.725281 0.712945 0.720565
   63     0.732379 0.722785 0.723480 0.713937 0.708538 0.708991 0.717522
   64     0.732228 0.730921 0.728111 0.714329 0.723860 0.704370 0.717539
   65     0.724081 0.724676 0.719970 0.718525 0.710332 0.708215 0.714975
   66     0.726290 0.728827 0.725329 0.717495 0.700284 0.701881 0.727069
   67     0.734725 0.721120 0.722633 0.717548 0.711207 0.707280 0.716635
   68     0.727445 0.729442 0.729384 0.710643 0.717046 0.711127 0.716531
   69     0.712942 0.722194 0.718719 0.720976 0.715915 0.713319 0.718925
   70     0.718417 0.725024 0.721606 0.721256 0.716526 0.714303 0.715961
   71     0.724743 0.722131 0.725343 0.722337 0.707776 0.709350 0.717345
   72     0.719315 0.725980 0.724454 0.723271 0.712902 0.715568 0.711687
   73     0.725336 0.725565 0.723170 0.715551 0.709045 0.707339 0.714193
   74     0.726228 0.723696 0.720265 0.717663 0.710598 0.707046 0.720845
   75     0.726446 0.730628 0.725229 0.718201 0.722570 0.707487 0.716648
   76     0.725651 0.727430 0.713843 0.718361 0.714842 0.713264 0.713077
   77     0.724379 0.727998 0.725777 0.718868 0.713293 0.712035 0.720815
   78     0.725739 0.723563 0.720011 0.718113 0.715701 0.706908 0.710402
   79     0.730812 0.728543 0.724143 0.722249 0.715501 0.713118 0.712034
   80     0.728502 0.725419 0.726093 0.721209 0.716201 0.709971 0.712556
   81     0.722349 0.728546 0.724216 0.721476 0.712743 0.710703 0.712406
   82     0.729764 0.730071 0.724545 0.713940 0.723131 0.712365 0.717142
   83     0.727291 0.727026 0.726388 0.720173 0.718861 0.714127 0.713386
   84     0.721218 0.730217 0.725284 0.716216 0.717549 0.716205 0.718652
   85     0.731993 0.727596 0.724952 0.720184 0.714391 0.713547 0.719405
   86     0.734522 0.735093 0.731531 0.717401 0.722308 0.715859 0.707273
   87     0.731875 0.727337 0.726085 0.725096 0.717363 0.713609 0.713988
   88     0.731171 0.730709 0.723298 0.725134 0.714783 0.709910 0.713745
   89     0.729030 0.726936 0.726095 0.723769 0.718320 0.714044 0.712805
   90     0.728188 0.723607 0.724490 0.717687 0.719907 0.715037 0.719724
   91     0.725330 0.728962 0.726952 0.721622 0.716325 0.713841 0.715786
   92     0.728429 0.731034 0.729354 0.721586 0.720900 0.717351 0.721695
   93     0.729420 0.729872 0.725536 0.720474 0.714799 0.717521 0.712256
   94     0.725867 0.726700 0.726851 0.720480 0.715364 0.713362 0.712735
   95     0.728918 0.725552 0.726763 0.719891 0.718100 0.717229 0.713491
   96     0.725245 0.730380 0.728457 0.723013 0.717935 0.712606 0.712285
   97     0.730773 0.730725 0.727711 0.716768 0.716298 0.714788 0.714758
   98     0.731368 0.727468 0.725775 0.722077 0.715985 0.715230 0.714893
   99     0.729635 0.726120 0.727087 0.722322 0.718248 0.712137 0.713401
  100     0.731163 0.725188 0.727064 0.717203 0.721816 0.715524 0.718546
  101     0.727649 0.725342 0.725795 0.717128 0.718102 0.714170 0.714267
  102     0.731712 0.727841 0.729766 0.720325 0.718626 0.715217 0.716608
  103     0.729130 0.727953 0.726897 0.720077 0.717229 0.711945 0.711612
  104     0.729047 0.726584 0.727224 0.719638 0.716106 0.714219 0.714146
  105     0.728247 0.729336 0.725735 0.723358 0.713977 0.716783 0.712345
  106     0.729078 0.728644 0.724369 0.719979 0.717787 0.714466 0.715154
  107     0.733120 0.730403 0.730807 0.721142 0.719412 0.714343 0.713973
  108     0.728549 0.728707 0.730210 0.724476 0.720873 0.716231 0.718206
  109     0.728668 0.726228 0.729332 0.720375 0.718286 0.717695 0.717835
  110     0.727901 0.729623 0.728964 0.721545 0.716420 0.712255 0.710282
  111     0.728298 0.725307 0.722888 0.720784 0.717642 0.711223 0.713601
  112     0.731531 0.727863 0.729959 0.720067 0.719218 0.712765 0.713040
  113     0.728986 0.728448 0.727809 0.723138 0.721828 0.714876 0.715066
  114     0.730009 0.723575 0.728840 0.720546 0.719301 0.717118 0.713318
  115     0.732259 0.731470 0.727127 0.721988 0.716549 0.713686 0.713038
  116     0.732335 0.725411 0.728472 0.721933 0.716951 0.717076 0.717478
  117     0.730561 0.728183 0.728768 0.723081 0.719293 0.715572 0.710601
  118     0.729965 0.731345 0.728025 0.722164 0.717970 0.715542 0.715703
  119     0.732074 0.725057 0.730577 0.720607 0.720224 0.714852 0.714213
  120     0.729133 0.729368 0.727577 0.724374 0.715957 0.716235 0.718529
  121     0.729728 0.729991 0.726677 0.720164 0.717380 0.713263 0.716859
  122     0.732948 0.725799 0.733317 0.722617 0.715613 0.712223 0.716342
  123     0.727798 0.729409 0.731188 0.719033 0.720904 0.717224 0.714733
  124     0.726502 0.733498 0.730267 0.722399 0.717782 0.715723 0.718002
  125     0.724006 0.729205 0.729652 0.722631 0.719432 0.718168 0.717726
  126     0.727150 0.730685 0.730477 0.724637 0.721137 0.716576 0.717391
  127     0.728156 0.734693 0.724608 0.722534 0.715264 0.714161 0.726416
  128     0.731601 0.732383 0.732952 0.724615 0.721348 0.716901 0.718906
  129     0.730961 0.731740 0.725991 0.723411 0.720711 0.716651 0.715076
  130     0.729390 0.729833 0.726586 0.723554 0.722513 0.720373 0.721107
  131     0.726926 0.723757 0.730038 0.718990 0.715113 0.712465 0.720872
  132     0.724593 0.717534 0.732885 0.718491 0.719394 0.712729 0.720066
  133     0.729783 0.729172 0.730170 0.726425 0.719165 0.709945 0.722410
  134     0.733330 0.728149 0.729217 0.726476 0.718372 0.719445 0.720686
  135     0.720301 0.724693 0.731630 0.726416 0.721837 0.719541 0.718293
  136     0.725134 0.729394 0.733350 0.724117 0.719643 0.718403 0.720465
  137     0.729838 0.732070 0.732724 0.719986 0.718802 0.713599 0.719916
  138     0.726992 0.726752 0.732360 0.727023 0.721356 0.717308 0.723387
  139     0.717833 0.727380 0.726523 0.719525 0.713731 0.712665 0.714355
  140     0.726880 0.727806 0.731502 0.722988 0.718183 0.717223 0.719777
  141     0.724911 0.727946 0.733283 0.718192 0.717865 0.716551 0.717359
  142     0.724739 0.725120 0.726965 0.717449 0.719688 0.710214 0.725551
  143     0.722726 0.729210 0.731310 0.722316 0.718485 0.708807 0.720862
  144     0.727171 0.723448 0.729680 0.721773 0.723918 0.718377 0.726022
  145     0.723823 0.723874 0.726467 0.723662 0.718209 0.718238 0.731419
  146     0.729619 0.729492 0.726993 0.718359 0.714031 0.713313 0.718434
  147     0.729281 0.720954 0.731920 0.731682 0.723647 0.714828 0.729570
  148     0.732495 0.723280 0.742350 0.731369 0.714117 0.717712 0.729994
  149     0.723092 0.727376 0.736897 0.723364 0.714559 0.717334 0.729778
  150     0.722743 0.722036 0.733483 0.723708 0.714980 0.709286 0.719966
  151     0.719859 0.724021 0.725271 0.714201 0.718994 0.720284 0.728594
  152     0.727448 0.726585 0.744937 0.718345 0.723116 0.724977 0.724711
  153     0.729937 0.727522 0.738996 0.721258 0.718900 0.704320 0.726247
  154     0.724665 0.728655 0.741330 0.731201 0.726205 0.726455 0.753548
  155     0.734695 0.718536 0.740447 0.714523 0.721756 0.713887 0.733053
  156     0.718514 0.715589 0.748471 0.702525 0.720872 0.704674 0.745315
  157     0.738450 0.729746 0.738634 0.719057 0.711259 0.732344 0.745225
  158     0.727748 0.728331 0.734559 0.728430 0.726799 0.722840 0.742964
  159     0.714198 0.714258 0.735221 0.704028 0.724120 0.715538 0.735397
