   1.210   0.177  18.800
   1.242   0.184  19.333
   1.241   0.183  19.867
   1.238   0.180  20.400
   1.249   0.151  20.950
   1.208   0.163  21.483
   1.232   0.156  22.017
   1.269   0.186  22.550
   1.179   0.185  23.100
   1.279   0.216  23.633
   1.271   0.208  24.167
   1.290   0.232  24.717
   1.228   0.226  25.250
   1.250   0.210  25.783
   1.222   0.219  26.333
   1.276   0.225  26.867
   1.248   0.228  27.400
   1.272   0.227  27.933
   1.251   0.261  28.483
   1.261   0.242  29.017
   1.265   0.261  29.550
   1.281   0.307  29.667
   1.248   0.210
