MRH 20150602
    24.18    70.73   117.22   163.75   210.26   256.81   303.31
    46.55    46.49    46.53    46.51    46.55    46.50    46.50
     0.84339213     0.57097942     0.37239784     0.22764467     0.12705837     0.06403691     0.02678994     0.00629101    -0.00395364    -0.00773591    -0.00740241    -0.00602363    -0.00521197    -0.00267724    -0.00185202    -0.00113558    -0.00010389     0.00005615
    -0.01813680    -0.02365565    -0.03349909    -0.03835309    -0.04056995    -0.04042150    -0.03549730    -0.02884871    -0.02163093    -0.01460629    -0.01017744    -0.00655989    -0.00234694    -0.00156102    -0.00105670     0.00028652     0.00095230     0.00041600
     1.00000000     0.67736858     0.44318381     0.27363226     0.15816645     0.08982624     0.05288995     0.03527133     0.02641449     0.02005645     0.01557669     0.01182464     0.00835119     0.00587398     0.00567147     0.00546696     0.00490407     0.00410559
     0.83346868     0.55260170     0.34368283     0.20480797     0.11107174     0.05923973     0.02783012     0.01191897     0.00631512     0.00364635     0.00340806     0.00061800     0.00344752     0.00095193     0.00242120     0.00031831     0.00176777    -0.00140107
     0.04379563     0.05550293     0.04097342     0.01996996     0.00236377    -0.01153297    -0.01580002    -0.02043030    -0.01566241    -0.01401994    -0.00504125    -0.00340041    -0.00138569    -0.00233716    -0.00114166    -0.00201085    -0.00028698     0.00047259
     1.00000000     0.66572124     0.41452956     0.24692388     0.13347515     0.07321229     0.03995366     0.02909640     0.02371311     0.01870344     0.01202369     0.00829137     0.00863083     0.00684924     0.00726297     0.00694585     0.00683071     0.00628035
     0.83550274     0.53929931     0.32538277     0.18073094     0.08724762     0.03428070     0.00696093    -0.00368950    -0.00580259    -0.00457397    -0.00177185    -0.00135846    -0.00041299     0.00027682     0.00034888     0.00121441    -0.00054441    -0.00302137
    -0.00626638    -0.02180774    -0.02864094    -0.03599292    -0.03373650    -0.02961780    -0.02322759    -0.01660516    -0.00999704    -0.00559807    -0.00143316     0.00157108     0.00437791     0.00503571     0.00435636     0.00431551     0.00198704     0.00083725
     1.00000000     0.64596206     0.39093140     0.22058807     0.11202320     0.05438536     0.02938495     0.02080427     0.01424227     0.00938365     0.00574140     0.00486497     0.00641503     0.00681403     0.00622734     0.00630053     0.00521194     0.00507299
     0.82311088     0.52098525     0.30225596     0.16046095     0.07437960     0.03102948     0.00857313    -0.00121094    -0.00238211    -0.00192022     0.00057156    -0.00024556     0.00228007     0.00102395     0.00342679     0.00008776     0.00199253     0.00150616
     0.05054035     0.05234276     0.03565318     0.01027397    -0.00249125    -0.01142285    -0.01025441    -0.00995628    -0.00483239    -0.00391806    -0.00070184    -0.00012213     0.00058891     0.00075379     0.00008099     0.00096929     0.00027559     0.00082071
     1.00000000     0.63500679     0.36914173     0.19516870     0.09053268     0.04042124     0.01725713     0.01289197     0.00940732     0.00738115     0.00607772     0.00609032     0.00562036     0.00602679     0.00564947     0.00529966     0.00543625     0.00483023
     0.81963813     0.50721604     0.28312045     0.14079675     0.05498078     0.01727475     0.00105016    -0.00235841    -0.00105429    -0.00053560     0.00124238    -0.00245061     0.00193220    -0.00159520    -0.00025997    -0.00488325    -0.00461713    -0.00577161
    -0.00553725    -0.01622842    -0.02357976    -0.02758129    -0.02200075    -0.01785309    -0.00840932    -0.00903992    -0.00355206    -0.00546878    -0.00374976    -0.00282788    -0.00167791    -0.00361690    -0.00349331    -0.00166879    -0.00250981    -0.00214414
     1.00000000     0.61934674     0.34681186     0.17522743     0.07227995     0.03117825     0.01395618     0.01285257     0.00749793     0.00920846     0.00790111     0.00672960     0.00715818     0.00830131     0.00591467     0.00812706     0.00851046     0.00921691
     0.81490570     0.48865119     0.26366806     0.11994720     0.04618561     0.01243322    -0.00378552    -0.00228791    -0.00262877    -0.00255161     0.00209744    -0.00053992     0.00011467     0.00150136    -0.00279222     0.00275750     0.00364305     0.00375341
     0.05373740     0.05075874     0.03394901     0.01482893     0.00111905    -0.00147900    -0.00424023    -0.00372807     0.00132590    -0.00134028    -0.00026468    -0.00014066    -0.00197847     0.00084226    -0.00068969    -0.00173918    -0.00024698    -0.00358353
     1.00000000     0.60157478     0.32571453     0.14815360     0.05784282     0.01931302     0.01430064     0.01300451     0.01068007     0.01046734     0.00888509     0.01054463     0.01025532     0.00970116     0.00806996     0.01093510     0.01194249     0.01316418
     0.81680369     0.47721285     0.24259576     0.10353845     0.03154086     0.00182453    -0.00569234    -0.00703589    -0.00282956    -0.00026988     0.00185202     0.00170443     0.00046644    -0.00107174    -0.00264503    -0.00233748    -0.00270434     0.00261825
    -0.00715451    -0.01413301    -0.01977871    -0.01549742    -0.00822072    -0.00364356    -0.00058174     0.00226783     0.00126942     0.00150298    -0.00001817    -0.00105152    -0.00315077    -0.00327926    -0.00832165    -0.00824409    -0.01084468    -0.01008695
     1.00000000     0.58448046     0.29802123     0.12831156     0.04017196     0.00708483     0.00905800     0.01021955     0.00652849     0.00595978     0.00508318     0.00630050     0.00622656     0.00593031     0.01166942     0.01185699     0.01440465     0.01405533
   1.248   0.210  400    2    0    0    0  0.000 18.000
