                 MRH
    2    6 2015
    18.4317        NaN        NaN        NaN        NaN    1040.33      49.70  102.6   -0.0  630.0  180.0
    18.9696        NaN        NaN        NaN        NaN     953.42     118.22  102.6   -0.0  630.0  180.0
    19.5076        NaN        NaN        NaN        NaN     775.37     134.09  102.6   -0.0  630.0  180.0
    20.0455        NaN        NaN        NaN        NaN     647.42     108.46  102.6   -0.0  630.0  180.0
    20.5834        NaN        NaN        NaN        NaN     805.39      90.05  102.6   -0.0  630.0  180.0
    21.1215        NaN        NaN        NaN        NaN     798.15      49.14  102.6   -0.0  630.0  180.0
    21.6595        NaN        NaN        NaN        NaN     816.67      39.25  102.6   -0.0  630.0  180.0
    22.1976        NaN        NaN        NaN        NaN     781.15      44.07  102.6   -0.0  630.0  180.0
    22.7359        NaN        NaN        NaN        NaN     640.40      73.28  102.6   -0.0  630.0  180.0
    23.2742        NaN        NaN        NaN        NaN     701.84      87.14  102.6   -0.0  630.0  180.0
    23.8126        NaN        NaN        NaN        NaN     678.96     113.94  102.6   -0.0  630.0  180.0
    24.3509        NaN        NaN        NaN        NaN     597.82     138.54  102.6   -0.0  630.0  180.0
    24.8894        NaN        NaN        NaN        NaN     471.26     205.98  102.6   -0.0  630.0  180.0
    25.4277        NaN        NaN        NaN        NaN     370.77     251.45  102.6   -0.0  630.0  180.0
    25.9660        NaN        NaN        NaN        NaN     288.39     267.88  102.6   -0.0  630.0  180.0
    26.5044        NaN        NaN        NaN        NaN     441.05     535.30  102.6   -0.0  630.0  180.0
    27.0423        NaN        NaN        NaN        NaN     236.05     313.54  102.6   -0.0  630.0  180.0
    27.5803        NaN        NaN        NaN        NaN     496.77     646.47  102.6   -0.0  630.0  180.0
    28.1183        NaN        NaN        NaN        NaN     367.12     502.68  102.6   -0.0  630.0  180.0
    28.6563        NaN        NaN        NaN        NaN     752.36    1120.53  102.6   -0.0  630.0  180.0
    29.1942        NaN        NaN        NaN        NaN     362.83     290.17  102.6   -0.0  630.0  180.0
    18.5369     -72.30      17.63        NaN        NaN     910.12      67.44   89.8  -45.0  630.0  180.0
    19.0748     -95.77      32.94        NaN        NaN     922.22     129.01   89.8  -45.0  630.0  180.0
    19.6128     -75.64      42.74        NaN        NaN     773.09     146.50   89.8  -45.0  630.0  180.0
    20.1507      42.56      25.10        NaN        NaN     753.01      86.16   89.8  -45.0  630.0  180.0
    20.6887      32.07      16.91        NaN        NaN     824.80      61.25   89.8  -45.0  630.0  180.0
    21.2266      36.69      11.00        NaN        NaN     800.05      38.71   89.8  -45.0  630.0  180.0
    21.7647      30.70       7.24        NaN        NaN     798.54      25.13   89.8  -45.0  630.0  180.0
    22.3029      33.10       8.39        NaN        NaN     849.54      30.75   89.8  -45.0  630.0  180.0
    22.8411     -39.29      28.34        NaN        NaN     763.20      98.50   89.8  -45.0  630.0  180.0
    23.3795     -36.45      32.08        NaN        NaN     715.82     106.42   89.8  -45.0  630.0  180.0
    23.9179     -63.67      38.44        NaN        NaN     485.84     107.78   89.8  -45.0  630.0  180.0
    24.4562     -74.85      53.79        NaN        NaN     533.01     152.76   89.8  -45.0  630.0  180.0
    24.9946     -35.37      84.69        NaN        NaN     777.01     307.45   89.8  -45.0  630.0  180.0
    25.5330      19.30     112.57        NaN        NaN     460.92     380.91   89.8  -45.0  630.0  180.0
    26.0713    -100.36     111.70        NaN        NaN     298.29     285.89   89.8  -45.0  630.0  180.0
    26.6094     175.47      64.97        NaN        NaN     264.51     400.28   89.8  -45.0  630.0  180.0
    27.1478      32.23     153.99        NaN        NaN    1375.25    1747.19   89.8  -45.0  630.0  180.0
    27.6855    -121.90      82.42        NaN        NaN     236.91     588.43   89.8  -45.0  630.0  180.0
    28.2235     206.31     123.07        NaN        NaN     284.78     613.06   89.8  -45.0  630.0  180.0
    28.7615      30.64     190.90        NaN        NaN     248.59     450.68   89.8  -45.0  630.0  180.0
    29.2994       1.69      78.41        NaN        NaN     548.54     239.13   89.8  -45.0  630.0  180.0
