                 MRH
    2    6 2015
      18.25       NaN       NaN       NaN       NaN   1040.33     49.70    630.0   1800
      18.75    -72.30     17.63       NaN       NaN    931.77     68.05    630.0   1800
      19.25    -95.77     32.94       NaN       NaN    922.22    129.01    630.0   1800
      19.75    -75.64     42.74       NaN       NaN    774.23     99.30    630.0   1800
      20.25     42.56     25.10       NaN       NaN    700.22     69.26    630.0   1800
      20.75     32.07     16.91       NaN       NaN    815.10     54.45    630.0   1800
      21.25     36.69     11.00       NaN       NaN    799.10     31.28    630.0   1800
      21.75     30.70      7.24       NaN       NaN    807.61     23.30    630.0   1800
      22.25     33.10      8.39       NaN       NaN    815.34     26.87    630.0   1800
      22.75    -39.29     28.34       NaN       NaN    701.80     61.38    630.0   1800
      23.25    -36.45     32.08       NaN       NaN    708.83     68.77    630.0   1800
      23.75    -63.67     38.44       NaN       NaN    582.40     78.42    630.0   1800
      24.25    -74.85     53.79       NaN       NaN    565.42    103.11    630.0   1800
      24.75    -35.37     84.69       NaN       NaN    624.13    185.04    630.0   1800
      25.25       NaN       NaN       NaN       NaN    370.77    251.45    630.0   1800
      25.75     19.30    112.57       NaN       NaN    374.65    232.84    630.0   1800
      26.25   -100.36    111.70       NaN       NaN    298.29    285.89    630.0   1800
      26.75    175.47     64.97       NaN       NaN    352.78    334.20    630.0   1800
      27.25     32.23    153.99       NaN       NaN    805.65    887.55    630.0   1800
      27.75   -121.90     82.42       NaN       NaN    366.84    437.09    630.0   1800
      28.25    206.31    123.07       NaN       NaN    325.95    396.40    630.0   1800
      28.75     30.64    190.90       NaN       NaN    500.47    603.88    630.0   1800
      29.25      1.69     78.41       NaN       NaN    455.69    188.01    630.0   1800
