                 MRH
    2    6 2015
    18.4317      61.76       8.30    1040.33      49.70    1263.91      27.07  102.6   -0.0  630.0  180.0
    18.9696      49.47      20.86     953.42     118.22     421.39      22.43  102.6   -0.0  630.0  180.0
    19.5076      96.95      27.33     775.37     134.09     270.85      18.01  102.6   -0.0  630.0  180.0
    20.0455      66.13      24.84     647.42     108.46     252.44      14.90  102.6   -0.0  630.0  180.0
    20.5834      39.74      17.91     805.39      90.05     382.67      16.86  102.6   -0.0  630.0  180.0
    21.1215      63.17       9.96     798.15      49.14     781.50      18.69  102.6   -0.0  630.0  180.0
    21.6595      57.95       7.86     816.67      39.25    1116.44      21.06  102.6   -0.0  630.0  180.0
    22.1976      51.71       9.05     781.15      44.07    1069.25      23.29  102.6   -0.0  630.0  180.0
    22.7359      41.77      16.71     640.40      73.28     719.45      28.91  102.6   -0.0  630.0  180.0
    23.2742      51.50      19.01     701.84      87.14     634.65      28.99  102.6   -0.0  630.0  180.0
    23.8126      43.23      25.19     678.96     113.94     429.72      26.25  102.6   -0.0  630.0  180.0
    24.3509       8.94      31.95     597.82     138.54     348.73      27.52  102.6   -0.0  630.0  180.0
    24.8894      26.74      51.55     471.26     205.98     176.14      22.85  102.6   -0.0  630.0  180.0
    25.4277      -4.79      63.73     370.77     251.45     130.68      21.27  102.6   -0.0  630.0  180.0
    25.9660     -34.18      75.55     288.39     267.88     121.00      22.71  102.6   -0.0  630.0  180.0
    26.5044     -10.75      80.67     441.05     535.30      59.59      14.37  102.6   -0.0  630.0  180.0
    27.0423    -156.52      45.88     236.05     313.54      59.76      12.93  102.6   -0.0  630.0  180.0
    27.5803      36.36     122.44     496.77     646.47      55.60      17.92  102.6   -0.0  630.0  180.0
    28.1183     -83.33     190.93     367.12     502.68      31.96      12.31  102.6   -0.0  630.0  180.0
    28.6563     -72.62     104.39     752.36    1120.53      37.70      12.51  102.6   -0.0  630.0  180.0
    29.1942      69.00      76.17     362.83     290.17      66.73      12.47  102.6   -0.0  630.0  180.0
    18.3264      65.64       8.41     920.50      45.58    1296.64      27.10   12.7  -50.2  630.0  180.0
    18.8115      60.26      24.05     899.59     129.65     371.95      22.44   12.7  -50.2  630.0  180.0
    19.3497      81.51      25.82     649.82     113.47     249.57      15.56   12.7  -50.2  630.0  180.0
    19.8873      96.92      18.51     764.22      88.72     408.54      18.21   12.7  -50.2  630.0  180.0
    20.4252      82.89       7.94     788.20      38.46     924.42      17.26   12.7  -50.2  630.0  180.0
    20.9632      62.07       6.21     821.34      31.04    1336.15      19.71   12.7  -50.2  630.0  180.0
    21.5012      61.39       5.44     805.02      26.71    1586.07      20.41   12.7  -50.2  630.0  180.0
    22.0394      51.81       7.22     769.94      34.76    1479.95      25.55   12.7  -50.2  630.0  180.0
    22.5776      46.10      12.34     770.98      60.17     982.65      29.48   12.7  -50.2  630.0  180.0
    23.1159      48.49      22.52     670.71     101.02     451.72      24.46   12.7  -50.2  630.0  180.0
    23.6543      45.00      27.13     590.19     113.54     344.72      22.19   12.7  -50.2  630.0  180.0
    24.1926      56.66      33.04     507.60     128.53     267.36      21.03   12.7  -50.2  630.0  180.0
    24.7311     -27.74      43.99     486.31     244.77     125.15      15.96   12.7  -50.2  630.0  180.0
    25.2695      -1.96      62.98     424.11     313.34     100.01      16.38   12.7  -50.2  630.0  180.0
    25.8078      20.71      93.81     548.82     833.62      59.40      14.12   12.7  -50.2  630.0  180.0
    26.3460      24.41      67.80     636.62     663.43      55.54      12.42   12.7  -50.2  630.0  180.0
    26.8840      98.77      82.80     264.18     468.47      62.96      12.78   12.7  -50.2  630.0  180.0
    27.4222     103.77     109.61     246.50     481.72      49.89      11.75   12.7  -50.2  630.0  180.0
    27.9602      15.89     167.79     209.08     687.56      32.92      11.92   12.7  -50.2  630.0  180.0
    28.4981     -26.26     155.66     449.87     668.68      23.06       8.31   12.7  -50.2  630.0  180.0
    29.0360     -20.13     123.16     431.36     515.06      39.32      10.27   12.7  -50.2  630.0  180.0
    29.5739      46.22      25.53     691.91     116.18     249.44      15.21   12.7  -50.2  630.0  180.0
    18.3792      65.83       9.54    1044.65      57.38    1109.15      27.41  102.6   50.2  630.0  180.0
    18.9171      78.85      25.87     945.26     144.70     342.72      22.55  102.6   50.2  630.0  180.0
    19.4551      79.67      31.93     680.15     142.90     223.58      16.92  102.6   50.2  630.0  180.0
    19.9929     107.74      55.86     514.82     212.58     186.32      22.75  102.6   50.2  630.0  180.0
    20.5309      45.50     189.14     123.00     295.49     194.21      40.92  102.6   50.2  630.0  180.0
    21.0689      97.47     132.87    1294.36     495.03     248.17      52.50  102.6   50.2  630.0  180.0
    21.6070     116.07      26.55     476.64     101.49     739.73      47.93  102.6   50.2  630.0  180.0
    22.1451     126.57      12.37     729.87      57.51    1240.85      36.51  102.6   50.2  630.0  180.0
    22.6833      46.51      18.97     650.84      84.71     631.35      28.87  102.6   50.2  630.0  180.0
    23.2216      57.10      21.14     679.09      95.72     503.19      25.89  102.6   50.2  630.0  180.0
    23.7600      32.72      27.95     563.52     115.00     316.55      20.82  102.6   50.2  630.0  180.0
    24.2985      26.31      36.33     651.01     171.05     280.37      26.26  102.6   50.2  630.0  180.0
    24.8368     -52.33      53.05     414.20     204.82     167.59      22.36  102.6   50.2  630.0  180.0
    25.3752     -35.93      73.34     422.43     331.93     116.41      24.41  102.6   50.2  630.0  180.0
    25.9135      73.11      79.73     276.66     297.92      90.13      17.76  102.6   50.2  630.0  180.0
    26.4516       2.30     106.43     302.09     451.92      58.40      18.14  102.6   50.2  630.0  180.0
    26.9898      25.37      94.68     223.76     737.75      43.21      12.70  102.6   50.2  630.0  180.0
    27.5278      99.70      48.90     319.94     646.61      47.48      11.12  102.6   50.2  630.0  180.0
    28.0658     111.99     154.75     911.53    1127.12      31.60      11.41  102.6   50.2  630.0  180.0
    28.6037     -83.28     336.48     294.82    1333.66      18.11      12.20  102.6   50.2  630.0  180.0
    29.1417      59.93     112.26     301.98     402.70      47.81      14.56  102.6   50.2  630.0  180.0
    18.4844      60.54      10.39     959.35      58.51     934.41      24.45   45.0  -45.0  630.0  180.0
    19.0223      62.33      22.96     890.99     123.86     359.62      20.85   45.0  -45.0  630.0  180.0
    19.5604      82.86      29.67     754.43     142.11     231.13      16.55   45.0  -45.0  630.0  180.0
    20.0982      34.87      12.33     812.10      62.07     518.35      15.60   45.0  -45.0  630.0  180.0
    20.6362      18.45       8.68     805.66      43.12     753.20      15.68   45.0  -45.0  630.0  180.0
    21.1741      16.57       6.21     794.16      30.39    1172.18      17.27   45.0  -45.0  630.0  180.0
    21.7122       9.87       5.02     776.70      23.99    1502.65      17.45   45.0  -45.0  630.0  180.0
    22.2503      11.44       5.64     803.29      27.84    1472.62      19.81   45.0  -45.0  630.0  180.0
    22.7886      50.66      17.47     756.87      84.42     672.40      28.60   45.0  -45.0  630.0  180.0
    23.3269      36.99      20.30     630.43      88.36     537.88      26.11   45.0  -45.0  630.0  180.0
    23.8655      55.48      28.44     569.40     119.68     345.28      23.73   45.0  -45.0  630.0  180.0
    24.4037      12.67      37.50     722.17     181.27     299.64      28.40   45.0  -45.0  630.0  180.0
    24.9421      71.95      55.39     470.40     210.20     148.01      19.96   45.0  -45.0  630.0  180.0
    25.4804      16.07      70.42     310.69     305.62     107.75      19.68   45.0  -45.0  630.0  180.0
    26.0188      37.44      91.36     733.07     516.06     112.09      29.92   45.0  -45.0  630.0  180.0
    26.5569     110.87      96.68     568.01     548.94      57.86      14.43   45.0  -45.0  630.0  180.0
    27.0949     -46.76     124.37     226.52     508.60      60.21      21.82   45.0  -45.0  630.0  180.0
    27.6330      70.00     130.63     481.69     520.01      44.58      12.99   45.0  -45.0  630.0  180.0
    28.1710      35.23     201.36     711.36    1516.41      25.24      20.48   45.0  -45.0  630.0  180.0
    28.7089      34.04     226.95    1081.00    2563.00      24.79      18.03   45.0  -45.0  630.0  180.0
    29.2468       1.68      66.22     332.97     299.27      51.32       9.59   45.0  -45.0  630.0  180.0
    18.5369      51.12      12.47     910.12      67.44     747.48      23.24   89.8  -45.0  630.0  180.0
    19.0748      67.72      23.30     922.22     129.01     350.27      20.72   89.8  -45.0  630.0  180.0
    19.6128      53.49      30.22     773.09     146.50     224.79      16.61   89.8  -45.0  630.0  180.0
    20.1507     -30.10      17.74     753.01      86.16     331.44      14.32   89.8  -45.0  630.0  180.0
    20.6887     -22.68      11.96     824.80      61.25     519.75      15.25   89.8  -45.0  630.0  180.0
    21.2266     -25.94       7.77     800.05      38.71     872.36      16.42   89.8  -45.0  630.0  180.0
    21.7647     -21.71       5.12     798.54      25.13    1337.30      16.00   89.8  -45.0  630.0  180.0
    22.3029     -23.41       5.93     849.54      30.75    1408.18      20.34   89.8  -45.0  630.0  180.0
    22.8411      27.78      20.04     763.20      98.50     616.75      30.72   89.8  -45.0  630.0  180.0
    23.3795      25.77      22.68     715.82     106.42     516.63      28.50   89.8  -45.0  630.0  180.0
    23.9179      45.02      27.18     485.84     107.78     415.33      27.86   89.8  -45.0  630.0  180.0
    24.4562      52.93      38.03     533.01     152.76     256.99      23.57   89.8  -45.0  630.0  180.0
    24.9946      25.01      59.88     777.01     307.45     181.79      28.76   89.8  -45.0  630.0  180.0
    25.5330     -13.64      79.60     460.92     380.91     104.94      25.36   89.8  -45.0  630.0  180.0
    26.0713      70.97      78.99     298.29     285.89      96.41      18.44   89.8  -45.0  630.0  180.0
    26.6094    -124.08      45.94     264.51     400.28      55.22      11.62   89.8  -45.0  630.0  180.0
    27.1478     -22.79     108.89    1375.25    1747.19      60.50      17.75   89.8  -45.0  630.0  180.0
    27.6855      86.20      58.28     236.91     588.43      37.83      11.17   89.8  -45.0  630.0  180.0
    28.2235    -145.88      87.02     284.78     613.06      22.49       9.53   89.8  -45.0  630.0  180.0
    28.7615     -21.66     134.99     248.59     450.68      34.56      11.19   89.8  -45.0  630.0  180.0
    29.2994      -1.20      55.45     548.54     239.13      92.98      12.92   89.8  -45.0  630.0  180.0
    18.5894      43.72      13.90     882.73      74.10     653.02      22.67  134.8  -45.0  630.0  180.0
    18.6415      55.27      15.33     861.84      79.99     585.94      22.30  134.8  -45.0  630.0  180.0
    18.6937      52.88      17.23     851.66      89.06     514.19      21.92  134.8  -45.0  630.0  180.0
    18.7459      52.85      19.48     890.59     105.39     457.50      22.57  134.8  -45.0  630.0  180.0
    19.1273      62.43      26.08     775.58     129.66     287.67      18.70  134.8  -45.0  630.0  180.0
    19.1795      65.14      29.33     828.08     155.29     271.96      20.01  134.8  -45.0  630.0  180.0
    19.2319     100.71      30.01     751.52     147.18     238.72      17.51  134.8  -45.0  630.0  180.0
    19.2839      67.50      27.29     780.56     133.68     267.04      17.89  134.8  -45.0  630.0  180.0
    19.6653      93.76      29.51     725.17     139.42     224.38      15.99  134.8  -45.0  630.0  180.0
    19.7175       4.15      27.36     708.57     134.61     229.04      15.65  134.8  -45.0  630.0  180.0
    19.7697      11.32      26.91     702.61     124.53     221.97      14.35  134.8  -45.0  630.0  180.0
    19.8219      19.95      27.53     751.91     132.77     231.97      15.58  134.8  -45.0  630.0  180.0
    20.2032     -24.87      23.85     777.02     117.88     245.12      14.47  134.8  -45.0  630.0  180.0
    20.2554     -32.68      35.37     719.78     168.53     238.00      20.69  134.8  -45.0  630.0  180.0
    20.3076     -18.23      27.24     722.90     131.41     235.83      15.92  134.8  -45.0  630.0  180.0
    20.3598     -24.71      22.94     732.10     109.83     259.86      14.53  134.8  -45.0  630.0  180.0
    20.7412     -25.18      22.58     787.34     112.97     398.08      22.41  134.8  -45.0  630.0  180.0
    20.7933     -22.11      17.36     878.60      93.53     457.03      20.11  134.8  -45.0  630.0  180.0
    20.8455     -27.51      15.47     787.61      77.28     437.41      16.81  134.8  -45.0  630.0  180.0
    20.8977     -29.47      13.70     817.11      70.00     471.55      15.95  134.8  -45.0  630.0  180.0
    21.2791     -10.02       8.77     789.39      43.35     747.93      15.78  134.8  -45.0  630.0  180.0
    21.3313     -16.70       8.55     800.13      42.66     797.48      16.53  134.8  -45.0  630.0  180.0
    21.3835      -9.40       8.15     798.68      40.44     843.09      16.62  134.8  -45.0  630.0  180.0
    21.4357     -15.65       7.76     793.46      38.45     894.95      16.75  134.8  -45.0  630.0  180.0
    21.8172      -9.19       5.97     767.41      28.60    1180.81      16.65  134.8  -45.0  630.0  180.0
    21.8694      -6.18       6.12     808.29      30.53    1262.10      18.51  134.8  -45.0  630.0  180.0
    21.9217      -8.27       5.59     778.60      26.98    1278.89      16.81  134.8  -45.0  630.0  180.0
    21.9738      -6.11       5.48     773.98      26.38    1294.82      16.62  134.8  -45.0  630.0  180.0
    22.3554     -15.40       5.69     837.03      29.11    1422.05      19.44  134.8  -45.0  630.0  180.0
    22.4076     -14.82       7.11     875.79      37.92    1373.45      24.29  134.8  -45.0  630.0  180.0
    22.4598     -10.68       5.43     763.14      25.95    1375.19      17.53  134.8  -45.0  630.0  180.0
    22.5120       5.49       8.33     817.40      42.32    1140.34      23.32  134.8  -45.0  630.0  180.0
    22.8936      38.55      18.83     698.57      85.86     573.22      25.82  134.8  -45.0  630.0  180.0
    22.9459      56.50      19.77     736.67      94.20     577.64      27.78  134.8  -45.0  630.0  180.0
    22.9982      27.04      18.87     728.38      89.76     622.58      28.80  134.8  -45.0  630.0  180.0
    23.0504      41.56      20.21     762.62      97.63     561.01      27.81  134.8  -45.0  630.0  180.0
    23.4321      44.51      22.15     657.29     100.54     464.27      25.01  134.8  -45.0  630.0  180.0
    23.4843      46.47      22.86     719.00     108.21     476.69      26.71  134.8  -45.0  630.0  180.0
    23.5366      41.24      21.93     654.72     100.24     475.01      25.97  134.8  -45.0  630.0  180.0
    23.5888      31.78      24.53     778.91     120.87     451.71      27.50  134.8  -45.0  630.0  180.0
    23.9704      38.11      24.97     722.49     117.16     456.37      27.64  134.8  -45.0  630.0  180.0
    24.0227      61.46      27.49     618.03     117.48     375.26      24.40  134.8  -45.0  630.0  180.0
    24.0749      41.95      33.57     664.70     153.62     349.49      29.06  134.8  -45.0  630.0  180.0
    24.1271      17.09      31.90     588.06     137.84     301.69      23.52  134.8  -45.0  630.0  180.0
    24.5088      73.88      39.73     457.90     149.01     217.59      20.75  134.8  -45.0  630.0  180.0
    24.5610      32.87      42.64     403.64     154.83     205.65      20.98  134.8  -45.0  630.0  180.0
    24.6133      16.77      47.52     525.81     201.72     191.06      23.40  134.8  -45.0  630.0  180.0
    24.6656      35.43      51.03     526.20     203.93     166.86      20.70  134.8  -45.0  630.0  180.0
    25.0472      10.97      56.53     678.34     268.97     175.34      25.70  134.8  -45.0  630.0  180.0
    25.0995      33.16      56.15     556.68     236.56     157.93      21.85  134.8  -45.0  630.0  180.0
    25.1518      -3.47      62.56     456.57     231.72     131.48      19.81  134.8  -45.0  630.0  180.0
    25.2040      52.67      67.21     266.16     249.40     115.57      21.60  134.8  -45.0  630.0  180.0
    25.5855      56.11      73.36     596.54     430.26     106.87      21.20  134.8  -45.0  630.0  180.0
    25.6377      15.61      72.19     382.52     321.46      98.80      18.44  134.8  -45.0  630.0  180.0
    25.6900     -40.70      67.22     278.19     285.05      94.74      15.90  134.8  -45.0  630.0  180.0
    25.7423     -16.19      50.87     458.74     473.10      72.08      16.49  134.8  -45.0  630.0  180.0
    26.1238     -31.08      96.21     488.92     398.93      82.18      17.01  134.8  -45.0  630.0  180.0
    26.1761      92.23      45.22     374.32     440.24      77.72      14.08  134.8  -45.0  630.0  180.0
    26.2283      54.70      84.78     573.45     391.01      82.03      15.08  134.8  -45.0  630.0  180.0
    26.2805      10.66      85.02     394.42     286.50      95.84      18.71  134.8  -45.0  630.0  180.0
    26.6619     -38.69      94.19     310.44     369.54      69.86      17.33  134.8  -45.0  630.0  180.0
    26.7141     -31.62     109.49     582.61     449.54      79.54      21.01  134.8  -45.0  630.0  180.0
    26.7663     -37.43     101.45     356.23     329.25      73.27      17.02  134.8  -45.0  630.0  180.0
    26.8186      28.90     102.83     361.32     412.87      78.95      22.94  134.8  -45.0  630.0  180.0
    27.2001      52.75     122.54     702.12     544.57      72.42      21.49  134.8  -45.0  630.0  180.0
    27.2523       9.72     100.12     338.48     536.82      47.50      10.73  134.8  -45.0  630.0  180.0
    27.3045     186.20      38.15    1120.00    3738.00      41.20      11.03  134.8  -45.0  630.0  180.0
    27.3569     113.33     106.63     304.89     399.50      52.26      13.63  134.8  -45.0  630.0  180.0
    27.7380     -10.09     114.28     198.29     333.95      53.63      14.95  134.8  -45.0  630.0  180.0
    27.7902     138.74      36.70     554.56    1119.11      34.47      12.84  134.8  -45.0  630.0  180.0
    27.8424      61.02      65.06     330.63     461.82      52.19      10.59  134.8  -45.0  630.0  180.0
    27.8947     146.97      87.44     370.57     661.23      39.80      10.77  134.8  -45.0  630.0  180.0
    28.2760     215.81      61.15     222.44     899.98      22.02       9.21  134.8  -45.0  630.0  180.0
    28.3282    -134.92      52.45     572.54     916.00      35.70      12.69  134.8  -45.0  630.0  180.0
    28.3804      81.78      99.12     221.74     877.60      23.22       7.56  134.8  -45.0  630.0  180.0
    28.4326      76.62     140.85     425.00    1311.00      29.76      11.00  134.8  -45.0  630.0  180.0
    28.8140     159.75     114.76     674.72     810.64      30.28      10.80  134.8  -45.0  630.0  180.0
    28.8662     -82.88     119.18    1262.00    3602.00      24.52      10.87  134.8  -45.0  630.0  180.0
    28.9184      -8.02      85.41     378.69     668.20      24.27       8.30  134.8  -45.0  630.0  180.0
    28.9706      53.14     111.18     565.59     602.15      36.74       8.93  134.8  -45.0  630.0  180.0
    29.3519      66.05      57.22     628.49     249.75     108.45      14.97  134.8  -45.0  630.0  180.0
    29.4041      14.17      34.80     632.63     158.16     146.62      12.64  134.8  -45.0  630.0  180.0
    29.4563      27.41      36.39     782.40     183.16     180.66      16.50  134.8  -45.0  630.0  180.0
    29.5085      39.10      24.32     735.92     114.69     222.05      13.00  134.8  -45.0  630.0  180.0
    18.8646      59.86      21.27     937.10     119.02     406.65      22.21  147.5   39.9  630.0  180.0
    19.4026      82.42      26.25     748.87     125.73     274.89      17.59  147.5   39.9  630.0  180.0
    19.9404     122.29      27.49     706.30     125.81     332.22      21.70  147.5   39.9  630.0  180.0
    20.4784     131.07      15.38     727.46      71.11     609.39      22.06  147.5   39.9  630.0  180.0
    21.0163      99.66      12.18     736.98      53.35     970.57      26.36  147.5   39.9  630.0  180.0
    21.5544      93.75       9.50     730.05      41.35    1317.11      27.68  147.5   39.9  630.0  180.0
    22.0927      95.35      11.53     743.15      54.13    1271.65      34.97  147.5   39.9  630.0  180.0
    22.6307      87.44      18.09     703.05      82.58     753.03      32.57  147.5   39.9  630.0  180.0
    23.1691      32.03      20.65     755.09     102.72     546.01      28.05  147.5   39.9  630.0  180.0
    23.7075      44.48      26.50     735.77     129.30     385.86      25.74  147.5   39.9  630.0  180.0
    24.2458      34.23      32.59     649.14     153.24     332.48      27.28  147.5   39.9  630.0  180.0
    24.7843     -33.69      51.38     490.42     200.45     177.75      22.03  147.5   39.9  630.0  180.0
    25.3227      47.02      71.73     321.61     271.23     114.32      21.83  147.5   39.9  630.0  180.0
    25.8610      19.11      84.35     554.17     451.91      75.74      15.48  147.5   39.9  630.0  180.0
    26.3991     162.32      57.48     221.77     571.53      51.89      13.51  147.5   39.9  630.0  180.0
    26.9372     -63.48      69.28     811.54     808.55      53.67       9.69  147.5   39.9  630.0  180.0
    27.4753     -70.35     108.45     233.76     344.05      54.11      15.73  147.5   39.9  630.0  180.0
    28.0133     -27.55      99.25     231.12     542.73      42.92      12.31  147.5   39.9  630.0  180.0
    28.5512     123.87     153.23     304.64     799.75      33.84      11.88  147.5   39.9  630.0  180.0
    29.0891      75.12      96.96     501.00     373.76      60.56      14.17  147.5   39.9  630.0  180.0
    29.6271      47.13      17.01     773.97      82.86     341.45      14.01  147.5   39.9  630.0  180.0
