  Image    fringe1  fringe2  fringe3  fringe4  fringe5  fringe6  fringe7
-----------------------------------------------------------------------------
    1     0.720230 0.717977 0.713300 0.707873 0.703444 0.697736 0.698484
    2     0.718807 0.719719 0.713740 0.706177 0.704750 0.699698 0.696153
    3     0.718798 0.718525 0.713784 0.709671 0.705125 0.702019 0.699472
    4     0.722036 0.719069 0.714014 0.707621 0.706042 0.697894 0.698663
    5     0.722244 0.717754 0.718647 0.708316 0.706846 0.699461 0.702964
    6     0.726459 0.721468 0.718020 0.709180 0.706153 0.702085 0.700828
    7     0.722565 0.716406 0.716188 0.710235 0.704318 0.699708 0.703474
    8     0.720840 0.717775 0.719001 0.708677 0.705628 0.698923 0.703794
    9     0.723477 0.717943 0.718562 0.708199 0.705599 0.700494 0.705873
   10     0.719021 0.715029 0.717860 0.710095 0.700964 0.697771 0.706690
   11     0.720551 0.721064 0.716711 0.706004 0.707557 0.694284 0.703876
   12     0.712488 0.718370 0.713124 0.703736 0.699738 0.700089 0.704353
   13     0.713739 0.721267 0.719955 0.710544 0.707595 0.698447 0.707638
   14     0.719122 0.720726 0.715945 0.707256 0.704375 0.696121 0.702461
   15     0.720346 0.716333 0.721514 0.711001 0.708689 0.689818 0.702809
   16     0.721088 0.715373 0.720880 0.703308 0.696343 0.689042 0.717390
   17     0.710445 0.709503 0.724196 0.713988 0.702236 0.691526 0.712532
   18     0.705439 0.713112 0.708931 0.702944 0.695998 0.701025 0.698434
   19     0.724273 0.713444 0.709438 0.702696 0.700032 0.696380 0.708416
   20     0.708740 0.721416 0.722296 0.701110 0.699002 0.688545 0.702117
   21     0.715660 0.707675 0.720871 0.707543 0.704099 0.692900 0.702094
   22     0.709955 0.715965 0.720468 0.711193 0.697459 0.697492 0.697208
   23     0.707848 0.713530 0.719936 0.715616 0.695723 0.693834 0.692268
   24     0.715536 0.718717 0.714498 0.697271 0.693521 0.701910 0.705922
   25     0.714985 0.720486 0.722629 0.707377 0.705828 0.700266 0.709753
   26     0.705275 0.709969 0.714060 0.712207 0.708914 0.692183 0.702030
   27     0.722455 0.716192 0.721527 0.722392 0.716301 0.712268 0.727233
   28     0.723096 0.728174 0.723578 0.713443 0.713301 0.713938 0.722642
   29     0.725834 0.720111 0.726678 0.717823 0.712754 0.709556 0.712415
   30     0.713898 0.708805 0.718927 0.700992 0.694030 0.702328 0.702182
   31     0.696841 0.705403 0.720314 0.702154 0.692592 0.695334 0.700780
   32     0.692978 0.698403 0.740812 0.706109 0.672967 0.688594 0.701527
   33     0.713052 0.712597 0.717671 0.707340 0.707364 0.698743 0.713055
   34     0.726175 0.726092 0.720566 0.715579 0.709328 0.704461 0.709799
   35     0.733734 0.736477 0.731289 0.727122 0.721664 0.716831 0.716065
   36     0.731748 0.731528 0.732968 0.727780 0.717958 0.716815 0.724695
   37     0.736674 0.732310 0.728554 0.726759 0.724438 0.716014 0.722708
   38     0.733101 0.737460 0.740415 0.714868 0.719838 0.716756 0.714167
   39     0.730401 0.733778 0.729907 0.728912 0.714759 0.715771 0.727006
   40     0.719797 0.717941 0.715262 0.707469 0.702765 0.697622 0.697020
   41     0.707059 0.705819 0.711844 0.702341 0.695002 0.691064 0.695527
   42     0.650077 0.362732 0.285378 0.706637 0.281190 0.175076 0.679380
   43     0.723355 0.721138 0.728778 0.709857 0.704003 0.709482 0.710898
   44     0.728502 0.730168 0.724193 0.718309 0.712648 0.713244 0.706510
   45     0.734989 0.733854 0.730397 0.724930 0.724038 0.716021 0.716356
   46     0.735162 0.737355 0.731270 0.724070 0.721551 0.715058 0.721741
   47     0.734398 0.736188 0.732824 0.727366 0.715677 0.713506 0.721309
   48     0.734015 0.738413 0.733186 0.728775 0.719364 0.711608 0.717651
   49     0.734277 0.733013 0.734037 0.726146 0.720586 0.720666 0.719665
   50     0.722570 0.722829 0.720348 0.711842 0.706665 0.703546 0.701968
   51     0.709154 0.708070 0.713168 0.701419 0.698725 0.693864 0.692718
   52     0.646394 0.626596 0.241892 0.693901 0.693908 0.691557 0.675259
   53     0.723673 0.719853 0.719907 0.712093 0.705897 0.705188 0.701138
   54     0.731617 0.730916 0.725822 0.717908 0.713586 0.711389 0.708164
   55     0.738432 0.736594 0.731192 0.725773 0.719322 0.718288 0.715388
   56     0.738343 0.731664 0.727071 0.725228 0.719137 0.713173 0.716842
   57     0.737553 0.731400 0.730925 0.725609 0.718869 0.715109 0.717469
   58     0.734675 0.733713 0.729891 0.722718 0.719221 0.714600 0.713884
   59     0.737637 0.732326 0.731149 0.724849 0.718405 0.714983 0.716093
   60     0.724507 0.722027 0.719589 0.713145 0.708057 0.703072 0.699898
   61     0.709195 0.714164 0.718969 0.703989 0.694113 0.695064 0.691522
   62     0.682385 0.697146 0.744181 0.702632 0.695781 0.698798 0.746287
   63     0.723014 0.720385 0.718534 0.717311 0.709160 0.702698 0.703994
   64     0.733493 0.729455 0.727582 0.721245 0.716555 0.711235 0.710658
   65     0.738078 0.734798 0.731252 0.725586 0.722054 0.718066 0.714807
   66     0.736598 0.732680 0.729507 0.724602 0.718198 0.714145 0.715977
   67     0.734939 0.732662 0.730791 0.725239 0.718661 0.713416 0.713267
   68     0.734360 0.733805 0.732757 0.723423 0.717662 0.715242 0.713022
   69     0.734687 0.734823 0.731145 0.724661 0.716642 0.716625 0.712736
   70     0.723744 0.723763 0.723487 0.715924 0.708014 0.704230 0.705029
   71     0.710930 0.713960 0.722674 0.703566 0.700703 0.700418 0.701518
   72     0.704692 0.711576 0.717426 0.702038 0.695463 0.692274 0.697328
   73     0.722462 0.723310 0.723882 0.714475 0.710816 0.705590 0.705651
   74     0.733272 0.731952 0.728006 0.720408 0.718410 0.711595 0.709751
   75     0.736112 0.737081 0.733777 0.726676 0.722760 0.717467 0.716256
   76     0.736291 0.736012 0.732500 0.725023 0.720326 0.718147 0.713705
   77     0.735896 0.735379 0.731669 0.725643 0.717915 0.717019 0.717724
   78     0.736675 0.734041 0.731202 0.725477 0.722087 0.713760 0.712938
   79     0.731763 0.732373 0.731182 0.721076 0.718403 0.711703 0.713260
   80     0.720689 0.721325 0.725006 0.714601 0.712999 0.705539 0.712232
   81     0.706690 0.715483 0.724648 0.709854 0.706145 0.699272 0.706249
   82     0.713859 0.727084 0.733830 0.713678 0.709484 0.705416 0.700352
   83     0.722619 0.725857 0.727599 0.717463 0.708775 0.708427 0.704059
   84     0.714105 0.724750 0.732897 0.713550 0.706705 0.707748 0.710956
   85     0.719909 0.726675 0.729542 0.725516 0.706662 0.712772 0.719101
   86     0.719018 0.727296 0.734825 0.712633 0.710295 0.704634 0.714555
   87     0.715961 0.725808 0.727836 0.714104 0.709281 0.702926 0.709640
   88     0.716445 0.722874 0.735956 0.724758 0.718689 0.710921 0.710406
   89     0.711672 0.727503 0.734725 0.718124 0.707496 0.706264 0.715114
   90     0.711370 0.724096 0.737328 0.711274 0.712957 0.703747 0.712154
   91     0.719486 0.724114 0.739329 0.714902 0.704736 0.705861 0.721493
   92     0.711783 0.727104 0.731646 0.713431 0.704522 0.708841 0.708158
   93     0.708274 0.724882 0.731647 0.719370 0.714265 0.712979 0.704975
   94     0.722379 0.726898 0.736459 0.717685 0.710679 0.708741 0.706924
   95     0.720896 0.734131 0.734013 0.715546 0.714547 0.710999 0.714469
   96     0.718391 0.727574 0.735534 0.712727 0.709611 0.710299 0.716189
   97     0.713893 0.721626 0.739877 0.713133 0.712239 0.710473 0.710628
   98     0.712178 0.728307 0.728778 0.724341 0.713514 0.706525 0.717169
   99     0.719478 0.723954 0.736772 0.718724 0.713352 0.704458 0.714452
  100     0.722561 0.719324 0.734568 0.710631 0.709147 0.706770 0.725326
  101     0.713781 0.726608 0.726170 0.712124 0.709869 0.710827 0.735691
  102     0.716723 0.724008 0.746844 0.715534 0.715729 0.705936 0.718202
  103     0.718001 0.726260 0.731969 0.723333 0.706941 0.713787 0.706529
  104     0.706257 0.727821 0.732199 0.714978 0.712624 0.704541 0.721304
  105     0.713502 0.728602 0.737615 0.713455 0.710094 0.709043 0.719033
  106     0.712418 0.722660 0.735651 0.723955 0.706627 0.711808 0.720908
  107     0.710305 0.724590 0.732777 0.710901 0.700140 0.710883 0.721421
  108     0.708976 0.727656 0.740000 0.713886 0.709847 0.718852 0.712552
  109     0.716415 0.723297 0.740451 0.720389 0.706773 0.710936 0.738918
  110     0.707615 0.721344 0.731404 0.727620 0.700027 0.715240 0.718887
  111     0.706496 0.735056 0.728873 0.714079 0.709301 0.700702 0.744023
  112     0.709675 0.731320 0.739444 0.719065 0.717571 0.707896 0.731030
  113     0.711521 0.734869 0.738728 0.717709 0.727968 0.716903 0.722744
  114     0.707994 0.714202 0.740016 0.714071 0.717728 0.729036 0.748991
  115     0.701289 0.723435 0.726930 0.723557 0.703788 0.716335 0.728001
  116     0.699950 0.716771 0.730773 0.710265 0.710586 0.696822 0.725472
  117     0.703067 0.718590 0.738738 0.721818 0.714721 0.718381 0.732344
  118     0.708018 0.733005 0.757669 0.713071 0.694785 0.715812 0.731940
  119     0.716371 0.721665 0.741509 0.697426 0.714872 0.716392 0.726097
  120     0.705655 0.719058 0.754265 0.726147 0.725627 0.699082 0.762899
  121     0.721767 0.718393 0.747057 0.727770 0.728165 0.706523 0.781974
  122     0.720354 0.735296 0.769594 0.735008 0.714162 0.720476 0.733899
  123     0.700961 0.718215 0.740041 0.700200 0.715371 0.717010 0.769011
  124     0.705598 0.709559 0.734841 0.698504 0.694086 0.721172 0.748551
  125     0.701679 0.729852 0.726841 0.717336 0.692059 0.738498 0.742694
  126     0.700899 0.719067 0.767465 0.717431 0.714890 0.705492 0.735056
  127     0.682056 0.724355 0.770296 0.727084 0.714264 0.700743 0.716467
  128     0.717283 0.729238 0.745849 0.707371 0.709964 0.710459 0.786600
  129     0.679472 0.715413 0.738157 0.726406 0.704014 0.721465 0.759245
  130     0.711013 0.735454 0.740961 0.725279 0.699318 0.724369 0.726231
  131     0.692138 0.726239 0.736346 0.711129 0.691652 0.719806 0.758097
  132     0.686614 0.723866 0.753176 0.722209 0.726327 0.727978 0.948107
  133     0.694009 0.719567 0.751123 0.724358 0.718562 0.721895 0.754916
  134     0.675010 0.706358 0.772273 0.728333 0.718780 0.713491 0.768635
  135     0.682947 0.732799 0.751914 0.723996 0.716216 0.720181 0.763942
  136     0.689684 0.701720 0.742623 0.712959 0.707037 0.704811 0.781985
  137     0.687624 0.719132 0.738957 0.722194 0.713677 0.720642 0.779691
  138     0.702314 0.735291 0.748980 0.741269 0.727804 0.713402 0.780094
  139     0.691612 0.733640 0.765704 0.720126 0.718792 0.748200 0.866052
  140     0.678875 0.730283 0.754235 0.722454 0.722549 0.713013 0.972090
  141     0.687720 0.717300 0.756797 0.733912 0.731295 0.711394 0.805562
  142     0.691471 0.709997 0.740621 0.721770 0.688530 0.719199 0.817107
  143     0.705667 0.739000 0.754292 0.724959 0.718855 0.723471 0.794592
  144     0.681717 0.731854 0.748719 0.706048 0.682544 0.729039 0.778528
  145     0.681591 0.710994 0.750508 0.707693 0.717414 0.715064 0.805135
  146     0.686969 0.727409 0.782046 0.736427 0.730898 0.723996 0.924573
  147     0.680371 0.710292 0.746136 0.719275 0.702046 0.742421 0.826166
  148     0.695871 0.723902 0.737442 0.697334 0.715297 0.720118 0.681654
  149     0.696955 0.752685 0.756228 0.714973 0.703921 0.704843 0.807367
  150     0.696238 0.720003 0.724673 0.690337 0.711916 0.716939 0.831193
  151     0.699642 0.873746 0.723929 0.728578 0.722375 0.701740 0.861814
  152     0.675438 0.744010 0.792047 0.712089 0.723082 0.711088 0.911601
  153     0.702987 0.737177 0.759648 0.719376 0.711458 0.727677 0.809965
  154     0.706426 0.705553 0.779778 0.708606 0.699258 0.712433 0.820724
  155     0.706318 0.735038 0.742814 0.725086 0.737947 0.734276 0.868751
  156     0.696523 0.700510 0.775142 0.721282 0.732051 0.718636 0.966718
  157     0.704521 0.719727 0.759859 0.732906 0.705865 0.745533 0.871200
  158     0.697215 0.731502 0.764874 0.724181 0.737283 0.732067 0.946258
  159     0.661027 0.755867 0.148513 0.717829 0.699514 0.733523 0.963663
  160     0.685819 0.716160 0.720577 0.695699 0.694705 0.721600 0.748023
  161     0.692506 0.712886 0.771186 0.711790 0.703722 0.743183 0.852673
  162     0.715487 0.711222 0.756557 0.711554 0.702190 0.713544 0.755324
  163     0.695099 0.766937 0.762933 0.721089 0.714936 0.740498 0.777000
  164     0.684538 0.742606 0.087293 0.716208 0.745018 0.730450 0.776118
  165     0.702868 0.706386 0.744620 0.745444 0.726409 0.121920 0.815966
  166     0.692767 0.735070 0.801114 0.716926 0.695917 0.697944 0.817013
  167     0.686573 0.729210 0.744912 0.696911 0.735023 0.720149 0.955154
  168     0.713486 0.732308 0.757464 0.717471 0.727927 0.699023 0.713998
  169     0.651326 0.695666 0.751673 0.697421 0.729937 0.695249 0.693969
  170     0.718909 0.690479 0.787140 0.714957 0.651340 0.685620 0.967522
  171     0.703201 0.716572 0.766564 0.761152 0.731515 0.730343 0.955855
  172     0.692965 0.738767 0.781113 0.700335 0.746520 0.726792 0.805426
  173     0.682035 0.731795 0.722662 0.712784 0.749066 0.724347 0.811454
  174     0.689361 0.689390 0.775286 0.719089 0.723814 0.673537 0.824053
  175     0.709528 0.721140 0.671374 0.730650 0.693352 0.729219 0.753021
  176     0.681377 0.714662 0.781491 0.757579 0.711905 0.719450 0.661189
  177     0.715325 0.671930 0.764754 0.725416 0.722721 0.729035 0.829928
  178     0.691700 0.723752 0.760665 0.686133 0.725473 0.693006 0.675349
  179     0.667442 0.748523 0.750856 0.764396 0.719076 0.676066 0.826803
  180     0.664986 0.719988 0.682193 0.691717 0.735319 0.721482 0.947729
  181     0.698422 0.725947 0.744542 0.642110 0.721861 0.706884 0.888352
  182     0.673245 0.710447 0.946542 0.719753 0.723378 0.694718 0.810482
  183     0.659259 0.741005 0.945096 0.742110 0.684275-6.408020 0.673464
  184     0.672518 0.177860 0.826367 0.734759 0.700973 0.721206 0.772668
  185     0.675371 0.758469 0.849378 0.717914 0.680342 0.802760 0.936776
  186     0.687115 0.785633 0.085786 0.678329 0.261160 0.683525 1.356242
  187     0.683283 0.738272 0.207654 0.725122 0.676759 0.723959 0.837286
  188     0.626164 0.684138 0.734546 0.657693 0.739270 0.746576 0.705829
  189     0.676938 0.709320 0.955772 0.694418 0.722373 0.723575 0.924081
  190     0.700711 0.743899 0.769136 0.755296 0.714162 0.125378 0.770481
  191     0.650722 0.752399 0.729070 0.707112 0.684670 0.972753 0.798308
  192     0.667134 0.689017 0.981345 0.804372 0.758708 0.753198 0.816683
  193     0.671499 0.870821 0.646214 0.726233 0.730917 0.683169 0.727931
  194     0.686916 0.226195 0.726886 0.688064 0.742169 0.862732 0.856972
  195     0.714208 0.761106 0.700645 0.721628 0.709319 0.758117 0.851089
  196     0.702948 0.682174 0.841804 0.700860 0.695664 0.823996 0.802666
  197     0.652940 0.765200 0.809790 0.758345 0.692665 0.765481 0.853667
  198     0.708911 0.702262 0.194151 0.757843 0.649612 0.693916 0.902795
  199     0.692411 0.719462 0.702520 0.719910 0.742650 0.697257 0.825357
  200     0.705679 0.747879 0.710347 0.713664 0.743087 0.699336 0.873273
  201     0.717133 0.729176 0.743532 0.678289 0.687762 0.711349 0.845143
  202     0.708880 0.743621 0.729485 0.706485 0.697595 0.732822 0.719956
  203     0.677927 0.726626 0.710586 0.720764 0.712817 0.726998 0.738419
  204     0.730896 0.719858 0.736831 0.726894 0.719481 0.691842 0.779445
  205     0.728832 0.728075 0.737530 0.721309 0.726550 0.708771 0.743964
  206     0.715058 0.716517 0.743167 0.723919 0.695550 0.701355 0.713809
  207     0.725546 0.727328 0.722835 0.717717 0.717565 0.708876 0.745921
  208     0.736195 0.724167 0.733804 0.716190 0.716546 0.709246 0.718215
  209     0.730200 0.720275 0.726390 0.719137 0.708423 0.713711 0.712887
  210     0.727655 0.730347 0.724311 0.713549 0.712797 0.705869 0.715718
  211     0.722924 0.733821 0.723832 0.717991 0.719131 0.705268 0.716042
