   1.690  -0.136  18.817
   1.693  -0.134  19.350
   1.673  -0.126  19.900
   1.686  -0.109  20.433
   1.668  -0.130  20.967
   1.659  -0.133  21.517
   1.677  -0.104  22.050
   1.656  -0.116  22.583
   1.655  -0.118  23.133
   1.667  -0.099  23.667
   1.632  -0.086  24.200
   1.630  -0.076  24.733
   1.614  -0.083  25.283
   1.636  -0.065  25.817
   1.615  -0.064  26.350
   1.619  -0.061  26.900
   1.598  -0.061  27.433
   1.598  -0.038  27.967
   1.605  -0.052  28.517
   1.580  -0.049  29.050
   1.610  -0.045  29.583
   1.582  -0.050  29.700
   1.638  -0.088
