MRH 20150611
    23.51    70.01   116.45   162.92   209.36   255.82   302.30
    46.50    46.44    46.47    46.44    46.47    46.47    46.47
     0.83974123     0.56681567     0.36745015     0.22549044     0.13008735     0.06562332     0.02982292     0.00929009     0.00023661    -0.00377372    -0.00610910    -0.00430428    -0.00455262    -0.00234483    -0.00181180    -0.00163354    -0.00031376    -0.00047950
    -0.01935730    -0.02958822    -0.03629938    -0.04384140    -0.04218476    -0.03998597    -0.03510302    -0.02693668    -0.02051923    -0.01193004    -0.00796147    -0.00378515    -0.00038841    -0.00084700     0.00147452     0.00165061     0.00253149     0.00099297
     1.00000000     0.67566645     0.43962270     0.27350473     0.16290168     0.09151312     0.05497281     0.03409997     0.02473685     0.01510717     0.01225708     0.00756416     0.00622833     0.00454931     0.00412433     0.00418793     0.00390605     0.00290700
     0.84165955     0.54812759     0.33416739     0.19010803     0.10113443     0.04936578     0.02073924     0.00537351    -0.00040776    -0.00283509    -0.00148564     0.00018777     0.00043411     0.00170439     0.00068307    -0.00030340    -0.00096309     0.00073253
     0.03640045     0.04274821     0.02750339     0.00644944    -0.01045497    -0.01594487    -0.01642607    -0.01299257    -0.01033381    -0.00802054    -0.00618315    -0.00362903    -0.00050526     0.00109464     0.00126654     0.00091010    -0.00128587    -0.00178211
     1.00000000     0.65259051     0.39791140     0.22593564     0.12134620     0.06187778     0.03231192     0.01932110     0.01576814     0.01192207     0.00877075     0.00636785     0.00469601     0.00489308     0.00484861     0.00463444     0.00458951     0.00440099
     0.84705341     0.52806526     0.30123144     0.15893905     0.07484751     0.03262354     0.01101561     0.00324114    -0.00035747    -0.00127660    -0.00178814    -0.00266360    -0.00151245    -0.00186965    -0.00105169    -0.00259712    -0.00200068    -0.00286560
     0.09163813     0.10629476     0.07847520     0.03991575     0.00817463    -0.00895340    -0.01514207    -0.01311495    -0.01048627    -0.00657266    -0.00424254    -0.00119231    -0.00044540     0.00135714    -0.00007118     0.00007438    -0.00030600    -0.00099558
     1.00000000     0.63209307     0.36541536     0.19242208     0.08850640     0.03997661     0.02240454     0.01644506     0.01272740     0.00860096     0.00611986     0.00440037     0.00359877     0.00365096     0.00310122     0.00396293     0.00356595     0.00445080
     0.85060990     0.52522439     0.28566718     0.13586332     0.04965726     0.00750282    -0.00325109    -0.01097992    -0.00590985    -0.00708237    -0.00594086    -0.00525512    -0.00245042    -0.00029669    -0.00148063     0.00088237     0.00150682     0.00054561
     0.02504201     0.02274541     0.00683716    -0.00727646    -0.01410862    -0.01733952    -0.01565513    -0.00840229    -0.00786592    -0.00040931    -0.00072668     0.00343955     0.00233232     0.00393927     0.00115148     0.00128042     0.00274197     0.00014708
     1.00000000     0.61775959     0.33645996     0.16076101     0.06153715     0.02466794     0.02067756     0.01749239     0.01304455     0.01079127     0.00979865     0.00901990     0.00748698     0.00697021     0.00561258     0.00557775     0.00579463     0.00473804
     0.84715509     0.50148958     0.25652489     0.10809773     0.03495366     0.00155915    -0.00566071    -0.00593369    -0.00603390    -0.00108333    -0.00333830    -0.00250636    -0.00125175    -0.00621345    -0.00151157    -0.00598759    -0.00107064    -0.00163439
     0.07652364     0.08675089     0.04806086     0.02015993    -0.00603149    -0.01483354    -0.01390278    -0.01175900    -0.00720347    -0.00307049    -0.00313033     0.00096179    -0.00351680     0.00126375    -0.00048961    -0.00167118     0.00049035    -0.00286262
     1.00000000     0.59667718     0.30710441     0.13041663     0.04160902     0.01997627     0.01930979     0.01535197     0.01219283     0.00686688     0.00612126     0.00647523     0.00632193     0.00800819     0.00745778     0.00752373     0.00582634     0.00544849
     0.84003609     0.48260111     0.22804871     0.08570627     0.01068438    -0.01072075    -0.01576166    -0.00918407    -0.00664440    -0.00183249    -0.00170909    -0.00033784    -0.00127604    -0.00204531    -0.00385753    -0.00582481    -0.00687651    -0.00905821
     0.02237386     0.00475480    -0.00295876    -0.01373016    -0.01570462    -0.01307725    -0.01152140    -0.00531945    -0.00384807    -0.00088483    -0.00181364     0.00035266    -0.00229259    -0.00149069    -0.00325778    -0.00353954    -0.00569271    -0.00332103
     1.00000000     0.57360959     0.27197737     0.10397053     0.02740356     0.02279296     0.02419323     0.01481693     0.01087316     0.00574902     0.00516425     0.00446331     0.00492410     0.00614649     0.00801117     0.01054540     0.01373910     0.01405629
     0.81539589     0.44762549     0.19914185     0.06147944     0.00357062    -0.01230249    -0.01053376    -0.00370028    -0.00293588    -0.00342799    -0.00263342    -0.00426984    -0.00528830    -0.00302059    -0.00052014     0.00150623     0.00535617     0.00462389
     0.06470671     0.06198194     0.03572274     0.00942752    -0.00743327    -0.00989528    -0.01137420    -0.00607378    -0.00593702    -0.00322331    -0.00297219    -0.00037173    -0.00134162    -0.00292284    -0.00442924    -0.00654776    -0.00451932    -0.00403035
     1.00000000     0.55259681     0.24787742     0.07652728     0.01494271     0.02020693     0.01978510     0.01041149     0.00957186     0.00685752     0.00657302     0.00804328     0.00838133     0.00810879     0.00832255     0.00988418     0.01072550     0.01136644
   1.638  -0.088  400    2    0    0    0  0.000 18.000
