                 MRH
   11    6 2015
    18.4581     -10.33       4.46    1038.06      28.77    1660.00      21.46  102.5    0.0  630.0  180.0
    18.9965       9.15      15.82    1000.49      96.02     511.42      21.59  102.5    0.0  630.0  180.0
    19.5348      25.08      23.96     820.12     124.93     285.47      16.99  102.5    0.0  630.0  180.0
    20.0733      33.24      17.96     850.25      96.98     300.08      13.80  102.5    0.0  630.0  180.0
    20.6115      20.94       4.95     941.16      31.65     521.91       7.93  102.5    0.0  630.0  180.0
    21.1498      39.95       4.25     919.15      22.27    1106.97      10.44  102.5    0.0  630.0  180.0
    21.6883      36.85       3.56     959.90      19.27    1690.10      13.51  102.5    0.0  630.0  180.0
    22.2268      47.25       1.29    1149.26      14.12    1551.44      10.55  102.5    0.0  630.0  180.0
    22.7652      39.06       5.03     899.11      28.83    1072.63      14.76  102.5    0.0  630.0  180.0
    23.3035     -22.26       4.77     873.76      26.57        NaN        NaN  102.5    0.0  630.0  180.0
    23.8419      24.50       1.19     883.44       9.95    1014.43       5.06  102.5    0.0  630.0  180.0
    24.3803      48.71       5.13     855.21      26.03     858.84       9.85  102.5    0.0  630.0  180.0
    24.9188      32.87      11.71     913.96      65.88     529.17      15.46  102.5    0.0  630.0  180.0
    25.4571      58.32      15.21     743.87      73.64     315.32      11.33  102.5    0.0  630.0  180.0
    25.9956       1.37       4.00     251.43      10.60     143.14       1.13  102.5    0.0  630.0  180.0
    26.5340      53.30      19.55     616.73      90.60     204.19      10.00  102.5    0.0  630.0  180.0
    27.0723      55.14      12.88     553.90      54.64     181.89       5.87  102.5    0.0  630.0  180.0
    27.6107     -16.62      28.27     654.50     120.71     154.04       9.74  102.5    0.0  630.0  180.0
    28.1490      64.11      31.94     651.57     149.71     159.07      12.45  102.5    0.0  630.0  180.0
    28.6877      23.57      39.42     812.77     208.84     162.74      16.16  102.5    0.0  630.0  180.0
    29.2261      40.45      29.73     739.44     147.11     216.78      16.00  102.5    0.0  630.0  180.0
    18.3526      48.79       2.96    1103.25      17.52    2864.33      19.64   12.7  -50.2  630.0  180.0
    18.8382      89.34       4.59    1020.37      29.09        NaN        NaN   12.7  -50.2  630.0  180.0
    19.3765      51.66       6.94     949.74      36.92    1003.19      16.96   12.7  -50.2  630.0  180.0
    19.9148      38.05       5.11     878.26      28.47        NaN        NaN   12.7  -50.2  630.0  180.0
    20.4531     104.09       0.93     875.85       8.62    1157.09       5.02   12.7  -50.2  630.0  180.0
    20.9915      29.55       2.84     958.41      14.97    2075.52      12.66   12.7  -50.2  630.0  180.0
    21.5300      20.30       3.07     981.48      17.04    2348.80      16.54   12.7  -50.2  630.0  180.0
    22.0686      25.47       1.96     852.83       8.06    1797.64       5.40   12.7  -50.2  630.0  180.0
    22.6069      45.81       2.61     842.72      14.77    1635.02      12.55   12.7  -50.2  630.0  180.0
    23.1452      33.50       2.91     850.30      16.75    1331.94      11.58   12.7  -50.2  630.0  180.0
    23.6836      29.35       1.05     925.71       9.48    1234.11       5.55   12.7  -50.2  630.0  180.0
    24.2221      44.74       3.85     841.95      19.03    1146.96       9.54   12.7  -50.2  630.0  180.0
    24.7605      34.41       6.86     931.72      38.48     886.03      14.86   12.7  -50.2  630.0  180.0
    25.2989      43.06      12.10     858.34      64.74     484.67      14.34   12.7  -50.2  630.0  180.0
    25.8373       7.25       9.10     792.21      45.68     363.37       7.75   12.7  -50.2  630.0  180.0
    26.3757      34.15      11.86     725.22      58.86     342.25      10.56   12.7  -50.2  630.0  180.0
    26.9140      25.67       8.51     612.29      41.43     306.30       7.35   12.7  -50.2  630.0  180.0
    27.4524       4.90      11.79     741.66      54.31     261.29       6.89   12.7  -50.2  630.0  180.0
    27.9908      54.45      19.46     690.43      91.17     230.36      10.63   12.7  -50.2  630.0  180.0
    28.5292      29.67      32.72     687.19     156.78     189.68      15.25   12.7  -50.2  630.0  180.0
    29.0677      -0.44      24.30     773.69     113.80     223.13      12.29   12.7  -50.2  630.0  180.0
    29.6063      55.42       8.23     803.91      42.21     835.92      16.71   12.7  -50.2  630.0  180.0
    18.4055      70.89       3.82     983.71      21.42    1488.00      14.81  102.5   50.2  630.0  180.0
    18.9439      87.13      14.02     938.91      72.05     589.10      19.05  102.5   50.2  630.0  180.0
    19.4823      88.83      24.46     838.11     116.64     310.08      17.19  102.5   50.2  630.0  180.0
    20.0205      66.17      19.73     908.75     100.58     311.21      14.24  102.5   50.2  630.0  180.0
    20.5588      79.86       5.52     949.15      30.59     609.89       8.91  102.5   50.2  630.0  180.0
    21.0972      81.16       3.84     927.67      18.10    1384.63      10.27  102.5   50.2  630.0  180.0
    21.6358      73.21       3.29     992.80      16.41    2206.39      14.57  102.5   50.2  630.0  180.0
    22.1743      61.47       0.86     956.27       8.51    1618.54       6.45  102.5   50.2  630.0  180.0
    22.7127      80.76       4.59     882.44      23.75    1205.84      13.87  102.5   50.2  630.0  180.0
    23.2510      61.49       4.04     848.12      20.78    1109.97      11.72  102.5   50.2  630.0  180.0
    23.7893      50.51       1.18     800.14       8.26    1067.97       4.58  102.5   50.2  630.0  180.0
    24.3280      64.69       5.29     851.42      24.41     891.12       9.49  102.5   50.2  630.0  180.0
    24.8662      62.34      10.12     858.49      49.12     632.44      14.02  102.5   50.2  630.0  180.0
    25.4046      66.04      14.55     778.77      66.01     387.79      12.22  102.5   50.2  630.0  180.0
    25.9431      70.21       7.38     800.00      37.19     245.56       5.03  102.5   50.2  630.0  180.0
    26.4814      58.88      21.91     759.96      99.94     221.71      11.06  102.5   50.2  630.0  180.0
    27.0198      93.89      12.61     563.53      48.77     193.03       5.37  102.5   50.2  630.0  180.0
    27.5582      46.40      19.97     671.23      87.09     171.49       7.73  102.5   50.2  630.0  180.0
    28.0965      92.65      31.15     745.28     140.48     174.42      11.94  102.5   50.2  630.0  180.0
    28.6350      68.15      47.08     558.07     182.80     137.86      13.97  102.5   50.2  630.0  180.0
    29.1735      42.75      17.06     784.35      87.16     315.67      13.26  102.5   50.2  630.0  180.0
    18.5108      46.67       2.00    1017.37      12.17    2367.31      14.44   45.0  -45.0  630.0  180.0
    19.0494      17.50       7.06     938.52      40.93     978.79      18.40   45.0  -45.0  630.0  180.0
    19.5875      12.55       8.54     929.62      49.46     726.01      16.57   45.0  -45.0  630.0  180.0
    20.1258     -39.36       5.58     871.16      31.55        NaN        NaN   45.0  -45.0  630.0  180.0
    20.6641      -9.88       2.54     836.76      10.61    1150.71       4.74   45.0  -45.0  630.0  180.0
    21.2025      -9.99       3.25    1010.36      18.55    1999.10      14.96   45.0  -45.0  630.0  180.0
    21.7411      -7.13       3.08    1005.02      17.41    2271.26      16.09   45.0  -45.0  630.0  180.0
    22.2796      51.38       2.54    1073.61      15.33        NaN        NaN   45.0  -45.0  630.0  180.0
    22.8179       8.16       3.02     837.30      16.89    1494.66      13.11   45.0  -45.0  630.0  180.0
    23.3562    -108.48       2.64    1046.67      14.79    1477.75      11.78   45.0  -45.0  630.0  180.0
    23.8946     -11.78       1.18     777.93       7.14    1288.44       4.51   45.0  -45.0  630.0  180.0
    24.4331      12.54       4.39     804.64      21.51    1045.71      10.16   45.0  -45.0  630.0  180.0
    24.9715       1.36       9.57     886.15      52.56     660.27      15.78   45.0  -45.0  630.0  180.0
    25.5099      10.92      12.12     768.14      60.43     393.87      11.54   45.0  -45.0  630.0  180.0
    26.0485     -14.79       5.48     567.01      28.72     287.64       5.22   45.0  -45.0  630.0  180.0
    26.5868      31.21      11.32     780.74      59.06     356.26      10.43   45.0  -45.0  630.0  180.0
    27.1250      12.02       5.12     607.03      22.13     288.80       2.73   45.0  -45.0  630.0  180.0
    27.6634     -18.09      17.89     737.72      88.27     209.61       9.08   45.0  -45.0  630.0  180.0
    28.2017      -6.08      20.40     706.54      97.48     256.71      12.84   45.0  -45.0  630.0  180.0
    28.7402      24.49      33.96     727.99     166.98     180.06      15.25   45.0  -45.0  630.0  180.0
    29.2788      29.01      22.01     852.52     119.71     281.65      15.74   45.0  -45.0  630.0  180.0
    18.5634     -28.57       0.89    1211.82      11.08    2462.54      12.42   89.9  -45.0  630.0  180.0
    19.1017     -38.35       7.49     948.38      44.92     765.58      15.91   89.9  -45.0  630.0  180.0
    19.6400     -62.52      12.60     942.06      74.60     507.76      17.33   89.9  -45.0  630.0  180.0
    20.1783     -66.05       7.36     830.91      40.66     520.69      10.56   89.9  -45.0  630.0  180.0
    20.7166     -65.99       3.03     892.06      13.53     786.48       3.97   89.9  -45.0  630.0  180.0
    21.2550     -46.50       4.16     998.11      24.18    1526.93      15.38   89.9  -45.0  630.0  180.0
    21.7936     -39.56       2.91     943.37      15.70    2016.63      13.12   89.9  -45.0  630.0  180.0
    22.3321     -16.96       2.23     903.20      12.88    1794.92      12.54   89.9  -45.0  630.0  180.0
    22.8705     -27.14       3.20     841.02      18.05    1440.96      13.35   89.9  -45.0  630.0  180.0
    23.4088      -4.66       2.04    1225.90      21.00        NaN        NaN   89.9  -45.0  630.0  180.0
    23.9472     -20.97       1.75     775.39       6.63    1448.06       3.70   89.9  -45.0  630.0  180.0
    24.4856     -14.56       4.30     825.39      21.63    1119.30      10.91   89.9  -45.0  630.0  180.0
    25.0240     -17.07       9.96     894.83      55.62     627.20      15.62   89.9  -45.0  630.0  180.0
    25.5624     -23.56      11.44     819.48      59.73     390.90      10.97   89.9  -45.0  630.0  180.0
    26.1009     -43.65       8.92     839.33      50.54     335.67       8.40   89.9  -45.0  630.0  180.0
    26.6393      -5.30      11.40     712.03      56.27     344.65      10.03   89.9  -45.0  630.0  180.0
    27.1776     -10.27      10.51     769.88      54.10     283.14       7.23   89.9  -45.0  630.0  180.0
    27.7160     -24.52      18.49     759.79      93.51     221.37      10.18   89.9  -45.0  630.0  180.0
    28.2543     -21.90      22.45     801.59     118.06     248.62      13.99   89.9  -45.0  630.0  180.0
    28.7930      10.81      25.85     797.21     137.08     216.50      14.36   89.9  -45.0  630.0  180.0
    29.3314      40.11      14.96     818.51      77.85     349.34      12.87   89.9  -45.0  630.0  180.0
    18.6160     -40.73       3.45    1036.91      22.48    1719.17      17.78  135.0  -45.0  630.0  180.0
    18.6682     -46.94       4.29    1046.27      27.94    1491.71      18.66  135.0  -45.0  630.0  180.0
    18.7204     -40.91       5.06    1044.91      32.87    1278.69      18.81  135.0  -45.0  630.0  180.0
    18.7727     -26.41       5.40     993.86      33.59    1040.57      16.02  135.0  -45.0  630.0  180.0
    19.1543     -72.23      15.07     928.75      89.12     483.25      19.78  135.0  -45.0  630.0  180.0
    19.2065     -71.26      16.40     924.21      95.52     454.38      19.94  135.0  -45.0  630.0  180.0
    19.2588     -73.31      18.04     991.80     110.82     426.16      21.01  135.0  -45.0  630.0  180.0
    19.3110     -80.41      17.52     863.96      97.61     402.96      18.74  135.0  -45.0  630.0  180.0
    19.6926     -95.02      19.53     866.76     110.28     324.72      17.03  135.0  -45.0  630.0  180.0
    19.7448     -91.78      19.39     849.62     108.64     321.08      16.63  135.0  -45.0  630.0  180.0
    19.7971    -100.57      19.38     882.05     111.02     304.54      15.92  135.0  -45.0  630.0  180.0
    19.8493     -92.43      19.11     861.81     106.95     311.06      15.95  135.0  -45.0  630.0  180.0
    20.2309     -84.14      12.09     846.85      67.50     324.61      10.63  135.0  -45.0  630.0  180.0
    20.2831    -100.72      12.10     829.23      66.88     336.15      10.98  135.0  -45.0  630.0  180.0
    20.3354     -89.03      10.92     783.81      57.99     339.76       9.86  135.0  -45.0  630.0  180.0
    20.3876     -67.15      10.96     805.50      59.18     350.65      10.25  135.0  -45.0  630.0  180.0
    20.7694     -48.34       1.81     768.87      16.95     410.89       3.89  135.0  -45.0  630.0  180.0
    20.8216    -100.29       1.93     520.62       9.23     399.69       1.94  135.0  -45.0  630.0  180.0
    20.8737     -32.13       2.27     493.34       8.59     455.46       2.01  135.0  -45.0  630.0  180.0
    20.9259     -77.48       4.09     879.26      20.28     579.57       4.73  135.0  -45.0  630.0  180.0
    21.3076     -30.22       5.12     934.91      28.27    1058.59      12.86  135.0  -45.0  630.0  180.0
    21.3598     -32.45       4.84     904.55      25.94    1129.26      12.83  135.0  -45.0  630.0  180.0
    21.4121     -35.86       4.58     926.58      25.09    1226.27      13.26  135.0  -45.0  630.0  180.0
    21.4643     -30.07       4.51     986.26      25.98    1348.35      14.61  135.0  -45.0  630.0  180.0
    21.8462     -23.57       2.94     892.63      15.09    1684.86      10.61  135.0  -45.0  630.0  180.0
    21.8984     -19.05       3.00     911.59      15.59    1766.30      11.50  135.0  -45.0  630.0  180.0
    21.9507      -9.97       2.27     964.53      11.12    1851.04       7.72  135.0  -45.0  630.0  180.0
    22.0029      -0.88       2.28     956.94      11.20    1888.63       8.04  135.0  -45.0  630.0  180.0
    22.3847      -5.71       2.35     872.66      14.48    1771.78      13.41  135.0  -45.0  630.0  180.0
    22.4369     -46.18       2.42     868.44      14.30    1758.54      13.42  135.0  -45.0  630.0  180.0
    22.4891      -9.82       2.47     821.99      13.90    1686.53      12.62  135.0  -45.0  630.0  180.0
    22.5416      -9.80       2.82     840.39      16.00    1608.40      13.37  135.0  -45.0  630.0  180.0
    22.9230     -18.64       3.42     835.58      19.19    1341.78      13.12  135.0  -45.0  630.0  180.0
    22.9753     -20.82       3.45     821.97      18.97    1312.15      12.93  135.0  -45.0  630.0  180.0
    23.0277     -20.37       3.40     828.92      19.01    1307.74      12.86  135.0  -45.0  630.0  180.0
    23.0800     -17.60       3.42     816.84      18.91    1284.86      12.60  135.0  -45.0  630.0  180.0
    23.4613      28.19       3.12    1102.82      14.63    1502.09      11.95  135.0  -45.0  630.0  180.0
    23.5136    -120.20       2.91        NaN        NaN        NaN        NaN  135.0  -45.0  630.0  180.0
    23.5658      -1.03       1.14    1146.90      13.62    1544.85      10.02  135.0  -45.0  630.0  180.0
    23.6182     -20.72       1.03     929.04       9.31    1384.91       6.22  135.0  -45.0  630.0  180.0
    23.9997      -9.02       2.02     915.64       7.79    1517.71       3.97  135.0  -45.0  630.0  180.0
    24.0520     -12.93       2.63     952.57      13.39    1493.13       7.67  135.0  -45.0  630.0  180.0
    24.1043      -6.51       2.86     901.78      14.39    1429.09       8.37  135.0  -45.0  630.0  180.0
    24.1565      -3.04       3.07     889.45      15.60    1374.46       8.88  135.0  -45.0  630.0  180.0
    24.5382       1.05       4.75     851.84      24.61    1114.57      12.28  135.0  -45.0  630.0  180.0
    24.5904       3.03       4.92     849.03      25.42    1073.95      12.27  135.0  -45.0  630.0  180.0
    24.6427       1.29       5.19     849.71      26.94    1042.46      12.66  135.0  -45.0  630.0  180.0
    24.6949       1.56       5.67     888.24      30.65    1008.45      13.61  135.0  -45.0  630.0  180.0
    25.0766     -21.35      10.47     966.11      61.96     612.72      16.51  135.0  -45.0  630.0  180.0
    25.1288     -17.74      10.79     945.66      62.58     583.21      16.06  135.0  -45.0  630.0  180.0
    25.1810     -18.83      10.30     933.99      59.33     589.53      15.54  135.0  -45.0  630.0  180.0
    25.2333     -19.26      11.34     904.01      63.97     541.66      15.65  135.0  -45.0  630.0  180.0
    25.6150      -0.08      11.69     766.79      58.33     348.80       9.85  135.0  -45.0  630.0  180.0
    25.6672     -21.31      11.99     818.30      62.89     341.84       9.95  135.0  -45.0  630.0  180.0
    25.7196     -25.39      12.93     751.61      64.22     316.81      10.00  135.0  -45.0  630.0  180.0
    25.7717     -16.63      10.38     897.72      58.17     348.91       9.07  135.0  -45.0  630.0  180.0
    26.1534     -26.65      10.88     752.89      56.62     297.77       8.67  135.0  -45.0  630.0  180.0
    26.2057     -10.91      11.36     733.38      58.00     298.49       9.00  135.0  -45.0  630.0  180.0
    26.2580     -14.07      12.83     721.28      63.82     291.95       9.68  135.0  -45.0  630.0  180.0
    26.3102     -14.73      14.45     702.43      70.45     280.23      10.31  135.0  -45.0  630.0  180.0
    26.6918     -17.51      13.70     812.30      73.89     303.37      11.01  135.0  -45.0  630.0  180.0
    26.7440     -13.81      13.05     742.36      66.46     297.34      10.07  135.0  -45.0  630.0  180.0
    26.7963     -22.46      13.51     819.47      74.08     300.55      10.82  135.0  -45.0  630.0  180.0
    26.8485     -12.71      12.25     796.83      65.45     296.29       9.63  135.0  -45.0  630.0  180.0
    27.2302     -21.33       6.82     796.59      35.21     276.41       4.18  135.0  -45.0  630.0  180.0
    27.2824      -8.63       7.44     823.89      45.76     278.03       4.99  135.0  -45.0  630.0  180.0
    27.3346      -2.23      10.00     632.44      44.51     233.22       5.30  135.0  -45.0  630.0  180.0
    27.3869      -1.12       9.45     543.48      38.11     223.81       4.62  135.0  -45.0  630.0  180.0
    27.7685     -19.99      16.91     800.56      88.15     216.13       9.01  135.0  -45.0  630.0  180.0
    27.8208     -10.04      18.03     723.05      88.12     204.07       8.97  135.0  -45.0  630.0  180.0
    27.8730     -10.09      19.24     651.95      87.78     194.59       8.96  135.0  -45.0  630.0  180.0
    27.9252     -25.10      19.50     815.09     103.53     212.35      10.38  135.0  -45.0  630.0  180.0
    28.3069     -20.54      32.15     679.01     155.82     180.30      14.47  135.0  -45.0  630.0  180.0
    28.3591      -9.36      13.94     690.80      70.02     196.34       6.89  135.0  -45.0  630.0  180.0
    28.4113     -15.64      28.88     740.80     144.59     195.93      14.14  135.0  -45.0  630.0  180.0
    28.4636      13.12      34.56     826.88     187.37     186.00      16.34  135.0  -45.0  630.0  180.0
    28.8453      11.33      25.13     701.90     120.29     160.66       9.75  135.0  -45.0  630.0  180.0
    28.8976      34.95      39.67     792.59     205.59     165.93      16.44  135.0  -45.0  630.0  180.0
    28.9498      23.71      35.59     751.30     177.41     179.10      15.76  135.0  -45.0  630.0  180.0
    29.0021      32.76      36.17     793.80     187.98     180.75      16.30  135.0  -45.0  630.0  180.0
    29.3839      -8.53      14.30     801.78      68.04     354.36      11.42  135.0  -45.0  630.0  180.0
    29.4362      20.75      17.83     747.56      88.67     371.57      16.21  135.0  -45.0  630.0  180.0
    29.4884      29.74      15.94     800.00      82.32     424.43      16.75  135.0  -45.0  630.0  180.0
    29.5406      25.95       8.99     852.05      48.17     575.27      12.70  135.0  -45.0  630.0  180.0
    18.8914      75.95       9.95     954.22      52.05     815.23      19.03  147.5   39.9  630.0  180.0
    19.4297      97.26      16.23     852.15      78.33     460.11      16.87  147.5   39.9  630.0  180.0
    19.9680      83.90      11.84     880.58      59.24     476.35      13.34  147.5   39.9  630.0  180.0
    20.5063      70.54       3.69     967.93      24.47     841.12      10.22  147.5   39.9  630.0  180.0
    21.0447      51.04       3.35     939.29      15.85    1641.36      10.52  147.5   39.9  630.0  180.0
    21.5832      72.45       3.07    1003.03      16.86    2178.43      14.85  147.5   39.9  630.0  180.0
    22.1217      52.36       1.00     851.59       6.92    1480.01       5.16  147.5   39.9  630.0  180.0
    22.6601      50.58       4.23     859.54      21.66    1271.34      13.68  147.5   39.9  630.0  180.0
    23.1984      38.51       4.24     843.91      21.88    1074.10      11.77  147.5   39.9  630.0  180.0
    23.7368      42.17       1.19     995.63      12.25    1106.80       6.31  147.5   39.9  630.0  180.0
    24.2752      79.10       4.72     851.53      23.66     880.56       9.07  147.5   39.9  630.0  180.0
    24.8137      43.45       9.32     855.10      45.05     656.47      13.41  147.5   39.9  630.0  180.0
    25.3520      43.11      15.02     827.34      72.41     395.16      13.28  147.5   39.9  630.0  180.0
    25.8905      40.72       5.74     629.65      21.10     279.89       2.67  147.5   39.9  630.0  180.0
    26.4290      45.95      18.86     749.67      85.71     243.64      10.53  147.5   39.9  630.0  180.0
    26.9672      81.62      13.15     771.89      68.34     227.51       7.83  147.5   39.9  630.0  180.0
    27.5056      40.98      13.13     569.65      51.40     183.41       5.00  147.5   39.9  630.0  180.0
    28.0440      56.52      27.71     759.05     129.58     190.41      11.99  147.5   39.9  630.0  180.0
    28.5824      41.38      42.11     768.19     203.01     168.25      16.64  147.5   39.9  630.0  180.0
    29.1210      22.38      34.41     828.21     169.77     209.36      16.71  147.5   39.9  630.0  180.0
    29.6595      22.83       6.41     780.37      29.76    1742.98      24.90  147.5   39.9  630.0  180.0
