                 MRH
   11    6 2015
      18.25       NaN       NaN       NaN       NaN   1038.06     28.77    630.0   1800
      18.75     40.40      1.26       NaN       NaN   1106.16     48.33    630.0   1800
      19.25     54.23     10.59       NaN       NaN    948.38     44.92    630.0   1800
      19.75     88.42     17.82       NaN       NaN    881.09     72.75    630.0   1800
      20.25     93.41     10.41       NaN       NaN    840.58     52.58    630.0   1800
      20.75     93.32      4.29       NaN       NaN    916.61     17.21    630.0   1800
      21.25     65.76      5.89       NaN       NaN    958.63     16.44    630.0   1800
      21.75     55.94      4.12       NaN       NaN    951.63     12.43    630.0   1800
      22.25     23.99      3.15       NaN       NaN   1026.23      9.56    630.0   1800
      22.75     38.38      4.53       NaN       NaN    870.06     17.01    630.0   1800
      23.25      6.59      2.88       NaN       NaN   1049.83     16.93    630.0   1800
      23.75     29.66      2.48       NaN       NaN    829.41      5.98    630.0   1800
      24.25     20.59      6.08       NaN       NaN    840.30     16.92    630.0   1800
      24.75       NaN       NaN       NaN       NaN    913.96     65.88    630.0   1800
      25.25     24.14     14.09       NaN       NaN    819.35     46.14    630.0   1800
      25.75     33.31     16.18       NaN       NaN    535.46     30.33    630.0   1800
      26.25     61.73     12.62       NaN       NaN    839.33     50.54    630.0   1800
      26.75      7.49     16.12       NaN       NaN    664.38     53.33    630.0   1800
      27.25     14.52     14.86       NaN       NaN    661.89     38.45    630.0   1800
      27.75     34.68     26.15       NaN       NaN    707.15     76.35    630.0   1800
      28.25     30.97     31.75       NaN       NaN    726.58     95.33    630.0   1800
      28.75    -15.29     36.56       NaN       NaN    804.99    124.91    630.0   1800
      29.25    -56.72     21.16       NaN       NaN    778.97     83.22    630.0   1800
