                 MRH
   11    6 2015
    18.4581        NaN        NaN        NaN        NaN    1038.06      28.77  102.5    0.0  630.0  180.0
    18.9965        NaN        NaN        NaN        NaN    1000.49      96.02  102.5    0.0  630.0  180.0
    19.5348        NaN        NaN        NaN        NaN     820.12     124.93  102.5    0.0  630.0  180.0
    20.0733        NaN        NaN        NaN        NaN     850.25      96.98  102.5    0.0  630.0  180.0
    20.6115        NaN        NaN        NaN        NaN     941.16      31.65  102.5    0.0  630.0  180.0
    21.1498        NaN        NaN        NaN        NaN     919.15      22.27  102.5    0.0  630.0  180.0
    21.6883        NaN        NaN        NaN        NaN     959.90      19.27  102.5    0.0  630.0  180.0
    22.2268        NaN        NaN        NaN        NaN    1149.26      14.12  102.5    0.0  630.0  180.0
    22.7652        NaN        NaN        NaN        NaN     899.11      28.83  102.5    0.0  630.0  180.0
    23.3035        NaN        NaN        NaN        NaN     873.76      26.57  102.5    0.0  630.0  180.0
    23.8419        NaN        NaN        NaN        NaN     883.44       9.95  102.5    0.0  630.0  180.0
    24.3803        NaN        NaN        NaN        NaN     855.21      26.03  102.5    0.0  630.0  180.0
    24.9188        NaN        NaN        NaN        NaN     913.96      65.88  102.5    0.0  630.0  180.0
    25.4571        NaN        NaN        NaN        NaN     743.87      73.64  102.5    0.0  630.0  180.0
    25.9956        NaN        NaN        NaN        NaN     251.43      10.60  102.5    0.0  630.0  180.0
    26.5340        NaN        NaN        NaN        NaN     616.73      90.60  102.5    0.0  630.0  180.0
    27.0723        NaN        NaN        NaN        NaN     553.90      54.64  102.5    0.0  630.0  180.0
    27.6107        NaN        NaN        NaN        NaN     654.50     120.71  102.5    0.0  630.0  180.0
    28.1490        NaN        NaN        NaN        NaN     651.57     149.71  102.5    0.0  630.0  180.0
    28.6877        NaN        NaN        NaN        NaN     812.77     208.84  102.5    0.0  630.0  180.0
    29.2261        NaN        NaN        NaN        NaN     739.44     147.11  102.5    0.0  630.0  180.0
    18.5634      40.40       1.26        NaN        NaN    1211.82      11.08   89.9  -45.0  630.0  180.0
    19.1017      54.23      10.59        NaN        NaN     948.38      44.92   89.9  -45.0  630.0  180.0
    19.6400      88.42      17.82        NaN        NaN     942.06      74.60   89.9  -45.0  630.0  180.0
    20.1783      93.41      10.41        NaN        NaN     830.91      40.66   89.9  -45.0  630.0  180.0
    20.7166      93.32       4.29        NaN        NaN     892.06      13.53   89.9  -45.0  630.0  180.0
    21.2550      65.76       5.89        NaN        NaN     998.11      24.18   89.9  -45.0  630.0  180.0
    21.7936      55.94       4.12        NaN        NaN     943.37      15.70   89.9  -45.0  630.0  180.0
    22.3321      23.99       3.15        NaN        NaN     903.20      12.88   89.9  -45.0  630.0  180.0
    22.8705      38.38       4.53        NaN        NaN     841.02      18.05   89.9  -45.0  630.0  180.0
    23.4088       6.59       2.88        NaN        NaN    1225.90      21.00   89.9  -45.0  630.0  180.0
    23.9472      29.66       2.48        NaN        NaN     775.39       6.63   89.9  -45.0  630.0  180.0
    24.4856      20.59       6.08        NaN        NaN     825.39      21.63   89.9  -45.0  630.0  180.0
    25.0240      24.14      14.09        NaN        NaN     894.83      55.62   89.9  -45.0  630.0  180.0
    25.5624      33.31      16.18        NaN        NaN     819.48      59.73   89.9  -45.0  630.0  180.0
    26.1009      61.73      12.62        NaN        NaN     839.33      50.54   89.9  -45.0  630.0  180.0
    26.6393       7.49      16.12        NaN        NaN     712.03      56.27   89.9  -45.0  630.0  180.0
    27.1776      14.52      14.86        NaN        NaN     769.88      54.10   89.9  -45.0  630.0  180.0
    27.7160      34.68      26.15        NaN        NaN     759.79      93.51   89.9  -45.0  630.0  180.0
    28.2543      30.97      31.75        NaN        NaN     801.59     118.06   89.9  -45.0  630.0  180.0
    28.7930     -15.29      36.56        NaN        NaN     797.21     137.08   89.9  -45.0  630.0  180.0
    29.3314     -56.72      21.16        NaN        NaN     818.51      77.85   89.9  -45.0  630.0  180.0
