  Image    fringe1  fringe2  fringe3  fringe4  fringe5  fringe6  fringe7
-----------------------------------------------------------------------------
    1     0.717136 0.717667 0.715984 0.711165 0.710057 0.704735 0.702435
    2     0.709879 0.706652 0.706348 0.704253 0.698725 0.696653 0.661987
    3     0.722619********* 0.732711********* 0.712389 0.623024 0.706351
    4     0.722862 0.720357 0.716904 0.712674 0.709480 0.705935 0.701921
    5     0.729790 0.729526 0.727546 0.722390 0.719100 0.715886 0.713581
    6     0.733468 0.733112 0.730040 0.724994 0.676750 0.717864 0.738284
    7     0.734808 0.732689 0.730564 0.727585 0.723580 0.720815 0.716125
    8     0.732460 0.733430 0.730688 0.725739 0.720183 0.719323 0.717419
    9     0.727061 0.727656 0.730220 0.722449 0.720904 0.715765 0.719758
   10    ********* 0.713713 0.710534 0.708247 0.701310 0.698321 0.694645
   11     0.710551 0.703439 0.702915 0.700653 0.697743 0.696282 0.697531
   12     0.707797 0.704521 0.703457 0.700179 0.692633 0.691603 0.697695
   13     0.719455 0.723334 0.721188 0.722837 0.713692 0.711808 0.715141
   14     0.723922 0.724579 0.721613 0.713509 0.714572 0.710456 0.708529
   15     0.731458 0.729145 0.731702 0.726491 0.722709 0.718135 0.720843
   16     0.735741 0.737805 0.737761 0.729757 0.725487 0.724669 0.734470
   17     0.737920 0.739130 0.734127 0.733981 0.723707 0.723141 0.732072
   18     0.739506 0.737187 0.735777 0.727186 0.731799 0.721801 0.730931
   19     0.735083 0.741310 0.736587 0.733396 0.730290 0.724901 0.739159
   20     0.712158 0.713808 0.710469 0.707188 0.703354 0.697927 0.698908
   21     0.703831 0.706713 0.704516 0.699285 0.695459 0.692658 0.689942
   22     0.709079 0.700901 0.707235 0.697754 0.691694 0.693155 0.704160
   23     0.722744 0.720952 0.716835 0.718318 0.714895 0.701685 0.720858
   24     0.724721 0.723888 0.724788 0.721117 0.712559 0.711198 0.710058
   25     0.731710 0.741142 0.735345 0.730875 0.727232 0.721724 0.728902
   26     0.743155 0.736639 0.740369 0.735992 0.732835 0.726695 0.736956
   27     0.741615 0.735946 0.739139 0.733711 0.741774 0.722617 0.732986
   28     0.741592 0.738776 0.737471 0.730668 0.738139 0.730356 0.750925
   29     0.737259 0.739268 0.742612 0.740930 0.726149 0.723701 0.742182
   30     0.717049 0.715018 0.732769********* 0.705127 0.700016 0.700641
   31     0.709076 0.704208 0.705977 0.704717 0.699747 0.695559 0.697330
   32     0.703261 0.706244 0.714358 0.698309 0.705746 0.703108 0.694464
   33     0.727774 0.722664 0.715757 0.712491 0.712644 0.711104 0.719953
   34     0.731066 0.724196 0.729241********* 0.718482 0.714009 0.713463
   35     0.740460 0.739696 0.731820 0.735830 0.728845 0.725270 0.727365
   36     0.746486 0.739855 0.738720 0.734429 0.731480 0.723765 0.741157
   37     0.749411 0.740635 0.745497 0.731466 0.733156 0.725106 0.745407
   38     0.743068 0.738646 0.741139 0.737616 0.732496 0.730461 0.738581
   39     0.741128 0.742265 0.738050 0.725144 0.730236 0.722574 0.735742
   40     0.720483 0.717781 0.714717 0.713668 0.709256 0.704206 0.699868
   41     0.714227 0.711277 0.706858 0.706155 0.702997 0.698492 0.696253
   42     0.712244 0.711167 0.710141 0.701927 0.695960 0.695807 0.693709
   43     0.725608 0.725415 0.723967 0.721204 0.716903 0.708703 0.709360
   44     0.731777 0.729828 0.729350 0.724527 0.718771 0.717115 0.714971
   45     0.739892 0.738812 0.738250 0.732196 0.735931 0.724952 0.720925
   46     0.738878 0.736976 0.737938 0.731881 0.727919 0.731531 0.720586
   47     0.742039 0.736007 0.735578 0.735686 0.731001 0.728050 0.725227
   48     0.738117 0.740283 0.737138 0.731292 0.729770 0.720346 0.735232
   49     0.744934 0.736468 0.739149 0.736944 0.736701 0.724545 0.724998
   50     0.727594 0.724278 0.721848 0.718114 0.715320 0.711705 0.707797
   51     0.717612 0.714938 0.712911 0.710423 0.705848 0.702819 0.698530
   52     0.712840 0.710567 0.707934 0.704856 0.700927 0.697944 0.693855
   53     0.724229 0.724685 0.721368 0.715935 0.713302 0.709255 0.707584
   54     0.734302 0.730912 0.729052 0.724742 0.721769 0.717629 0.714574
   55     0.739256 0.738545 0.734348 0.730602 0.728275 0.723281 0.722099
   56     0.738415 0.734484 0.732043 0.727352 0.723042 0.721751 0.720596
   57     0.737213 0.737122 0.734913 0.727997 0.723894 0.720959 0.718259
   58     0.738374 0.735947 0.732857 0.728865 0.726898 0.721116 0.721002
   59     0.735926 0.734195 0.733851 0.728159 0.725542 0.721431 0.720567
   60     0.729045 0.726808 0.724648 0.720247 0.717680 0.714136 0.711554
   61     0.721136 0.719686 0.715774 0.712243 0.709742 0.705723 0.702085
   62     0.715132 0.711808 0.711390 0.706212 0.701508 0.699851 0.697293
   63     0.726495 0.723859 0.722460 0.718884 0.715329 0.711492 0.710321
   64     0.733804 0.732263 0.729062 0.725619 0.721923 0.719034 0.715747
   65     0.740239 0.737397 0.733891 0.729382 0.728187 0.724660 0.721094
   66     0.736482 0.735000 0.732983 0.727394 0.724443 0.721732 0.719541
   67     0.736330 0.734107 0.731376 0.726403 0.724540 0.721969 0.717484
   68     0.733311 0.733909 0.731114 0.726272 0.723945 0.719636 0.716282
   69     0.733792 0.731326 0.728269 0.724824 0.722278 0.718496 0.715151
   70     0.728707 0.725261 0.724073 0.721723 0.717366 0.715916 0.710117
   71     0.719918 0.719141 0.716260 0.710988 0.706860 0.703125 0.700912
   72     0.714176 0.716844 0.711282 0.707804 0.705425 0.699995 0.696851
   73     0.727944 0.726233 0.722350 0.719548 0.714550 0.713496*********
   74     0.733806********* 0.699169 0.725167 0.723358 0.718551 0.716192
   75    ********* 0.735591 0.734693 0.730708 0.725919 0.723746 0.720395
   76     0.736808 0.733884 0.730881 0.726925 0.724621 0.720950 0.718495
   77     0.735646 0.734238 0.732060 0.727438 0.724719 0.720588 0.717457
   78     0.735893 0.734170 0.732043 0.728978 0.724745 0.719428 0.717967
   79     0.737046 0.732936 0.731849 0.727306 0.724499 0.721353 0.719298
   80     0.727853 0.724834 0.722991 0.718419 0.715177 0.712548 0.710653
   81     0.720225 0.720259 0.716862 0.710713 0.682323 0.724493 0.703560
   82     0.716854 0.718600 0.706698 0.708688 0.704947 0.700347 0.698893
   83     0.727494 0.727711 0.725374 0.719272 0.717332 0.713419 0.712780
   84     0.734775 0.731226 0.729382 0.723198 0.721798 0.719456 0.716685
   85     0.739457 0.737157 0.734194 0.730769 0.729223 0.722784 0.723140
   86     0.737320 0.737024 0.735447 0.728842 0.726753 0.721877 0.722314
   87     0.738587 0.736239 0.735600 0.729249 0.727844 0.723667 0.720719
   88     0.739199 0.735093 0.735532 0.730338 0.726481 0.723529 0.722937
   89     0.740152 0.735136 0.734342 0.729078 0.726342 0.723459 0.721982
   90     0.728980 0.730042 0.726887 0.722581 0.717057 0.716990 0.712686
   91     0.725625 0.720972 0.717750 0.715605 0.711960 0.708008 0.655410
   92     0.719388 0.717736 0.717823 0.712397 0.708973 0.702486 0.701437
   93     0.730239 0.729969 0.487835********* 0.736270 0.722276 0.713974
   94    -2.964449-2.886500 0.729697 0.728397 0.723085 0.719784 0.718413
   95    ********* 0.738899 0.738610 0.732852 0.004412******************
   96     0.741308 0.064187-2.562130 0.733149 0.750674 9.393714 0.724507
   97     0.739856 0.739030************************************-0.038575
   98     0.740846 0.736885 0.734147 0.729835 0.727326 0.724318 0.722582
   99     0.738596 0.738299 0.735236 0.730723 0.726241 0.722351 0.720857
  100     0.732212 0.731277 0.729116 0.726545 0.720038 0.714836 0.713742
  101     0.724467 0.723865 0.721683 0.719112 0.714507 0.710340 0.707310
  102     0.723096 0.720138 0.718430 0.714170 0.708768 0.706816 0.705936
  103     0.731787 0.731290 0.728607 0.725411 0.721148 0.714582 0.714299
  104     0.734940 0.735849 0.733240 0.726789 0.724133 0.721935 0.717593
  105     0.739383 0.736714 0.733470 0.731443 0.727201 0.724171 0.718059
  106     0.738879 0.736022 0.734181 0.729241 0.728535 0.723507 0.719548
  107     0.739108 0.737006 0.734226 0.730221 0.727449 0.724592 0.720293
  108     0.738699 0.736697 0.734122 0.729231 0.726547 0.723005 0.719380
  109     0.736512 0.735354 0.733023 0.731482 0.727849 0.722603 0.717273
  110     0.729350 0.727698 0.727481 0.725078 0.717667 0.715114 0.710561
  111     0.723141 0.721794 0.720623 0.718419 0.713215 0.708734 0.710129
  112     0.720485 0.718685 0.716581 0.713159 0.709504 0.706278 0.704583
  113     0.730144 0.728876 0.724623 0.720179 0.719337 0.714743 0.713197
  114     0.734205 0.737382 0.732676 0.727470 0.724141 0.722353 0.714612
  115     0.739700 0.737979 0.735539 0.732563 0.728812 0.725975 0.724213
  116     0.736503 0.737317 0.733708 0.730773 0.727041 0.722245 0.719687
  117     0.738000 0.735880 0.734881 0.730376 0.724925 0.720001 0.720319
  118     0.738033 0.737330 0.732285 0.730826 0.727669 0.721329 0.719859
  119     0.737514 0.735366 0.734289 0.728851 0.726386 0.724548 0.720086
  120     0.731180 0.731345 0.728731 0.723156 0.719166 0.719123 0.716839
  121     0.723689 0.722961 0.720390 0.715341 0.711700 0.712402 0.710013
  122     0.722267 0.720773 0.713989 0.713372 0.711613 0.708531 0.707443
  123     0.731074 0.730746 0.728471 0.726545 0.722275 0.717807 0.716987
  124     0.738026 0.735373 0.733863 0.728706 0.725587 0.724760 0.725583
  125     0.742272 0.736567 0.738902 0.733339 0.730829 0.725418 0.724891
  126     0.742134 0.739812 0.735846 0.733092 0.728111 0.728871 0.728777
  127     0.744066 0.736838 0.738953 0.731458 0.731073 0.727844 0.722155
  128     0.741710 0.740378 0.734661 0.736065 0.726399 0.726618 0.731776
  129     0.740486 0.740792 0.734904 0.732751 0.732100 0.727035 0.730277
  130     0.729490 0.726657 0.726748 0.727832 0.718729 0.719535 0.720753
  131     0.724484 0.722379 0.720138 0.717775 0.713843 0.711567 0.716204
  132     0.723100 0.720897 0.720053 0.712009 0.707136 0.704760 0.710266
  133     0.732899 0.725933 0.728641 0.721596 0.715992 0.711171 0.717224
  134     0.742088 0.734305 0.737306 0.726014 0.721874 0.723420 0.720917
  135     0.738790 0.742265 0.739021 0.732740 0.732930 0.732333 0.731265
  136     0.740882 0.736914 0.736864 0.730847 0.719889 0.731169 0.724879
  137     0.743912 0.739057 0.738355 0.732382 0.734218 0.730411 0.721904
  138     0.744796 0.738909 0.737111 0.732374 0.729747 0.728367 0.735543
  139     0.738467 0.740426 0.737934 0.734033 0.731307 0.728526 0.734109
  140     0.741077 0.731977 0.733861 0.730422 0.728834 0.720494 0.722744
  141     0.720559 0.722439 0.724362 0.717504 0.715265 0.716143 0.716377
  142     0.733265 0.714014 0.719979 0.716314 0.710176 0.702967 0.702169
  143     0.727353 0.724094 0.740827 0.702255 0.714417 0.703286 0.713914
  144     0.739514 0.731821 0.741433 0.739715 0.736311 0.729830 0.737390
  145     0.754035 0.748829 0.740214 0.740889 0.730017 0.731318 0.730000
  146     0.746708 0.735502 0.740824 0.740080 0.728188 0.727413 0.733584
  147     0.738624 0.741966 0.734798 0.737189 0.727395 0.726982 0.739326
  148     0.735891 0.740729 0.742224 0.733041 0.733807 0.733326 0.727173
  149     0.737215 0.740230 0.740442 0.732010 0.727976 0.731250 0.741929
  150     0.731872 0.736003 0.729973 0.729157 0.720912 0.718926 0.723407
  151     0.727312 0.722390 0.724235 0.720144 0.707946 0.712232 0.725534
  152     0.723586 0.716129 0.720156 0.711826 0.721174 0.711195 0.714183
  153     0.728521 0.735870 0.721745 0.722415 0.717005 0.717250 0.736064
  154     0.736323 0.729799 0.735667 0.726965 0.723195 0.714185 0.733757
  155     0.741639 0.740735 0.738797 0.739547 0.726512 0.723706 0.731327
  156     0.741599 0.743152 0.736397 0.730120 0.727702 0.730036 0.743231
  157     0.745014 0.745700 0.738794 0.734203 0.734117 0.727181 0.729548
  158     0.742133 0.734298 0.743957 0.739137 0.731582 0.730020 0.739155
  159     0.749054 0.740448 0.738102 0.733691 0.729885 0.723863 0.734208
  160    ********* 0.687474 0.736324 0.708572 0.727408 0.724203 0.727285
  161     0.729893 0.724145 0.723146 0.723389 0.712139 0.711444 0.723718
  162     0.719325 0.712030 0.715915 0.717233 0.699783 0.715865 0.721055
  163     0.726695 0.731649 0.723454 0.726191 0.729539 0.711936 0.728273
  164     0.749084 0.737551 0.740299 0.731306 0.724286 0.719360 0.711893
  165     0.739464 0.738885 0.744715 0.737360 0.731110 0.730315 0.724819
  166     0.749772 0.737631 0.744995 0.730086 0.725861 0.735365 0.721487
  167     0.744760 0.741726 0.740473 0.731647 0.730843 0.727409 0.725834
  168     0.740997 0.752351 0.734153 0.732038 0.731669 0.723693 0.725002
  169     0.740727 0.734089 0.745505 0.731714 0.729227 0.725978 0.733000
  170     0.743855 0.727330 0.729262 0.719194 0.725215 0.721316 0.716463
  171     0.731461 0.721838 0.724079 0.706790 0.720823 0.718626 0.713227
  172     0.715318 0.725432 0.721640 0.715266 0.719723 0.718458 0.730275
  173     0.739315 0.739186 0.728962 0.719916 0.729895 0.722577 0.725662
  174     0.744509 0.738430 0.742785 0.734538 0.737146 0.728758 0.739333
  175     0.740475 0.742203 0.744079 0.741184 0.731509 0.725139 0.742653
  176     0.741140 0.747708 0.740743 0.734497 0.732196 0.735650 0.736582
  177     0.744833 0.731022 0.747099 0.742875 0.732803 0.737652 0.723722
  178     0.746130 0.741375 0.750079 0.732808 0.733821 0.725147 0.736698
  179     0.744391 0.742032 0.751586 0.732064 0.739922 0.726944 0.733907
  180     0.735551 0.733701 0.732617 0.724130 0.722316 0.709474 0.726879
  181     0.729807 0.725957 0.723634 0.716268 0.701113 0.718053 0.722657
  182     0.718269 0.720178 0.716944 0.717577 0.704381 0.711923 0.723714
  183     0.725547 0.731694 0.726855 0.723915 0.731380 0.713110 0.731429
  184     0.746072 0.741997 0.732554 0.733858 0.736118 0.729641 0.731074
  185     0.745145 0.741309 0.747994 0.737390 0.731044 0.731666 0.737825
  186     0.749541 0.743322 0.738227 0.727510 0.728818 0.727417 0.754712
  187     0.738483 0.728767 0.747303 0.735958 0.731390 0.742906 0.730807
  188     0.742549 0.745374 0.743140 0.738442 0.732443 0.724756 0.740066
  189     0.745099 0.740383 0.739483 0.739177 0.735470 0.711345 0.739747
  190     0.745329 0.732785 0.734032 0.731847 0.725881 0.730413 0.725906
  191     0.732184 0.722703 0.722430 0.719853 0.720499 0.706581 0.746426
  192     0.714607 0.728373 0.716500 0.714452 0.730112 0.711873 0.717800
  193     0.749962 0.728863 0.739636 0.737084 0.720395 0.722631 0.737298
  194     0.740343 0.731205 0.735598 0.729833 0.719070 0.727615 0.740515
  195     0.732683 0.744529 0.736059 0.729424 0.735932 0.726791 0.738318
  196     0.743643 0.733137 0.737799 0.730323 0.726246 0.730665 0.739396
  197     0.738479 0.728133 0.738097 0.732793 0.731012 0.717112 0.745616
  198     0.732957 0.746202 0.735823 0.730673 0.724907 0.724127 0.742110
  199     0.735015 0.738027 0.728479 0.732888 0.728808 0.728438 0.733014
  200     0.732549 0.740633 0.741515 0.726419 0.725326 0.716575 0.729362
  201     0.733329 0.728162 0.739514 0.718807 0.720547 0.718304 0.729751
  202     0.735915 0.735249 0.740324 0.726099 0.729050 0.719249 0.729762
  203     0.743820 0.743429 0.726178 0.734020 0.733581 0.716671 0.721100
  204     0.742175 0.736962 0.728110 0.734374 0.727427 0.728692 0.732359
  205     0.737132 0.735037 0.737675 0.730839 0.729844 0.720418 0.729586
  206     0.742522 0.733945 0.733912 0.726718 0.732186 0.727025 0.730841
  207     0.743075 0.739317 0.737899 0.730374 0.732537 0.725695 0.734655
  208     0.742027 0.739115 0.742452 0.734143 0.727173 0.723071 0.728567
  209     0.739713 0.741176 0.740314 0.733928 0.727408 0.726631 0.729846
  210     0.737524 0.737399 0.734750 0.728653 0.724987 0.722966 0.722479
  211     0.735925 0.735651 0.734504 0.728112 0.723910 0.721237 0.720004
