   1.524  -0.110  18.850
   1.552  -0.117  19.383
   1.513  -0.120  19.917
   1.506  -0.097  20.467
   1.502  -0.121  21.000
   1.528  -0.081  21.533
   1.487  -0.083  22.083
   1.505  -0.117  22.617
   1.486  -0.098  23.150
   1.480  -0.097  23.683
   1.489  -0.102  24.233
   1.485  -0.074  24.767
   1.481  -0.078  25.300
   1.470  -0.097  25.850
   1.457  -0.094  26.383
   1.465  -0.113  26.917
   1.449  -0.091  27.467
   1.465  -0.109  28.000
   1.500  -0.067  28.533
   1.474  -0.090  29.067
   1.476  -0.103  29.617
   1.479  -0.086  29.783
   1.490  -0.098
