MRH 20150620
    23.68    70.18   116.65   163.16   209.61   256.08   302.57
    46.50    46.47    46.51    46.45    46.48    46.49    46.49
     0.84797239     0.57291448     0.37009114     0.22655651     0.12597708     0.06295228     0.02567466     0.00782691    -0.00132732    -0.00712029    -0.00672924    -0.00426242    -0.00377547    -0.00227797    -0.00210125    -0.00084102     0.00062027    -0.00108404
    -0.02043755    -0.03069991    -0.03610853    -0.04192495    -0.04401022    -0.04062912    -0.03412880    -0.02692547    -0.02073430    -0.01365590    -0.00765595    -0.00314864    -0.00229285     0.00033762     0.00131426     0.00153870     0.00050051    -0.00045732
     1.00000000     0.67621583     0.43838856     0.27152070     0.15734294     0.08834650     0.05034842     0.03342937     0.02472804     0.01843741     0.01291810     0.00778501     0.00638581     0.00438288     0.00376938     0.00348468     0.00341622     0.00332416
     0.83376539     0.54553956     0.33864903     0.19130257     0.10058659     0.04896158     0.01992626     0.00828527     0.00160319    -0.00169801    -0.00111749    -0.00145947    -0.00141098     0.00063481     0.00037014    -0.00028337     0.00070101    -0.00106024
     0.03934638     0.04461141     0.02993181     0.00964812    -0.00598404    -0.01809420    -0.01975429    -0.01785888    -0.01477289    -0.00961951    -0.00526385    -0.00392819    -0.00163062    -0.00027119    -0.00079788     0.00119599     0.00118334     0.00088715
     1.00000000     0.65577602     0.40735203     0.22944185     0.12094754     0.06271030     0.03407685     0.02459136     0.01820962     0.01280368     0.00794701     0.00570924     0.00511248     0.00381652     0.00384722     0.00371560     0.00314062     0.00368340
     0.82949799     0.51822293     0.29795748     0.15659377     0.07437435     0.03188083     0.01276410     0.00408066    -0.00021936    -0.00143993    -0.00237948    -0.00093529    -0.00061465     0.00004050     0.00207468     0.00256956     0.00159647     0.00060147
     0.08388559     0.09875224     0.07164086     0.03786194     0.00764492    -0.00963466    -0.01595215    -0.01487571    -0.01045980    -0.00693654    -0.00515460    -0.00211701    -0.00041443     0.00110831     0.00061995     0.00015214    -0.00090546    -0.00167977
     1.00000000     0.63413149     0.36971489     0.19539379     0.09150292     0.04110840     0.02563773     0.01983701     0.01348264     0.00987658     0.00772220     0.00394737     0.00268574     0.00390342     0.00428063     0.00466977     0.00435604     0.00321830
     0.82309479     0.50751430     0.28144854     0.13335641     0.05156185     0.01224420    -0.00393157    -0.00545840    -0.00641744    -0.00515067    -0.00409736    -0.00407607    -0.00153580    -0.00169152    -0.00032266     0.00279556     0.00199175     0.00132654
     0.03253363     0.03384748     0.01479524    -0.00136235    -0.01066653    -0.01576625    -0.01274394    -0.00901360    -0.00564057    -0.00060652     0.00084739     0.00218187     0.00284552     0.00216725     0.00122734     0.00254820     0.00171220     0.00256112
     1.00000000     0.61746663     0.34214565     0.16193892     0.06410115     0.02442523     0.01689179     0.01357285     0.01078012     0.00710080     0.00702668     0.00618665     0.00510650     0.00474822     0.00370999     0.00533764     0.00446663     0.00484122
     0.81726229     0.48270956     0.24930003     0.10941224     0.03593728     0.00738775    -0.00177497    -0.00198343    -0.00223932    -0.00205287    -0.00178649    -0.00384426    -0.00158634    -0.00387114    -0.00190945    -0.00241556    -0.00172201    -0.00363267
     0.08485597     0.09215837     0.06047848     0.02319102    -0.00075837    -0.01322543    -0.01385755    -0.01042744    -0.00411964    -0.00179203    -0.00044015     0.00000946    -0.00133306    -0.00175980    -0.00157826     0.00041827    -0.00098987    -0.00222597
     1.00000000     0.59820259     0.31221059     0.13633682     0.04396258     0.01912331     0.01729479     0.01326888     0.00712958     0.00489977     0.00471709     0.00581627     0.00442988     0.00620317     0.00498970     0.00431429     0.00330834     0.00594232
     0.81286985     0.46594992     0.22410636     0.08785010     0.01871923    -0.00559522    -0.01104617    -0.00900665    -0.00418887    -0.00234520     0.00301605     0.00083564     0.00086603    -0.00340050    -0.00394229    -0.00845943    -0.00837609    -0.00567022
     0.02649978     0.01916081     0.00358937    -0.00284655    -0.00911535    -0.00879404    -0.01126985    -0.00765418    -0.00663780    -0.00041636     0.00276076     0.00054359    -0.00358079    -0.00634662    -0.00402878    -0.00253958     0.00014627    -0.00022875
     1.00000000     0.57334226     0.27550587     0.11032941     0.02793527     0.02013852     0.02386745     0.01564362     0.01125116     0.00964299     0.00748150     0.00579734     0.01038125     0.01054697     0.00852646     0.01228255     0.01271932     0.00914611
     0.81558436     0.45040077     0.20348814     0.06782089     0.00543647    -0.01134821    -0.00982858    -0.00441623    -0.00026957     0.00070130    -0.00087430    -0.00167371    -0.00260769    -0.00558322    -0.00447915    -0.00598171    -0.00575447    -0.00545397
     0.07692720     0.07768785     0.04592556     0.01609333    -0.00413564    -0.01109396    -0.01108896    -0.00687920    -0.00581938    -0.00187559    -0.00049950     0.00129770     0.00063396     0.00138401     0.00062635     0.00085931    -0.00089936    -0.00319415
     1.00000000     0.55792373     0.25473017     0.08529288     0.00986958     0.02029174     0.01913625     0.01095323     0.00805009     0.00488406     0.00406159     0.00409828     0.00494028     0.00782610     0.00666553     0.00899074     0.00935731     0.00997988
   1.490  -0.098  400    2    0    0    0  0.000 18.000
