                 MRH
   20    6 2015
      18.25       NaN       NaN       NaN       NaN    982.38     35.40    630.0   1800
      18.75     -9.24     10.59       NaN       NaN    882.13     39.44    630.0   1800
      19.25     11.29      6.84       NaN       NaN    805.37     21.16    630.0   1800
      19.75     65.83      9.85       NaN       NaN    765.39     20.71    630.0   1800
      20.25     76.17     10.98       NaN       NaN    813.47     26.55    630.0   1800
      20.75    119.47      9.90       NaN       NaN    789.54     24.46    630.0   1800
      21.25    129.27      9.35       NaN       NaN    827.25     26.41    630.0   1800
      21.75    118.57     11.06       NaN       NaN    758.69     30.12    630.0   1800
      22.25    102.16     16.50       NaN       NaN    778.61     39.74    630.0   1800
      22.75     82.72     18.30       NaN       NaN    796.04     38.31    630.0   1800
      23.25    124.29      8.49       NaN       NaN    777.81     22.41    630.0   1800
      23.75    116.62     10.31       NaN       NaN    752.57     26.18    630.0   1800
      24.25       NaN       NaN       NaN       NaN    770.88     57.19    630.0   1800
      24.75     96.40     13.81       NaN       NaN    782.05     45.38    630.0   1800
      25.25     96.16     13.48       NaN       NaN    739.36     45.82    630.0   1800
      25.75     88.50     16.69       NaN       NaN    729.02     56.92    630.0   1800
      26.25     50.43     20.13       NaN       NaN    741.87     63.14    630.0   1800
      26.75     55.10     25.86       NaN       NaN    709.11     78.68    630.0   1800
      27.25     68.24     42.64       NaN       NaN    661.63    114.88    630.0   1800
      27.75     64.91     49.94       NaN       NaN    663.08    142.23    630.0   1800
      28.25     75.63     73.47       NaN       NaN    535.16    165.65    630.0   1800
      28.75     70.56    105.08       NaN       NaN    382.28    189.75    630.0   1800
      29.25     72.38     99.36       NaN       NaN    503.70    219.42    630.0   1800
