                 MRH
   20    6 2015
    18.4853        NaN        NaN        NaN        NaN     982.38      35.40  102.5   -0.0  630.0  180.0
    19.0235        NaN        NaN        NaN        NaN     874.57      36.37  102.5   -0.0  630.0  180.0
    19.5618        NaN        NaN        NaN        NaN     789.12      25.01  102.5   -0.0  630.0  180.0
    20.1001        NaN        NaN        NaN        NaN     822.29      35.66  102.5   -0.0  630.0  180.0
    20.6385        NaN        NaN        NaN        NaN     755.69      32.78  102.5   -0.0  630.0  180.0
    21.1768        NaN        NaN        NaN        NaN     795.60      39.36  102.5   -0.0  630.0  180.0
    21.7151        NaN        NaN        NaN        NaN     763.56      46.30  102.5   -0.0  630.0  180.0
    22.2535        NaN        NaN        NaN        NaN     753.80      51.69  102.5   -0.0  630.0  180.0
    22.7921        NaN        NaN        NaN        NaN     813.38      39.09  102.5   -0.0  630.0  180.0
    23.3305        NaN        NaN        NaN        NaN     744.96      32.47  102.5   -0.0  630.0  180.0
    23.8687        NaN        NaN        NaN        NaN     725.05      37.52  102.5   -0.0  630.0  180.0
    24.4069        NaN        NaN        NaN        NaN     770.88      57.19  102.5   -0.0  630.0  180.0
    24.9455        NaN        NaN        NaN        NaN     763.45      75.51  102.5   -0.0  630.0  180.0
    25.4837        NaN        NaN        NaN        NaN     723.48      78.68  102.5   -0.0  630.0  180.0
    26.0220        NaN        NaN        NaN        NaN     774.93     106.71  102.5   -0.0  630.0  180.0
    26.5603        NaN        NaN        NaN        NaN     718.20     131.35  102.5   -0.0  630.0  180.0
    27.0986        NaN        NaN        NaN        NaN     613.12     178.08  102.5   -0.0  630.0  180.0
    27.6369        NaN        NaN        NaN        NaN     615.51     228.25  102.5   -0.0  630.0  180.0
    28.1752        NaN        NaN        NaN        NaN     438.05     234.09  102.5   -0.0  630.0  180.0
    28.7135        NaN        NaN        NaN        NaN     379.93     266.92  102.5   -0.0  630.0  180.0
    29.2519        NaN        NaN        NaN        NaN     646.47     359.31  102.5   -0.0  630.0  180.0
    18.5905      -9.24      10.59        NaN        NaN     882.13      39.44   89.9  -45.0  630.0  180.0
    19.1287      11.29       6.84        NaN        NaN     736.16      21.63   89.9  -45.0  630.0  180.0
    19.6670      65.83       9.85        NaN        NaN     741.67      33.03   89.9  -45.0  630.0  180.0
    20.2054      76.17      10.98        NaN        NaN     804.65      39.35   89.9  -45.0  630.0  180.0
    20.7437     119.47       9.90        NaN        NaN     823.39      36.32   89.9  -45.0  630.0  180.0
    21.2820     129.27       9.35        NaN        NaN     858.89      35.23   89.9  -45.0  630.0  180.0
    21.8204     118.57      11.06        NaN        NaN     753.82      38.53   89.9  -45.0  630.0  180.0
    22.3588     102.16      16.50        NaN        NaN     803.41      60.38   89.9  -45.0  630.0  180.0
    22.8972      82.72      18.30        NaN        NaN     778.71      65.91   89.9  -45.0  630.0  180.0
    23.4355     124.29       8.49        NaN        NaN     810.66      30.89   89.9  -45.0  630.0  180.0
    23.9739     116.62      10.31        NaN        NaN     780.09      36.51   89.9  -45.0  630.0  180.0
    24.5122      96.40      13.81        NaN        NaN     800.65      50.34   89.9  -45.0  630.0  180.0
    25.0506      96.16      13.48        NaN        NaN     755.24      46.99   89.9  -45.0  630.0  180.0
    25.5890      88.50      16.69        NaN        NaN     729.02      56.92   89.9  -45.0  630.0  180.0
    26.1273      50.43      20.13        NaN        NaN     708.80      67.52   89.9  -45.0  630.0  180.0
    26.6656      55.10      25.86        NaN        NaN     700.02      86.66   89.9  -45.0  630.0  180.0
    27.2039      68.24      42.64        NaN        NaN     710.13     145.18   89.9  -45.0  630.0  180.0
    27.7421      64.91      49.94        NaN        NaN     710.64     169.77   89.9  -45.0  630.0  180.0
    28.2805      75.63      73.47        NaN        NaN     632.28     234.43   89.9  -45.0  630.0  180.0
    28.8188      70.56     105.08        NaN        NaN     384.62     269.78   89.9  -45.0  630.0  180.0
    29.3571      72.38      99.36        NaN        NaN     360.94     251.93   89.9  -45.0  630.0  180.0
