                 MRH
   20    6 2015
    18.4853       2.96       6.25     982.38      35.40    1080.98      16.20  102.5   -0.0  630.0  180.0
    19.0235      -2.20       7.03     874.57      36.37     587.48       9.46  102.5   -0.0  630.0  180.0
    19.5618     -11.67       5.26     789.12      25.01     685.50       7.72  102.5   -0.0  630.0  180.0
    20.1001      -6.25       7.09     822.29      35.66     679.40      11.13  102.5   -0.0  630.0  180.0
    20.6385      -9.47       6.82     755.69      32.78     798.70      12.51  102.5   -0.0  630.0  180.0
    21.1768      -6.60       7.89     795.60      39.36     764.84      14.22  102.5   -0.0  630.0  180.0
    21.7151     -14.48       9.44     763.56      46.30     703.16      15.78  102.5   -0.0  630.0  180.0
    22.2535     -24.97      10.50     753.80      51.69     682.93      17.20  102.5   -0.0  630.0  180.0
    22.7921      -0.76       7.69     813.38      39.09     860.53      15.78  102.5   -0.0  630.0  180.0
    23.3305       5.86       6.82     744.96      32.47     752.18      11.85  102.5   -0.0  630.0  180.0
    23.8687      -1.97       7.96     725.05      37.52     620.30      11.36  102.5   -0.0  630.0  180.0
    24.4069       1.03      11.56     770.88      57.19     531.49      14.75  102.5   -0.0  630.0  180.0
    24.9455       0.39      15.28     763.45      75.51     385.01      14.31  102.5   -0.0  630.0  180.0
    25.4837      -4.97      16.46     723.48      78.68     384.10      15.18  102.5   -0.0  630.0  180.0
    26.0220      -0.03      21.34     774.93     106.71     315.79      16.53  102.5   -0.0  630.0  180.0
    26.5603     -12.53      26.77     718.20     131.35     234.24      15.50  102.5   -0.0  630.0  180.0
    27.0986       2.98      41.02     613.12     178.08     156.56      15.28  102.5   -0.0  630.0  180.0
    27.6369      -0.07      50.40     615.51     228.25     124.56      15.47  102.5   -0.0  630.0  180.0
    28.1752     -31.26      59.53     438.05     234.09      97.35      14.30  102.5   -0.0  630.0  180.0
    28.7135      -5.01      73.87     379.93     266.92      81.78      14.41  102.5   -0.0  630.0  180.0
    29.2519      -5.81      80.11     646.47     359.31      95.38      18.42  102.5   -0.0  630.0  180.0
    18.3799      16.91       8.30     866.49      43.49     889.24      17.64   12.8  -50.2  630.0  180.0
    18.8653      13.06       4.84     789.36      22.11     512.64       4.82   12.8  -50.2  630.0  180.0
    19.4036      16.31       3.85     756.79      16.68     729.65       5.32   12.8  -50.2  630.0  180.0
    19.9419       9.61       6.95     812.47      34.88     883.41      14.23   12.8  -50.2  630.0  180.0
    20.4802      26.20       5.12     845.32      26.05    1307.49      15.32   12.8  -50.2  630.0  180.0
    21.0186       2.30       5.77     825.01      29.23    1195.99      16.17   12.8  -50.2  630.0  180.0
    21.5569     -30.57      13.15     753.47      64.90     632.46      20.12   12.8  -50.2  630.0  180.0
    22.0953     -60.94      16.89     771.04      85.81     526.59      22.06   12.8  -50.2  630.0  180.0
    22.6337     -61.05      19.17     815.28     102.06     513.67      25.02   12.8  -50.2  630.0  180.0
    23.1721     -17.59      10.45     752.51      51.38     698.52      17.63   12.8  -50.2  630.0  180.0
    23.7104     -36.26       9.01     763.90      44.54     656.31      14.22   12.8  -50.2  630.0  180.0
    24.2487     -25.26       8.99     746.29      43.61     637.25      13.50   12.8  -50.2  630.0  180.0
    24.7870     -20.29      10.56     829.58      55.15     622.58      16.11   12.8  -50.2  630.0  180.0
    25.3254     -34.59      11.96     820.64      62.63     554.04      16.32   12.8  -50.2  630.0  180.0
    25.8638     -30.63      12.44     765.16      61.65     498.13      14.92   12.8  -50.2  630.0  180.0
    26.4021     -12.67      15.74     761.74      78.23     411.77      15.66   12.8  -50.2  630.0  180.0
    26.9404       7.90      19.90     644.41      88.67     305.64      14.45   12.8  -50.2  630.0  180.0
    27.4787     -17.07      29.62     716.99     141.23     253.64      18.17   12.8  -50.2  630.0  180.0
    28.0170       3.66      33.50     592.87     143.18     203.73      16.06   12.8  -50.2  630.0  180.0
    28.5552     -10.91      49.28     669.98     231.09     149.48      18.09   12.8  -50.2  630.0  180.0
    29.0937     -16.59      67.41     413.81     251.76      83.30      13.40   12.8  -50.2  630.0  180.0
    29.6319     -28.05      22.30     686.82     104.16     415.13      22.22   12.8  -50.2  630.0  180.0
    18.4327      11.19       7.38     944.04      40.76     872.23      15.42  102.5   50.2  630.0  180.0
    18.9710      18.49       6.79     694.94      29.63     402.79       5.76  102.5   50.2  630.0  180.0
    19.5093      15.55       6.23     848.67      31.26     612.98       8.48  102.5   50.2  630.0  180.0
    20.0476      48.17       6.70     813.93      32.93     696.28      10.50  102.5   50.2  630.0  180.0
    20.5859      53.23       7.02     776.19      33.79     806.99      12.92  102.5   50.2  630.0  180.0
    21.1242      57.93       8.39     840.90      42.86     807.17      15.95  102.5   50.2  630.0  180.0
    21.6626      15.86      11.43     729.80      54.34     564.89      15.32  102.5   50.2  630.0  180.0
    22.2010      -0.61      10.69     774.62      52.99     586.41      14.96  102.5   50.2  630.0  180.0
    22.7394      77.94       6.49     761.94      30.98     911.23      13.48  102.5   50.2  630.0  180.0
    23.2778      85.73       6.92     739.73      32.22     731.04      11.31  102.5   50.2  630.0  180.0
    23.8161      74.65       8.17     714.34      37.53     620.14      11.48  102.5   50.2  630.0  180.0
    24.3544      65.66      11.12     711.80      51.65     484.93      12.51  102.5   50.2  630.0  180.0
    24.8927      42.20      16.31     743.24      78.41     335.99      12.93  102.5   50.2  630.0  180.0
    25.4312      40.16      18.47     849.87      96.96     359.42      16.26  102.5   50.2  630.0  180.0
    25.9695      34.20      21.56     708.78     101.23     301.11      15.33  102.5   50.2  630.0  180.0
    26.5078      26.57      26.74     791.38     134.60     247.10      16.06  102.5   50.2  630.0  180.0
    27.0462      -3.42      35.71     774.22     180.24     179.76      15.80  102.5   50.2  630.0  180.0
    27.5843      45.87      43.80     630.60     192.81     159.95      16.55  102.5   50.2  630.0  180.0
    28.1227     -11.25      58.21     519.25     236.40     118.01      16.45  102.5   50.2  630.0  180.0
    28.6610      -8.41      70.10     423.34     287.08      72.14      12.61  102.5   50.2  630.0  180.0
    29.1993     -35.56      52.08     611.98     245.06     141.59      18.66  102.5   50.2  630.0  180.0
    29.7377     -28.83       6.90     653.67      30.97    2413.97      39.13  102.5   50.2  630.0  180.0
    18.5380       4.04       8.24    1007.40      48.04     869.10      17.64   45.0  -45.0  630.0  180.0
    19.0762       2.86       6.03     821.75      29.53     597.39       7.93   45.0  -45.0  630.0  180.0
    19.6145      -7.21       6.17     858.90      31.66     817.70      11.58   45.0  -45.0  630.0  180.0
    20.1528     -12.66       6.21     800.74      30.82     978.50      14.10   45.0  -45.0  630.0  180.0
    20.6912     -33.60       5.15     838.87      26.26    1221.29      14.58   45.0  -45.0  630.0  180.0
    21.2295     -42.68       6.30     798.34      31.64    1068.60      15.86   45.0  -45.0  630.0  180.0
    21.7678     -65.10      14.46     786.14      74.00     633.36      22.86   45.0  -45.0  630.0  180.0
    22.3062     -73.49      17.09     723.84      83.49     560.70      23.62   45.0  -45.0  630.0  180.0
    22.8447     -50.12      15.43     724.35      75.08     605.48      22.86   45.0  -45.0  630.0  180.0
    23.3830     -54.87       9.22     767.04      45.79     792.59      17.75   45.0  -45.0  630.0  180.0
    23.9215     -71.95       8.82     815.08      45.90     712.53      15.43   45.0  -45.0  630.0  180.0
    24.4596     -39.04      10.67     705.88      50.33     640.28      16.23   45.0  -45.0  630.0  180.0
    24.9980     -54.82      10.40     795.13      53.14     612.47      15.52   45.0  -45.0  630.0  180.0
    25.5364     -58.83      14.04     721.78      67.69     471.48      15.91   45.0  -45.0  630.0  180.0
    26.0748     -28.75      13.77     727.39      66.07     506.31      16.68   45.0  -45.0  630.0  180.0
    26.6130      -8.96      16.70     752.95      82.11     398.94      16.12   45.0  -45.0  630.0  180.0
    27.1513     -10.99      24.49     730.47     118.64     296.68      17.76   45.0  -45.0  630.0  180.0
    27.6896      -4.77      33.16     662.74     152.31     199.18      15.80   45.0  -45.0  630.0  180.0
    28.2279     -24.40      39.52     599.69     171.56     174.95      16.73   45.0  -45.0  630.0  180.0
    28.7662     -40.78      58.87     423.21     219.50     109.72      15.73   45.0  -45.0  630.0  180.0
    29.3046     -54.38      64.61     494.89     253.40      88.87      13.46   45.0  -45.0  630.0  180.0
    18.5905       6.54       7.49     882.13      39.44     787.51      13.88   89.9  -45.0  630.0  180.0
    19.1287      -7.98       4.84     736.16      21.63     623.67       6.18   89.9  -45.0  630.0  180.0
    19.6670     -46.55       6.96     741.67      33.03     714.77      11.35   89.9  -45.0  630.0  180.0
    20.2054     -53.86       7.77     804.65      39.35     801.94      14.86   89.9  -45.0  630.0  180.0
    20.7437     -84.48       7.00     823.39      36.32     942.75      15.91   89.9  -45.0  630.0  180.0
    21.2820     -91.41       6.61     858.89      35.23     996.95      16.10   89.9  -45.0  630.0  180.0
    21.8204     -83.84       7.82     753.82      38.53     929.89      17.52   89.9  -45.0  630.0  180.0
    22.3588     -72.24      11.67     803.41      60.38     762.20      22.04   89.9  -45.0  630.0  180.0
    22.8972     -58.49      12.94     778.71      65.91     703.44      22.59   89.9  -45.0  630.0  180.0
    23.4355     -87.88       6.00     810.66      30.89    1062.86      15.34   89.9  -45.0  630.0  180.0
    23.9739     -82.47       7.29     780.09      36.51     854.28      14.90   89.9  -45.0  630.0  180.0
    24.5122     -68.16       9.77     800.65      50.34     682.72      16.49   89.9  -45.0  630.0  180.0
    25.0506     -68.00       9.53     755.24      46.99     626.29      14.47   89.9  -45.0  630.0  180.0
    25.5890     -62.58      11.80     729.02      56.92     551.02      15.67   89.9  -45.0  630.0  180.0
    26.1273     -35.66      14.23     708.80      67.52     479.56      16.33   89.9  -45.0  630.0  180.0
    26.6656     -38.96      18.28     700.02      86.66     335.30      14.72   89.9  -45.0  630.0  180.0
    27.2039     -48.25      30.15     710.13     145.18     250.89      18.40   89.9  -45.0  630.0  180.0
    27.7421     -45.90      35.31     710.64     169.77     208.20      17.99   89.9  -45.0  630.0  180.0
    28.2805     -53.48      51.95     632.28     234.43     137.93      17.29   89.9  -45.0  630.0  180.0
    28.8188     -49.89      74.30     384.62     269.78      84.58      15.01   89.9  -45.0  630.0  180.0
    29.3571     -51.18      70.26     360.94     251.93      89.27      15.11   89.9  -45.0  630.0  180.0
    18.6430       7.30       8.79     853.67      45.41     620.64      12.88  134.9  -45.0  630.0  180.0
    18.6953      10.36       6.18     914.54      32.67     677.10       9.48  134.9  -45.0  630.0  180.0
    18.7475       2.32       5.62     826.42      27.35     572.47       6.87  134.9  -45.0  630.0  180.0
    18.7997      12.50       6.82     833.76      33.80     525.02       8.02  134.9  -45.0  630.0  180.0
    19.1813     -24.37       4.60     696.53      19.92     631.57       5.92  134.9  -45.0  630.0  180.0
    19.2335     -26.03       4.51     704.17      19.40     633.96       5.74  134.9  -45.0  630.0  180.0
    19.2857     -34.20       4.50     693.75      19.33     616.48       5.56  134.9  -45.0  630.0  180.0
    19.3380     -41.66       4.61     773.08      21.38     681.30       6.48  134.9  -45.0  630.0  180.0
    19.7196     -56.17       7.46     830.14      38.19     649.79      11.42  134.9  -45.0  630.0  180.0
    19.7718     -61.87       6.75     821.03      34.21     667.11      10.54  134.9  -45.0  630.0  180.0
    19.8240     -66.19       6.51     786.15      31.99     672.92      10.03  134.9  -45.0  630.0  180.0
    19.8763     -48.93       8.06     785.51      40.05     669.65      12.67  134.9  -45.0  630.0  180.0
    20.2579     -44.16      11.60     790.56      58.52     589.40      16.43  134.9  -45.0  630.0  180.0
    20.3102     -34.96      11.74     814.96      60.53     589.54      16.91  134.9  -45.0  630.0  180.0
    20.3624     -37.75      11.07     834.62      57.85     629.64      16.95  134.9  -45.0  630.0  180.0
    20.4146     -33.26      10.53     776.15      52.36     639.34      16.12  134.9  -45.0  630.0  180.0
    20.7962     -54.79       9.96     819.19      51.86     669.73      16.34  134.9  -45.0  630.0  180.0
    20.8485     -75.61       9.13     811.92      46.96     693.68      15.41  134.9  -45.0  630.0  180.0
    20.9007     -85.36       8.24     723.68      39.27     677.26      13.11  134.9  -45.0  630.0  180.0
    20.9529     -93.94       8.38     781.46      42.13     700.11      14.07  134.9  -45.0  630.0  180.0
    21.3346     -89.91       7.74     825.24      40.38     822.97      15.56  134.9  -45.0  630.0  180.0
    21.3868     -81.36       6.78     759.28      33.13     834.67      13.35  134.9  -45.0  630.0  180.0
    21.4390     -87.19       6.39     734.79      30.54     824.25      12.21  134.9  -45.0  630.0  180.0
    21.4913     -82.55       6.71     808.72      34.36     916.52      14.80  134.9  -45.0  630.0  180.0
    21.8729     -80.89       5.61     749.82      27.16     962.45      12.58  134.9  -45.0  630.0  180.0
    21.9252     -86.90       5.71     734.25      27.13     960.56      12.63  134.9  -45.0  630.0  180.0
    21.9774     -87.89       5.68     724.53      26.84     937.13      12.26  134.9  -45.0  630.0  180.0
    22.0296     -89.73       5.86     776.91      29.02     975.29      13.32  134.9  -45.0  630.0  180.0
    22.4114     -74.17       6.93     757.51      34.05     921.00      15.14  134.9  -45.0  630.0  180.0
    22.4636     -63.12       6.73     771.68      33.48     931.72      14.98  134.9  -45.0  630.0  180.0
    22.5158     -58.42       8.33     768.71      41.32     829.02      16.68  134.9  -45.0  630.0  180.0
    22.5681     -46.34       8.61     788.27      43.49     798.25      16.62  134.9  -45.0  630.0  180.0
    22.9499     -43.50       7.57     755.05      36.97     898.07      16.12  134.9  -45.0  630.0  180.0
    23.0020     -52.14       6.76     816.03      34.86     997.52      16.28  134.9  -45.0  630.0  180.0
    23.0542     -50.52       6.61     775.40      32.83     998.11      15.68  134.9  -45.0  630.0  180.0
    23.1064     -60.38       6.05     775.19      30.01    1018.43      14.54  134.9  -45.0  630.0  180.0
    23.4881     -63.31       4.97     759.63      24.04    1151.65      13.14  134.9  -45.0  630.0  180.0
    23.5403     -61.98       5.03     782.79      24.88    1182.41      13.81  134.9  -45.0  630.0  180.0
    23.5926     -57.58       5.52     834.80      28.64    1144.96      15.08  134.9  -45.0  630.0  180.0
    23.6448     -51.05       5.69     807.68      28.83    1083.69      14.52  134.9  -45.0  630.0  180.0
    24.0265     -51.09       7.85     798.32      39.82     800.53      15.14  134.9  -45.0  630.0  180.0
    24.0787     -50.61       7.21     785.08      36.11     841.83      14.47  134.9  -45.0  630.0  180.0
    24.1309     -55.63       6.96     807.77      35.55     858.82      14.38  134.9  -45.0  630.0  180.0
    24.1831     -52.59       6.97     768.43      34.29     826.54      13.63  134.9  -45.0  630.0  180.0
    24.5647     -55.06      11.65     744.16      57.04     561.60      15.78  134.9  -45.0  630.0  180.0
    24.6171     -48.63      10.50     802.25      53.78     597.87      15.23  134.9  -45.0  630.0  180.0
    24.6693     -49.40       9.85     780.13      49.47     607.81      14.44  134.9  -45.0  630.0  180.0
    24.7216     -50.55      11.11     794.80      56.86     576.91      15.64  134.9  -45.0  630.0  180.0
    25.1031     -55.26      11.26     801.68      57.99     555.13      15.35  134.9  -45.0  630.0  180.0
    25.1553     -42.59      12.75     772.45      64.02     513.37      15.88  134.9  -45.0  630.0  180.0
    25.2076     -41.48      11.11     827.10      58.23     569.30      15.43  134.9  -45.0  630.0  180.0
    25.2598     -43.96      10.55     798.65      54.06     576.65      14.92  134.9  -45.0  630.0  180.0
    25.6414     -26.22      13.47     720.96      64.12     498.45      16.04  134.9  -45.0  630.0  180.0
    25.6937     -26.63      13.80     679.65      63.53     480.13      15.75  134.9  -45.0  630.0  180.0
    25.7459     -35.35      11.19     745.46      54.56     510.90      13.63  134.9  -45.0  630.0  180.0
    25.7981     -33.69      14.49     787.88      73.39     461.16      16.32  134.9  -45.0  630.0  180.0
    26.1798     -25.98      16.74     712.14      79.61     406.16      16.38  134.9  -45.0  630.0  180.0
    26.2320     -33.55      15.67     747.93      77.05     397.57      15.06  134.9  -45.0  630.0  180.0
    26.2842     -27.78      16.04     789.84      82.00     396.20      15.66  134.9  -45.0  630.0  180.0
    26.3364     -39.18      15.49     765.37      77.48     389.45      14.71  134.9  -45.0  630.0  180.0
    26.7181     -44.97      21.18     725.11     102.96     274.97      14.23  134.9  -45.0  630.0  180.0
    26.7703     -29.03      22.09     719.25     105.74     267.64      14.24  134.9  -45.0  630.0  180.0
    26.8226     -48.04      25.04     735.11     122.28     246.12      15.04  134.9  -45.0  630.0  180.0
    26.8748     -11.89      29.58     657.39     135.60     210.32      14.76  134.9  -45.0  630.0  180.0
    27.2566     -41.85      33.41     738.01     166.47     226.22      18.69  134.9  -45.0  630.0  180.0
    27.3087     -42.71      38.64     701.60     187.88     196.44      18.72  134.9  -45.0  630.0  180.0
    27.3609     -20.12      36.93     583.46     159.80     163.74      14.42  134.9  -45.0  630.0  180.0
    27.4131     -24.22      34.68     682.31     161.86     207.90      17.51  134.9  -45.0  630.0  180.0
    27.7947     -12.90      44.32     585.35     191.81     148.90      15.99  134.9  -45.0  630.0  180.0
    27.8469     -35.27      45.75     696.95     219.34     159.97      17.99  134.9  -45.0  630.0  180.0
    27.8991     -68.00      45.69     714.90     226.98     161.19      18.58  134.9  -45.0  630.0  180.0
    27.9513     -11.39      48.45     552.62     203.96     129.27      14.93  134.9  -45.0  630.0  180.0
    28.3330     -23.92      55.55     673.96     261.66     130.95      18.22  134.9  -45.0  630.0  180.0
    28.3852     -18.44      63.60     580.47     273.86     112.87      17.60  134.9  -45.0  630.0  180.0
    28.4374     -26.04      62.10     547.97     264.27      99.80      15.03  134.9  -45.0  630.0  180.0
    28.4897     -47.72      59.45     488.32     234.47     102.81      14.40  134.9  -45.0  630.0  180.0
    28.8713       0.50      70.28     568.43     330.31      83.85      12.86  134.9  -45.0  630.0  180.0
    28.9235     -39.81      76.18     563.94     321.67      96.66      17.42  134.9  -45.0  630.0  180.0
    28.9758     -54.91      79.09     346.48     266.36      76.44      13.98  134.9  -45.0  630.0  180.0
    29.0280     -31.61      75.49     424.58     282.78      85.60      15.33  134.9  -45.0  630.0  180.0
    29.4097     -34.29      58.58     658.05     273.84     130.22      19.01  134.9  -45.0  630.0  180.0
    29.4619     -37.63      51.56     533.92     218.80     137.20      17.23  134.9  -45.0  630.0  180.0
    29.5141     -31.28      33.95     719.65     166.12     208.19      17.52  134.9  -45.0  630.0  180.0
    29.5664     -37.78      34.22     649.92     154.92     233.72      19.21  134.9  -45.0  630.0  180.0
    18.9184      18.78       6.78     835.79      33.55     541.55       8.10  147.5   39.9  630.0  180.0
    19.4567      25.36       4.68     827.48      22.54     760.02       7.50  147.5   39.9  630.0  180.0
    19.9951      52.79       6.49     735.52      29.93     761.13      10.97  147.5   39.9  630.0  180.0
    20.5334      54.44       5.77     785.15      27.81     989.85      12.90  147.5   39.9  630.0  180.0
    21.0717      31.74       6.92     796.60      34.14     946.93      15.24  147.5   39.9  630.0  180.0
    21.6100       0.58      13.28     794.95      67.09     604.64      19.49  147.5   39.9  630.0  180.0
    22.1484     -50.87      16.81     906.42      95.48     506.50      21.93  147.5   39.9  630.0  180.0
    22.6869      48.66       6.92     775.20      33.60     888.25      14.24  147.5   39.9  630.0  180.0
    23.2252      33.08       7.54     735.24      35.48     709.48      12.20  147.5   39.9  630.0  180.0
    23.7636      31.91       8.83     713.27      40.97     573.33      11.56  147.5   39.9  630.0  180.0
    24.3019      26.14      11.53     789.16      57.91     530.21      14.62  147.5   39.9  630.0  180.0
    24.8402      26.63      14.14     805.68      71.77     442.24      15.08  147.5   39.9  630.0  180.0
    25.3786      17.94      15.30     788.80      76.85     412.67      15.22  147.5   39.9  630.0  180.0
    25.9170      11.83      18.45     773.30      91.44     357.66      15.91  147.5   39.9  630.0  180.0
    26.4552       8.65      20.68     815.04     106.88     317.79      16.11  147.5   39.9  630.0  180.0
    26.9936       8.06      26.46     679.78     123.19     220.71      13.97  147.5   39.9  630.0  180.0
    27.5318      10.30      39.68     737.80     195.93     190.22      18.82  147.5   39.9  630.0  180.0
    28.0701     -15.71      46.75     497.12     185.07     132.54      14.31  147.5   39.9  630.0  180.0
    28.6084       4.34      59.12     536.87     246.15     112.33      16.23  147.5   39.9  630.0  180.0
    29.1468     -13.22      63.12     414.22     238.97      94.75      14.47  147.5   39.9  630.0  180.0
    29.6851     -15.50      10.38     689.82      48.27    1050.74      25.84  147.5   39.9  630.0  180.0
