  Image    fringe1  fringe2  fringe3  fringe4  fringe5  fringe6  fringe7
-----------------------------------------------------------------------------
    1     0.716574 0.712991 0.714209 0.705832 0.704019 0.700763 0.701326
    2     0.716339 0.716018 0.714339 0.708935 0.705684 0.702305 0.698191
    3     0.719770 0.718282 0.714554 0.707120 0.707043 0.701840 0.701609
    4     0.719949 0.715264 0.713394 0.708065 0.705960 0.701693 0.705148
    5     0.717450 0.714828 0.714522 0.708410 0.708428 0.701722 0.700843
    6     0.716899 0.716803 0.715184 0.710951 0.704916 0.700950 0.700526
    7     0.715247 0.715028 0.713410 0.707658 0.706773 0.703514 0.701476
    8     0.719085 0.718780 0.716172 0.711369 0.704917 0.702058 0.698481
    9     0.719827 0.717060 0.713985 0.711138 0.704268 0.700594 0.693199
   10     0.714437 0.714538 0.717193 0.710105 0.709756 0.698246 0.698112
   11     0.719382 0.714865 0.711553 0.707233 0.704914 0.697467 0.698542
   12     0.717392 0.714467 0.709155 0.708366 0.706995 0.702851 0.697565
   13     0.717636 0.720756 0.713018 0.711224 0.711589 0.704260 0.702218
   14     0.718560 0.719731 0.715137 0.711450 0.706777 0.703650 0.700042
   15     0.721772 0.722943 0.720899 0.709085 0.709087 0.703448 0.698741
   16     0.726690 0.723721 0.718280 0.716161 0.711012 0.707653 0.703242
   17     0.726481 0.725616 0.722743 0.715558 0.713537 0.702851 0.703122
   18     0.725169 0.723453 0.725048 0.717721 0.715028 0.711153 0.703907
   19     0.727117 0.725812 0.723516 0.718483 0.713534 0.711642 0.710116
   20     0.720685 0.716151 0.716888 0.709621 0.703799 0.701542 0.700878
   21     0.717267 0.714699 0.713202 0.707712 0.704512 0.701767 0.700455
   22     0.718195 0.717476 0.715117 0.711141 0.705764 0.700028 0.702765
   23     0.727810 0.723655 0.719375 0.711543 0.712611 0.706606 0.699552
   24     0.721419 0.720514 0.718626 0.714773 0.710471 0.706417 0.707563
   25     0.729821 0.729074 0.726187 0.718359 0.716208 0.710283 0.713158
   26     0.730070 0.729699 0.726685 0.720567 0.719794 0.715646 0.713714
   27     0.732627 0.730847 0.727726 0.724280 0.717687 0.715359 0.713677
   28     0.733678 0.730924 0.727806 0.721529 0.722026 0.716300 0.716683
   29     0.729427 0.729237 0.726486 0.719553 0.720140 0.716058 0.708627
   30     0.721127 0.721277 0.717055 0.712387 0.709913 0.702722 0.701162
   31     0.713867 0.712101 0.712586 0.704506 0.702485 0.697869 0.696004
   32     0.714750 0.712725 0.712078 0.706451 0.702385 0.699131 0.697557
   33     0.726622 0.724883 0.716985 0.714415 0.710538 0.705622 0.707694
   34     0.725615 0.727408 0.719636 0.716580 0.711127 0.707907 0.706773
   35     0.733090 0.729298 0.728882 0.724376 0.719785 0.712226 0.716239
   36     0.732556 0.728907 0.726961 0.723046 0.719072 0.710755 0.712001
   37     0.729315 0.730141 0.726269 0.721502 0.712492 0.710981 0.714315
   38     0.728447 0.730600 0.727295 0.723394 0.715572 0.710896 0.713030
   39     0.732881 0.726724 0.726395 0.721304 0.713549 0.711388 0.713029
   40     0.721725 0.719054 0.715603 0.710731 0.707699 0.702753 0.701994
   41     0.718356 0.714121 0.712072 0.705266 0.703068 0.699378 0.696674
   42     0.716551 0.715186 0.711711 0.706941 0.703552 0.699683 0.698435
   43     0.729179 0.725374 0.720804 0.717379 0.711274 0.710280 0.708783
   44     0.730840 0.730026 0.725112 0.722335 0.718082 0.714018 0.711127
   45     0.737296 0.738142 0.734987 0.729621 0.726335 0.720850 0.722638
   46     0.734264 0.731940 0.729768 0.726241 0.721272 0.715644 0.718111
   47     0.736875 0.735466 0.735819 0.727731 0.725970 0.718861 0.721111
   48     0.740647 0.736798 0.735028 0.730515 0.723141 0.722861 0.725349
   49     0.738713 0.738871 0.738043 0.731005 0.728456 0.726782 0.722974
   50     0.726744 0.722605 0.721465 0.715788 0.712762 0.710282 0.708476
   51     0.723343 0.719470 0.715352 0.712133 0.708197 0.703676 0.703637
   52     0.718808 0.716091 0.714058 0.708311 0.704500 0.696867 0.698868
   53     0.730550 0.725073 0.721600 0.719322 0.714825 0.709669 0.710258
   54     0.735354 0.732918 0.728212 0.724976 0.719310 0.716242 0.715721
   55     0.742236 0.739819 0.735618 0.731477 0.728916 0.724792 0.726088
   56     0.742233 0.739429 0.736490 0.729323 0.730878 0.725161 0.724985
   57     0.742197 0.737995 0.736460 0.729274 0.727135 0.724015 0.722296
   58     0.743814 0.742357 0.735186 0.730211 0.729269 0.723269 0.722830
   59     0.741545 0.739275 0.734245 0.730373 0.727557 0.727998 0.722628
   60     0.732881 0.730415 0.732687 0.724704 0.719666 0.715994 0.709496
   61     0.726280 0.726211 0.726461 0.718515 0.715196 0.711838 0.707982
   62     0.726218 0.724330 0.719352 0.712748 0.717269 0.706716 0.710249
   63     0.730961 0.730320 0.726872 0.720385 0.715212 0.714522 0.713422
   64     0.735732 0.734698 0.738446 0.732918 0.724930 0.717956 0.726953
   65     0.743281 0.740870 0.738465 0.731228 0.730434 0.721911 0.724412
   66     0.740979 0.740207 0.738158 0.733408 0.728235 0.725892 0.721636
   67     0.743325 0.741980 0.738231 0.735069 0.729237 0.725971 0.722813
   68     0.744487 0.739898 0.739293 0.734637 0.730682 0.725834 0.724332
   69     0.744165 0.741404 0.739296 0.734487 0.729098 0.727041 0.726283
   70     0.733134 0.735340 0.739932 0.726480 0.731003 0.727191 0.720715
   71     0.729784 0.737210 0.733232 0.727364 0.726344 0.723070 0.725704
   72     0.732310 0.724978 0.720935 0.720304 0.717826 0.716672 0.712373
   73     0.731873 0.732577 0.733109 0.720892 0.719056 0.717003 0.718341
   74     0.736875 0.736407 0.740247 0.732491 0.729916 0.723842 0.731077
   75     0.740365 0.735871 0.740901 0.729681 0.729021 0.726956 0.725243
   76     0.740931 0.739648 0.738838 0.731686 0.731704 0.724307 0.722882
   77     0.739715 0.737471 0.734805 0.729758 0.727329 0.726303 0.722924
   78     0.736993 0.735606 0.736074 0.729707 0.727135 0.721445 0.727735
   79     0.736933 0.732627 0.736638 0.726188 0.725448 0.721439 0.721178
   80     0.737724 0.734503 0.742090 0.732552 0.727094 0.727990 0.715941
   81     0.722644 0.720217 0.717393 0.713646 0.711082 0.706059 0.704073
   82     0.719734 0.714011 0.712939 0.710152 0.705795 0.700019 0.700177
   83     0.732674 0.728790 0.726601 0.720095 0.717814 0.711392 0.713029
   84     0.732672 0.736472 0.739607 0.728075 0.726021 0.721302 0.724441
   85     0.735597 0.735089 0.740898 0.732976 0.726757 0.723874 0.721116
   86     0.735962 0.735251 0.734651 0.726547 0.723562 0.724052 0.720684
   87     0.740126 0.736896 0.733772 0.727835 0.727217 0.724292 0.719184
   88     0.738723 0.738650 0.734652 0.727760 0.724280 0.721403 0.722212
   89     0.739777 0.738066 0.737671 0.731142 0.727102 0.722941 0.721803
   90     0.731825 0.733951 0.727818 0.724098 0.719811 0.717982 0.717042
   91     0.725812 0.723356 0.721319 0.718567 0.709086 0.707349 0.709368
   92     0.717305 0.714449 0.713747 0.706222 0.704172 0.702079 0.697785
   93     0.731900 0.726544 0.725005 0.720762 0.716405 0.712863 0.711361
   94     0.739634 0.734631 0.739494 0.729445 0.728995 0.718795 0.721546
   95     0.744020 0.742908 0.739184 0.735988 0.732858 0.729135 0.726546
   96     0.741184 0.738364 0.736812 0.732062 0.729277 0.724245 0.720785
   97     0.740908 0.738650 0.735504 0.731720 0.728616 0.724047 0.720926
   98     0.739135 0.737427 0.736663 0.730807 0.726825 0.722929 0.722618
   99     0.738469 0.736340 0.735334 0.730832 0.724646 0.722110 0.721175
  100     0.734778 0.734172 0.732056 0.729156 0.724406 0.718585 0.719062
  101     0.725657 0.721411 0.723811 0.716079 0.714384 0.706779 0.707470
  102     0.719220 0.717665 0.715090 0.711388 0.703558 0.701844 0.698377
  103     0.732430 0.732412 0.725673 0.720289 0.717933 0.713192 0.710645
  104     0.743240 0.739000 0.735831 0.733350 0.729475 0.726269 0.724783
  105     0.742999 0.740976 0.740049 0.734600 0.731393 0.727049 0.727053
  106     0.738113 0.738731 0.733046 0.728626 0.724262 0.721406 0.724853
  107     0.738776 0.736245 0.733793 0.729811 0.725017 0.723565 0.720880
  108     0.738794 0.738276 0.734749 0.731411 0.724194 0.722909 0.722996
  109     0.741048 0.735460 0.735169 0.729830 0.726708 0.721318 0.719827
  110     0.736461 0.731202 0.731336 0.722796 0.723145 0.717536 0.716039
  111     0.728394 0.726965 0.721290 0.713494 0.709888 0.707574 0.714282
  112     0.720638 0.719440 0.716422 0.710666 0.707941 0.700588 0.701094
  113     0.731697 0.729290 0.726268 0.718867 0.715911 0.713147 0.714272
  114     0.739045 0.735008 0.733696 0.726195 0.722128 0.715760 0.721252
  115     0.740467 0.738114 0.736516 0.732748 0.728945 0.723878 0.726239
  116     0.737830 0.738695 0.736674 0.728694 0.725534 0.719527 0.724988
  117     0.736258 0.736401 0.729483 0.727938 0.726477 0.725047 0.724798
  118     0.736185 0.739504 0.733723 0.726299 0.724359 0.722866 0.722660
  119     0.737910 0.736294 0.735575 0.727750 0.724579 0.723600 0.720584
  120     0.731009 0.732935 0.730744 0.723030 0.719973 0.717964 0.717172
  121     0.725148 0.724089 0.722707 0.718948 0.710115 0.708676 0.709862
  122     0.726492 0.715359 0.715127 0.719481 0.710002 0.706323 0.709594
  123     0.732606 0.730193 0.721400 0.721365 0.715835 0.712999 0.713901
  124     0.740038 0.735597 0.737178 0.729977 0.723410 0.720902 0.722874
  125     0.742780 0.738955 0.735711 0.731579 0.729458 0.723096 0.723202
  126     0.739911 0.736145 0.732282 0.729555 0.725112 0.722703 0.725471
  127     0.736247 0.736821 0.731653 0.726990 0.722841 0.720716 0.721207
  128     0.734297 0.733160 0.729922 0.728592 0.728722 0.721437 0.719855
  129     0.737146 0.734854 0.732725 0.726013 0.724338 0.722414 0.720722
  130     0.731710 0.734131 0.731820 0.727178 0.723315 0.720146 0.719934
  131     0.730460 0.724679 0.720157 0.718023 0.712317 0.709018 0.714751
  132     0.725292 0.719097 0.718738 0.712436 0.709400 0.707474 0.712323
  133     0.733231 0.726668 0.723054 0.720374 0.720923 0.714706 0.716234
  134     0.737520 0.738671 0.734525 0.732088 0.725939 0.720796 0.724775
  135     0.740711 0.739096 0.733901 0.731304 0.722882 0.726040 0.725193
  136     0.734726 0.729793 0.729021 0.725399 0.719942 0.720033 0.719828
  137     0.732591 0.732849 0.731388 0.726262 0.721263 0.718055 0.715530
  138     0.737917 0.732184 0.731762 0.728057 0.724523 0.715996 0.716972
  139     0.737683 0.732271 0.727900 0.727665 0.723680 0.721646 0.714875
  140     0.738934 0.730298 0.728346 0.728164 0.721682 0.715025 0.719577
  141     0.730038 0.722933 0.720499 0.723560 0.716216 0.708743 0.714275
  142     0.720975 0.720206 0.722847 0.715331 0.715685 0.704810 0.710860
  143     0.730983 0.726245 0.727822 0.717455 0.716715 0.713021 0.716327
  144     0.736197 0.733531 0.729514 0.723178 0.721869 0.717838 0.718340
  145     0.738131 0.734150 0.730274 0.725840 0.720585 0.719233 0.719522
  146     0.733898 0.731537 0.733899 0.724706 0.719597 0.713082 0.720758
  147     0.733224 0.731771 0.732477 0.723261 0.721540 0.723298 0.722696
  148     0.732709 0.735671 0.727050 0.723800 0.717128 0.721347 0.722914
  149     0.738094 0.733894 0.728761 0.727335 0.725939 0.718899 0.720147
  150     0.733300 0.727109 0.724330 0.723027 0.721124 0.716504 0.719993
  151     0.730685 0.723700 0.721097 0.713468 0.717150 0.718876 0.715881
  152     0.724445 0.719877 0.716266 0.715728 0.717806 0.711211 0.717806
  153     0.736206 0.736670 0.724078 0.716250 0.717125 0.715146 0.718978
  154     0.733888 0.729946 0.731130 0.721656 0.718529 0.711300 0.711309
  155     0.740311 0.735132 0.728908 0.725082 0.723924 0.713162 0.728580
  156     0.735421 0.736878 0.735795 0.725813 0.721881 0.718516 0.727235
  157     0.734560 0.725848 0.730983 0.724982 0.722803 0.718322 0.728042
  158     0.734111 0.733869 0.734723 0.731988 0.726231 0.718142 0.726797
  159     0.731508 0.728118 0.729837 0.718854 0.718832 0.716714 0.721616
  160     0.732026 0.719741 0.726780 0.719057 0.716559 0.712058 0.717130
  161     0.727396 0.721991 0.721401 0.720726 0.716927 0.718687 0.716447
  162     0.724853 0.732317 0.725158 0.717386 0.717345 0.712877 0.727373
  163     0.730128 0.724140 0.736668 0.714779 0.708032 0.708456 0.724709
  164     0.732743 0.734134 0.723487 0.721583 0.717628 0.716809 0.718351
  165     0.733964 0.729575 0.732570 0.726244 0.731220 0.725227 0.728742
  166     0.731401 0.737160 0.739156 0.724358 0.727133 0.714479 0.725888
  167     0.738371 0.740916 0.730261 0.721211 0.716853 0.723359 0.731293
  168     0.728264 0.724595 0.717605 0.725065 0.729294 0.717546 0.738002
  169     0.731927 0.731680 0.729993 0.728094 0.720385 0.707362 0.731034
  170     0.727021 0.729421 0.723695 0.730078 0.719001 0.720280 0.727766
  171     0.720800 0.718364 0.733476 0.720751 0.721778 0.710700 0.717841
  172     0.723466 0.726069 0.726592 0.711962 0.696081 0.708258 0.710826
  173     0.732779 0.724254 0.724758 0.722202 0.722937 0.707635 0.724233
  174     0.730379 0.727967 0.729083 0.724266 0.712542 0.715809 0.720969
  175     0.748998 0.746737 0.729977 0.719181 0.714391 0.718929 0.727156
  176     0.727702 0.740374 0.726905 0.720147 0.712690 0.718117 0.731004
  177     0.739377 0.733721 0.727513 0.718411 0.723027 0.717480 0.735150
  178     0.742238 0.734048 0.735128 0.723908 0.724323 0.727192 0.752343
  179     0.726650 0.734395 0.730175 0.717354 0.722011 0.709492 0.736648
  180     0.728609 0.728321 0.729120 0.725994 0.712762 0.708339 0.716173
  181     0.734514 0.730724 0.724916 0.728127 0.715787 0.706362 0.731774
  182     0.726937 0.724555 0.739783 0.713910 0.711800 0.711349 0.743942
  183     0.731474 0.729937 0.725122 0.718448 0.729244 0.712907 0.749506
  184     0.734528 0.727890 0.722435 0.733131 0.722926 0.720233 0.724879
  185     0.736560 0.727480 0.742086 0.733734 0.731475 0.717913 0.729300
  186     0.724753 0.715321 0.734471 0.714433 0.727763 0.729372 0.745488
  187     0.730253 0.728680 0.730704 0.717464 0.719437 0.714481 0.739551
  188     0.728024 0.743034 0.726767 0.713419 0.718912 0.717466 0.752705
  189     0.741155 0.731863 0.731392 0.728650 0.711220 0.724189 0.747691
  190     0.727286 0.724977 0.734416 0.722261 0.714716 0.708262 0.737870
  191     0.731115 0.717567 0.721430 0.715028 0.724255 0.708317 0.743262
  192     0.732377 0.728626 0.724115 0.717882 0.704765 0.726233 0.741748
  193     0.723763 0.725275 0.724385 0.719714 0.715071 0.720198 0.735625
  194     0.735593 0.725971 0.737396 0.726159 0.714091 0.715394 0.760702
  195     0.726900 0.740498 0.744649 0.718507 0.740096 0.715658 0.738328
  196     0.733895 0.723905 0.724968 0.722759 0.732286 0.693200 0.739139
  197     0.746760 0.742055 0.726965 0.725495 0.712802 0.719783 0.756294
  198     0.743691 0.735994 0.718972 0.721101 0.729092 0.727744 0.751545
  199     0.739711 0.732194 0.727540 0.728396 0.704080 0.716576 0.745642
  200     0.724456 0.733537 0.734627 0.713933 0.731482 0.716716 0.715413
  201     0.732771 0.729457 0.721804 0.731582 0.713684 0.704491 0.735448
  202     0.739019 0.733321 0.726638 0.729567 0.711417 0.713772 0.741132
  203     0.725598 0.734439 0.742035 0.729564 0.709413 0.695275 0.764548
  204     0.739986 0.735172 0.735218 0.714674 0.726179 0.719856 0.747822
  205     0.739826 0.737313 0.726661 0.725660 0.725199 0.712769 0.756529
  206     0.727943 0.732080 0.728109 0.735229 0.723197 0.710280 0.744442
  207     0.738717 0.723789 0.736583 0.715323 0.717764 0.725441 0.742328
  208     0.732860 0.743092 0.729657 0.713519 0.718851 0.718277 0.730852
  209     0.732351 0.732429 0.735345 0.725020 0.721263 0.719504 0.736464
  210     0.726999 0.733696 0.738152 0.725585 0.725126 0.714952 0.723731
  211     0.733148 0.730823 0.730429 0.722886 0.719685 0.715574 0.717117
  212     0.731204 0.732838 0.737149 0.726004 0.722471 0.720685 0.714043
