   1.650  -0.069  18.817
   1.692  -0.064  19.350
   1.684  -0.071  19.900
   1.717  -0.036  20.433
   1.728  -0.040  20.967
   1.700  -0.031  21.517
   1.672  -0.019  22.050
   1.672  -0.006  22.583
   1.672  -0.028  23.117
   1.672  -0.008  23.667
   1.678  -0.003  24.200
   1.686  -0.030  24.733
   1.671  -0.017  25.283
   1.664  -0.023  25.817
   1.683  -0.016  26.350
   1.681  -0.016  26.900
   1.657  -0.000  27.433
   1.663   0.008  27.967
   1.682  -0.011  28.517
   1.666  -0.005  29.050
   1.672  -0.014  29.583
   1.673  -0.015  29.700
   1.679  -0.023
