MRH 20150609
    23.86    70.34   116.80   163.26   209.73   256.18   302.65
    46.48    46.46    46.46    46.46    46.46    46.47    46.47
     0.83901566     0.56520885     0.36557823     0.21943238     0.12274168     0.06277648     0.02654119     0.00628828    -0.00117660    -0.00511844    -0.00634628    -0.00563336    -0.00409877    -0.00337672    -0.00236434    -0.00131295    -0.00056865    -0.00006317
    -0.02118491    -0.03160717    -0.03722162    -0.04176062    -0.04454838    -0.04148920    -0.03547791    -0.02898070    -0.02099181    -0.01413572    -0.00926194    -0.00525075    -0.00198161    -0.00085151    -0.00026982     0.00096184     0.00174782     0.00051360
     1.00000000     0.67434025     0.43777612     0.26608625     0.15559606     0.08968002     0.05293018     0.03566482     0.02522794     0.01822750     0.01373040     0.00957879     0.00603049     0.00463597     0.00377503     0.00317189     0.00304538     0.00244664
     0.83710462     0.54563123     0.33512980     0.19241819     0.10144082     0.04830700     0.01913189     0.00611883     0.00121210    -0.00120906    -0.00079966    -0.00064931    -0.00024703     0.00102365     0.00055360    -0.00073558    -0.00105191    -0.00186056
     0.03587926     0.04068971     0.02556652     0.00624620    -0.00952828    -0.01681194    -0.01869526    -0.01619691    -0.01262129    -0.00881815    -0.00585027    -0.00460024    -0.00316047    -0.00167226     0.00068494    -0.00016926    -0.00092779    -0.00173528
     1.00000000     0.65291768     0.40105075     0.22988054     0.12182809     0.06134620     0.03248399     0.02150278     0.01617723     0.01223243     0.00905554     0.00760183     0.00623116     0.00571148     0.00547670     0.00562991     0.00503726     0.00492246
     0.83450860     0.52329588     0.30131131     0.15848291     0.07915690     0.03588666     0.01503065     0.00637312     0.00074174    -0.00026874    -0.00174801    -0.00248912    -0.00159540    -0.00321083    -0.00333940    -0.00353738    -0.00517898    -0.00340018
     0.08778442     0.10505542     0.07904266     0.04170202     0.00900344    -0.00676120    -0.01621702    -0.01380992    -0.01069469    -0.00696726    -0.00318955    -0.00229765    -0.00107802     0.00084608    -0.00090199     0.00028784     0.00062821    -0.00002327
     1.00000000     0.63603508     0.37130591     0.19530098     0.09512843     0.04402142     0.02679801     0.01892316     0.01356166     0.00914798     0.00623908     0.00538149     0.00527620     0.00539528     0.00633737     0.00599530     0.00736228     0.00584598
     0.83248639     0.51357585     0.28506505     0.13861658     0.05317439     0.01174158    -0.00256275    -0.00700896    -0.00700655    -0.00739993    -0.00534577    -0.00338686    -0.00283042     0.00029815     0.00003705     0.00191239     0.00184468     0.00232011
     0.02286222     0.02608415     0.00814909    -0.00879249    -0.01799248    -0.01853587    -0.01664855    -0.01170909    -0.00721471    -0.00128736    -0.00014738     0.00137597     0.00210947     0.00291752     0.00152492     0.00076645     0.00081674     0.00092118
     1.00000000     0.61745656     0.34247294     0.16698244     0.06774311     0.02756301     0.02066850     0.01679577     0.01290151     0.01089163     0.00814694     0.00676377     0.00555153     0.00552557     0.00449447     0.00498154     0.00518782     0.00488069
     0.82324463     0.48876089     0.25573581     0.11384260     0.03932386     0.00706497    -0.00436609    -0.00505331    -0.00390745    -0.00226320    -0.00131362     0.00064220     0.00100564    -0.00086927    -0.00127077    -0.00441887    -0.00324294    -0.00204382
     0.07569192     0.08389138     0.05445686     0.02114433    -0.00375552    -0.01376230    -0.01582991    -0.01017658    -0.00598775    -0.00157470     0.00087035     0.00464554     0.00519026     0.00831801     0.00923021     0.00684400     0.00239241     0.00056149
     1.00000000     0.59984237     0.31629878     0.14015381     0.04799644     0.01940731     0.02022821     0.01401169     0.00912063     0.00467911     0.00462222     0.00661668     0.00712867     0.01079655     0.01250179     0.01075494     0.00560265     0.00405257
     0.81996888     0.47374892     0.23523946     0.09002675     0.01930277    -0.00878816    -0.01467318    -0.00990696    -0.00600284    -0.00171316    -0.00001068     0.00097497    -0.00075105    -0.00064626    -0.00125624    -0.00275695    -0.00524988    -0.00385446
     0.01100331     0.01142007    -0.00622693    -0.01007110    -0.01415541    -0.01185924    -0.01098034    -0.00564919    -0.00459770    -0.00078838    -0.00181093    -0.00048671    -0.00083070     0.00020385     0.00015656     0.00193473     0.00139502     0.00388257
     1.00000000     0.57787275     0.28699195     0.11056107     0.03027315     0.01842633     0.02281911     0.01478184     0.00992538     0.00559392     0.00433733     0.00431018     0.00346452     0.00305926     0.00420128     0.00574809     0.00767772     0.00796155
     0.81268412     0.45493609     0.21211584     0.07533009     0.01223356    -0.00589567    -0.00945556    -0.00582742    -0.00467830    -0.00455672    -0.00335501    -0.00409808    -0.00212421    -0.00112117    -0.00074194     0.00001165     0.00109776     0.00476275
     0.06221868     0.06623743     0.03876755     0.01306020    -0.00638105    -0.01254241    -0.01241781    -0.00773662    -0.00623441    -0.00405560    -0.00266714    -0.00024023    -0.00050082     0.00037699    -0.00168138    -0.00313803    -0.00626658    -0.00883452
     1.00000000     0.56412208     0.26463762     0.09399352     0.01803020     0.01748926     0.01941209     0.01225515     0.01001915     0.00812621     0.00604158     0.00577383     0.00466048     0.00356098     0.00437705     0.00599238     0.00964507     0.01427184
   1.679  -0.023  400    2    0    0    0  0.000 18.000
