                 MRH
    9    6 2015
    18.4574     -38.39       3.04     977.73      19.14    1336.33      12.58  102.5   -0.0  630.0  180.0
    18.9957     -18.04      10.87     958.93      64.16     548.57      16.13  102.5   -0.0  630.0  180.0
    19.5340      -2.75       6.12     948.42      37.01     546.71       9.62  102.5   -0.0  630.0  180.0
    20.0724      -8.18       5.72     913.72      30.17     628.24       8.16  102.5   -0.0  630.0  180.0
    20.6108     -12.04       4.57     833.93      22.08     712.59       6.89  102.5   -0.0  630.0  180.0
    21.1493       5.58       2.95    1038.06      21.18    1236.56      14.15  102.5   -0.0  630.0  180.0
    21.6876      -2.55       3.31     978.21      20.47    1642.31      15.93  102.5   -0.0  630.0  180.0
    22.2260      -2.39       3.97     924.48      23.15       5.83       1.00  102.5   -0.0  630.0  180.0
    22.7643      -5.87       3.18     795.65      17.42    1079.52      10.16  102.5   -0.0  630.0  180.0
    23.3027     -10.22       1.23     983.88      12.12    1066.54       6.26  102.5   -0.0  630.0  180.0
    23.8412     -13.77       5.64     934.67      31.24     925.06      12.38  102.5   -0.0  630.0  180.0
    24.3797       6.76       6.70     827.74      34.17     814.11      12.85  102.5   -0.0  630.0  180.0
    24.9183      12.08       7.04     794.92      34.85     761.00      12.48  102.5   -0.0  630.0  180.0
    25.4567      -1.74       8.75     792.26      43.71     600.00      12.38  102.5   -0.0  630.0  180.0
    25.9951       7.03       8.67     825.94      44.47     607.52      12.55  102.5   -0.0  630.0  180.0
    26.5335       7.00       4.82     746.83      22.22     654.26       6.67  102.5   -0.0  630.0  180.0
    27.0720       2.09       6.41     872.13      33.75     670.99      10.08  102.5   -0.0  630.0  180.0
    27.6105     -12.72       8.49     791.16      42.43     515.90      10.36  102.5   -0.0  630.0  180.0
    28.1491       3.01      14.45     788.44      72.99     432.28      15.17  102.5   -0.0  630.0  180.0
    28.6877      -5.56      16.99     697.61      79.52     296.67      11.97  102.5   -0.0  630.0  180.0
    29.2259     -12.91      19.26     739.38      94.74     283.53      13.37  102.5   -0.0  630.0  180.0
    18.3519      -3.01       3.62    1036.58      20.84    2172.94      18.50   12.8  -50.2  630.0  180.0
    18.8374      34.35       4.98    1025.85      31.08    1108.02      15.58   12.8  -50.2  630.0  180.0
    19.3757      24.94       4.48    1011.75      27.21        NaN        NaN   12.8  -50.2  630.0  180.0
    19.9141      17.22       4.44     928.92      23.74    1272.90      12.91   12.8  -50.2  630.0  180.0
    20.4528       3.34       4.03     942.12      21.81    1435.76      13.14   12.8  -50.2  630.0  180.0
    20.9910     -23.65       2.39    1008.38      12.48    1968.12       9.25   12.8  -50.2  630.0  180.0
    21.5293     -74.64       1.69    1002.19      12.32    2067.66      13.24   12.8  -50.2  630.0  180.0
    22.0677      -9.99       2.23     836.48      12.86    1705.41      11.92   12.8  -50.2  630.0  180.0
    22.6060     -32.36       2.69     878.19      17.08      98.38       1.00   12.8  -50.2  630.0  180.0
    23.1444     -55.03       1.28     595.58       6.04    1265.46       3.57   12.8  -50.2  630.0  180.0
    23.6829     -10.88       4.23     891.27      22.20    1297.76      12.65   12.8  -50.2  630.0  180.0
    24.2214      -1.92       4.57     844.60      23.31    1312.34      13.83   12.8  -50.2  630.0  180.0
    24.7600      -8.04       5.55     919.65      30.75    1205.80      16.31   12.8  -50.2  630.0  180.0
    25.2984     -14.03       5.99     865.05      31.76    1060.07      15.25   12.8  -50.2  630.0  180.0
    25.8368     -25.68       6.54     802.26      33.03     897.21      13.85   12.8  -50.2  630.0  180.0
    26.3752     -25.61       7.66     799.73      38.75     764.31      14.06   12.8  -50.2  630.0  180.0
    26.9137     -35.92       5.32     868.62      27.95     831.10      10.31   12.8  -50.2  630.0  180.0
    27.4522     -15.56      15.29     821.98      80.91     447.64      17.27   12.8  -50.2  630.0  180.0
    27.9908     -11.82      14.38     771.34      72.24     479.18      16.90   12.8  -50.2  630.0  180.0
    28.5293      12.51      11.63     764.24      57.13     516.29      14.42   12.8  -50.2  630.0  180.0
    29.0677      14.80      12.32     732.48      58.79     426.51      12.46   12.8  -50.2  630.0  180.0
    29.6062       3.94       8.85     821.45      45.83     888.64      19.35   12.8  -50.2  630.0  180.0
    18.4048     -20.81       1.56    1301.74      19.19    1182.09       9.79  102.5   50.2  630.0  180.0
    18.9431      64.32       8.69     916.01      48.75     587.68      13.41  102.5   50.2  630.0  180.0
    19.4814      76.84       7.28     885.23      40.13     593.80      11.42  102.5   50.2  630.0  180.0
    20.0199      78.20       4.85     978.99      25.81     813.24       8.43  102.5   50.2  630.0  180.0
    20.5583      63.04       4.50     979.69      24.07     942.90       9.26  102.5   50.2  630.0  180.0
    21.0968      67.65       1.02     997.49       9.32    1464.86       6.29  102.5   50.2  630.0  180.0
    21.6350      68.18       2.31     924.55      13.79    1957.15      13.66  102.5   50.2  630.0  180.0
    22.1734      59.05       3.27     908.79      19.04    1462.18      13.70  102.5   50.2  630.0  180.0
    22.7117      43.04       3.30     824.65      18.04    1195.82      11.33  102.5   50.2  630.0  180.0
    23.2501      50.64       1.32    1022.60      13.09    1169.86       7.61  102.5   50.2  630.0  180.0
    23.7887      45.53       5.33     878.20      27.77     966.81      11.76  102.5   50.2  630.0  180.0
    24.3272      53.85       6.00     826.84      30.04     875.54      12.00  102.5   50.2  630.0  180.0
    24.8657      51.16       5.12     929.11      27.48     884.86      10.34  102.5   50.2  630.0  180.0
    25.4042      53.31       3.52     687.94      13.96     660.86       4.11  102.5   50.2  630.0  180.0
    25.9426      52.41       7.98     768.84      38.75     690.54      12.81  102.5   50.2  630.0  180.0
    26.4810      41.43      12.59     779.62      62.63     566.78      17.13  102.5   50.2  630.0  180.0
    27.0195      39.71      14.89     712.10      70.75     519.19      18.67  102.5   50.2  630.0  180.0
    27.5580      23.57      23.61     658.54     108.09     353.27      20.17  102.5   50.2  630.0  180.0
    28.0966      41.66      14.87     686.15      69.05     398.87      14.08  102.5   50.2  630.0  180.0
    28.6350      26.55      18.47     770.69      92.45     335.21      15.15  102.5   50.2  630.0  180.0
    29.1734       2.49      11.87     752.01      57.79     446.93      12.64  102.5   50.2  630.0  180.0
    18.5101     -34.48       0.96        NaN        NaN    1848.40      11.53   44.9  -45.0  630.0  180.0
    19.0484     -13.71       6.04     972.87      36.43     841.63      14.18   44.9  -45.0  630.0  180.0
    19.5867     -22.73       1.41     835.51      10.15     814.84       4.19   44.9  -45.0  630.0  180.0
    20.1251     -27.15       5.51     926.45      29.98     989.18      12.96   44.9  -45.0  630.0  180.0
    20.6635     -53.75       4.56     972.22      25.73    1211.53      13.13   44.9  -45.0  630.0  180.0
    21.2022     -55.77       1.21    1093.11      13.27    1890.28      12.92   44.9  -45.0  630.0  180.0
    21.7403     -50.58       1.94     900.40      11.96    1889.90      12.23   44.9  -45.0  630.0  180.0
    22.2787     -47.70       2.99     899.77      17.69    1543.54      13.75   44.9  -45.0  630.0  180.0
    22.8170     -52.91       0.95    1106.62      12.54    1471.68       8.67   44.9  -45.0  630.0  180.0
    23.3554     -48.80       1.76     654.47       6.13    1331.02       3.43   44.9  -45.0  630.0  180.0
    23.8939     -38.72       4.73     888.36      25.22    1324.89      14.83   44.9  -45.0  630.0  180.0
    24.4324     -33.23       5.13     936.12      28.72    1341.89      16.82   44.9  -45.0  630.0  180.0
    24.9710     -37.88       5.64     907.83      31.02    1188.62      16.33   44.9  -45.0  630.0  180.0
    25.5094     -43.07       6.78     827.35      35.15     902.81      14.74   44.9  -45.0  630.0  180.0
    26.0479     -47.65       6.93     804.75      35.17     832.28      13.76   44.9  -45.0  630.0  180.0
    26.5862     -43.32       7.55     817.78      38.98     800.72      14.55   44.9  -45.0  630.0  180.0
    27.1248     -39.77       8.92     808.06      45.93     674.46      14.68   44.9  -45.0  630.0  180.0
    27.6633     -33.81      17.20     791.19      88.32     475.50      20.43   44.9  -45.0  630.0  180.0
    28.2018     -18.87      11.75     736.02      57.13     487.17      13.70   44.9  -45.0  630.0  180.0
    28.7402     -23.46      11.93     781.59      60.41     455.34      13.25   44.9  -45.0  630.0  180.0
    29.2787     -20.58       4.84     625.35      18.98     382.48       3.38   44.9  -45.0  630.0  180.0
    18.5626     -27.40       1.56    1076.84      14.92        NaN        NaN   89.8  -45.0  630.0  180.0
    19.1009     -79.50       7.85    1000.09      49.01     638.87      14.22   89.8  -45.0  630.0  180.0
    19.6392     -87.92       1.71     898.78      13.47     554.49       3.59   89.8  -45.0  630.0  180.0
    20.1777     -88.76       7.62     935.33      43.16     696.26      13.17   89.8  -45.0  630.0  180.0
    20.7161     -94.37       5.60     976.37      32.31     879.27      12.14   89.8  -45.0  630.0  180.0
    21.2545     -81.44       2.43     941.90      15.55    1360.89      11.05   89.8  -45.0  630.0  180.0
    21.7929     -73.36       2.22     914.72      14.07    1894.51      14.00   89.8  -45.0  630.0  180.0
    22.3312     -60.58       2.71     889.32      15.92    1653.20      13.47   89.8  -45.0  630.0  180.0
    22.8695     -63.21       1.08    1097.21      12.91    1402.43       8.45   89.8  -45.0  630.0  180.0
    23.4080     -63.45       2.42     834.29      10.84    1485.57       6.50   89.8  -45.0  630.0  180.0
    23.9465     -44.41       4.61     858.55      24.04    1284.76      13.82   89.8  -45.0  630.0  180.0
    24.4850     -54.72       4.05     928.98      22.05    1272.22      12.02   89.8  -45.0  630.0  180.0
    25.0236     -58.19       5.68     870.15      30.41    1136.57      15.62   89.8  -45.0  630.0  180.0
    25.5620     -63.67       6.79     835.29      35.51     799.79      13.00   89.8  -45.0  630.0  180.0
    26.1004     -63.34       3.64     736.33      16.01     770.90       5.50   89.8  -45.0  630.0  180.0
    26.6388     -50.13       5.60     895.73      30.25     819.11      10.85   89.8  -45.0  630.0  180.0
    27.1773     -39.90       7.52     819.08      38.58     641.49      11.53   89.8  -45.0  630.0  180.0
    27.7158     -53.19      11.02     825.52      58.04     505.27      13.79   89.8  -45.0  630.0  180.0
    28.2544     -26.89      15.59     787.41      79.72     438.87      16.95   89.8  -45.0  630.0  180.0
    28.7928     -56.09      13.09     784.48      66.57     387.43      12.53   89.8  -45.0  630.0  180.0
    29.3312     -52.87      14.59     755.56      72.51     372.55      13.37   89.8  -45.0  630.0  180.0
    18.6152     -98.77       3.01    1006.33      19.51    1558.69      14.70  135.0  -45.0  630.0  180.0
    18.6674     -94.96       4.05    1058.06      26.88    1368.55      16.70  135.0  -45.0  630.0  180.0
    18.7197     -98.96       4.60    1058.21      30.78    1162.31      16.11  135.0  -45.0  630.0  180.0
    18.7719    -101.37       5.73    1078.02      38.49    1045.71      17.80  135.0  -45.0  630.0  180.0
    19.1535    -108.17      10.23     956.61      61.96     499.64      14.27  135.0  -45.0  630.0  180.0
    19.2057     -98.91      11.01     941.27      66.33     486.13      15.05  135.0  -45.0  630.0  180.0
    19.2579    -102.29      11.50     989.52      71.54     467.48      15.08  135.0  -45.0  630.0  180.0
    19.3102    -102.83       9.48     839.34      52.43     426.23      10.93  135.0  -45.0  630.0  180.0
    19.6918    -104.04       2.08    1019.73      23.58     391.17       3.76  135.0  -45.0  630.0  180.0
    19.7440     -90.83       6.36     871.94      33.18     506.20       7.41  135.0  -45.0  630.0  180.0
    19.7962     -89.06       6.20     766.56      29.43     467.75       6.35  135.0  -45.0  630.0  180.0
    19.8485    -103.13       8.47     924.89      47.49     498.95      10.40  135.0  -45.0  630.0  180.0
    20.2302     -99.02       8.51     945.03      48.59     532.50      11.34  135.0  -45.0  630.0  180.0
    20.2825     -93.15       8.39     942.22      48.08     542.68      11.41  135.0  -45.0  630.0  180.0
    20.3347     -94.49       8.26     952.32      47.57     559.73      11.62  135.0  -45.0  630.0  180.0
    20.3869    -104.40       7.45    1029.17      45.51     615.30      11.71  135.0  -45.0  630.0  180.0
    20.7686     -67.47       1.81    1109.94      21.26     588.20       6.10  135.0  -45.0  630.0  180.0
    20.8209    -101.34       5.22     915.83      28.14     680.40       8.14  135.0  -45.0  630.0  180.0
    20.8731     -92.04       4.71     771.05      21.90     636.02       6.36  135.0  -45.0  630.0  180.0
    20.9254     -95.89       3.63     696.36      14.88     594.43       3.93  135.0  -45.0  630.0  180.0
    21.3071     -68.36       5.06    1000.51      31.98    1023.98      15.15  135.0  -45.0  630.0  180.0
    21.3593     -65.75       4.67     943.62      28.11    1076.39      14.74  135.0  -45.0  630.0  180.0
    21.4116     -65.72       4.52    1007.92      28.87    1203.74      16.06  135.0  -45.0  630.0  180.0
    21.4638     -56.99       4.80    1016.37      31.12        NaN        NaN  135.0  -45.0  630.0  180.0
    21.8454     -40.98       1.96     886.31      11.94    1885.47      12.33  135.0  -45.0  630.0  180.0
    21.8977     -42.10       1.93     886.73      11.87    1916.82      12.36  135.0  -45.0  630.0  180.0
    21.9499     -38.66       1.87     918.35      11.69    1941.40      12.79  135.0  -45.0  630.0  180.0
    22.0022     -61.06       1.73        NaN        NaN        NaN        NaN  135.0  -45.0  630.0  180.0
    22.3838     -39.36       2.72     916.37      16.35    1756.41      14.41  135.0  -45.0  630.0  180.0
    22.4360     -44.06       2.53     863.85      14.81    1674.50      13.28  135.0  -45.0  630.0  180.0
    22.4883     -45.23       2.18     856.49      12.96    1617.28      11.51  135.0  -45.0  630.0  180.0
    22.5405     -44.56       2.43     842.82      14.08    1578.96      11.96  135.0  -45.0  630.0  180.0
    22.9221     -76.69       1.19    1079.44      13.38    1378.11       9.31  135.0  -45.0  630.0  180.0
    22.9744     -49.72       1.19    1029.06      12.60    1322.65       8.11  135.0  -45.0  630.0  180.0
    23.0266     -38.78       1.15    1026.42      12.63    1324.18       8.22  135.0  -45.0  630.0  180.0
    23.0788     -46.87       1.10     858.31       8.99    1161.81       5.22  135.0  -45.0  630.0  180.0
    23.4605     -50.37       2.91     867.42      14.17    1298.91       7.58  135.0  -45.0  630.0  180.0
    23.5130     -55.98       1.39     791.28       8.27    1110.24       3.97  135.0  -45.0  630.0  180.0
    23.5650     -45.18       3.40     951.52      18.26    1298.86       9.69  135.0  -45.0  630.0  180.0
    23.6173     -39.70       3.61    1000.83      20.32    1310.54      10.79  135.0  -45.0  630.0  180.0
    23.9991     -31.90       5.07     820.64      25.64    1134.89      13.38  135.0  -45.0  630.0  180.0
    24.0513     -38.20       5.07     831.28      25.87    1143.22      13.48  135.0  -45.0  630.0  180.0
    24.1035     -37.17       5.20     865.08      27.42    1178.54      14.57  135.0  -45.0  630.0  180.0
    24.1558     -32.25       4.95     843.26      25.54    1131.78      13.03  135.0  -45.0  630.0  180.0
    24.5376     -43.79       2.49     673.74       9.35    1003.21       3.98  135.0  -45.0  630.0  180.0
    24.5898     -36.90       5.44     863.86      28.61    1001.14      12.80  135.0  -45.0  630.0  180.0
    24.6421     -46.08       5.79     793.91      28.83     980.30      13.24  135.0  -45.0  630.0  180.0
    24.6943     -43.37       5.87     842.77      30.45     952.39      13.17  135.0  -45.0  630.0  180.0
    25.0761     -44.13       6.15     819.57      31.52     946.31      13.80  135.0  -45.0  630.0  180.0
    25.1283     -61.39       1.18     854.16       9.72     857.94       4.13  135.0  -45.0  630.0  180.0
    25.1806     -39.52       5.92     815.69      30.08     895.83      12.46  135.0  -45.0  630.0  180.0
    25.2328     -40.77       6.42     822.92      33.10     903.29      13.87  135.0  -45.0  630.0  180.0
    25.6145     -38.44       7.33     807.61      37.14     737.67      12.85  135.0  -45.0  630.0  180.0
    25.6668     -55.09       2.37     527.61       7.69     623.08       2.31  135.0  -45.0  630.0  180.0
    25.7190     -40.25       7.46     770.92      36.83     727.81      12.79  135.0  -45.0  630.0  180.0
    25.7713     -41.84       7.39     804.95      37.58     690.77      12.11  135.0  -45.0  630.0  180.0
    26.1530     -48.26       8.45     803.72      43.14     614.80      12.47  135.0  -45.0  630.0  180.0
    26.2052     -39.62       8.36     802.50      42.39     603.13      12.10  135.0  -45.0  630.0  180.0
    26.2575     -37.69       6.08     900.09      33.03     695.92      10.09  135.0  -45.0  630.0  180.0
    26.3097     -40.95       3.69     647.44      14.37     568.70       3.80  135.0  -45.0  630.0  180.0
    26.6913     -31.85       5.52     890.04      29.48     808.88      10.39  135.0  -45.0  630.0  180.0
    26.7436     -22.84       7.21     784.19      35.84     697.67      11.82  135.0  -45.0  630.0  180.0
    26.7958     -28.21       7.77     778.36      38.51     692.53      12.75  135.0  -45.0  630.0  180.0
    26.8481     -28.66       3.92     686.21      16.68     715.80       5.46  135.0  -45.0  630.0  180.0
    27.2298     -19.39       9.51     788.35      47.95     641.02      14.72  135.0  -45.0  630.0  180.0
    27.2821     -17.86       6.73     828.17      34.51     662.05      10.46  135.0  -45.0  630.0  180.0
    27.3343     -19.67       8.18     823.21      42.25     602.96      11.85  135.0  -45.0  630.0  180.0
    27.3866     -14.64      10.21     834.68      53.87     619.66      15.58  135.0  -45.0  630.0  180.0
    27.7684     -30.11       9.59     758.89      47.37     514.31      11.75  135.0  -45.0  630.0  180.0
    27.8206     -33.24      14.39     827.23      75.97     483.39      17.39  135.0  -45.0  630.0  180.0
    27.8729     -40.14      10.91     768.20      54.15     479.00      12.60  135.0  -45.0  630.0  180.0
    27.9251     -47.33      13.84     792.23      70.95     464.01      15.97  135.0  -45.0  630.0  180.0
    28.3071     -42.40      16.45     790.32      84.78     402.21      16.44  135.0  -45.0  630.0  180.0
    28.3594     -53.34      11.85     752.29      58.51     395.30      11.19  135.0  -45.0  630.0  180.0
    28.4114     -43.12       9.14     957.79      53.68     474.54      11.03  135.0  -45.0  630.0  180.0
    28.4637     -43.37      14.01     735.08      68.18     404.51      13.77  135.0  -45.0  630.0  180.0
    28.8454     -62.65       7.00     842.69      35.88     324.41       5.15  135.0  -45.0  630.0  180.0
    28.8976     -72.27      18.05     738.23      89.69     281.53      12.68  135.0  -45.0  630.0  180.0
    28.9498     -53.09       9.03     729.06      43.50     308.77       6.50  135.0  -45.0  630.0  180.0
    29.0021     -71.16       5.81     501.43      20.77     219.11       2.36  135.0  -45.0  630.0  180.0
    29.3838     -62.54      10.94     823.71      57.51     390.63      10.54  135.0  -45.0  630.0  180.0
    29.4360     -56.77      13.52     775.84      68.42     377.99      12.48  135.0  -45.0  630.0  180.0
    29.4883     -43.65       7.10     833.09      36.89     516.40       8.59  135.0  -45.0  630.0  180.0
    29.5405     -37.54       4.85     706.86      21.55     556.63       5.64  135.0  -45.0  630.0  180.0
    18.8907      65.31       7.16     984.35      42.44     791.08      15.23  147.5   39.9  630.0  180.0
    19.4289      55.35       2.01    1138.38      22.16        NaN        NaN  147.5   39.9  630.0  180.0
    19.9673      48.95       3.94     957.83      20.52    1025.35       8.51  147.5   39.9  630.0  180.0
    20.5057      35.75       4.12    1057.93      23.70    1176.68      10.98  147.5   39.9  630.0  180.0
    21.0441      27.37       2.52     981.33      12.65    1749.40       8.44  147.5   39.9  630.0  180.0
    21.5825      39.31       2.25     930.29      13.56    1989.97      13.88  147.5   39.9  630.0  180.0
    22.1209      29.66       3.39     908.88      19.80    1419.21      13.82  147.5   39.9  630.0  180.0
    22.6592      23.82       2.88     791.27      15.58    1222.89      10.37  147.5   39.9  630.0  180.0
    23.1976      22.65       1.22     765.36       7.50    1112.96       4.19  147.5   39.9  630.0  180.0
    23.7362      18.98       4.26     968.85      23.44    1134.71      11.01  147.5   39.9  630.0  180.0
    24.2746      28.88       5.28     836.74      26.60     999.86      12.12  147.5   39.9  630.0  180.0
    24.8132      35.67       1.27     983.02      12.57     883.89       5.21  147.5   39.9  630.0  180.0
    25.3516      26.94       6.84     847.69      35.31     750.91      12.10  147.5   39.9  630.0  180.0
    25.8900      27.14       3.47     751.44      14.94     776.18       4.99  147.5   39.9  630.0  180.0
    26.4284      16.35       8.33     778.19      41.04     633.72      12.38  147.5   39.9  630.0  180.0
    26.9669      11.69       8.50     748.44      40.94     651.07      12.93  147.5   39.9  630.0  180.0
    27.5054      11.59      12.40     708.64      58.14     448.17      13.14  147.5   39.9  630.0  180.0
    28.0440       8.58       7.50     820.99      38.19     523.26       9.22  147.5   39.9  630.0  180.0
    28.5824      19.72       8.99     776.52      44.36     435.17       9.28  147.5   39.9  630.0  180.0
    29.1209      19.95      13.39     709.72      63.31     368.19      11.74  147.5   39.9  630.0  180.0
    29.6594      19.06       5.45     838.00      28.24    1669.08      21.89  147.5   39.9  630.0  180.0
