                 MRH
    9    6 2015
    18.4574        NaN        NaN        NaN        NaN     977.73      19.14  102.5   -0.0  630.0  180.0
    18.9957        NaN        NaN        NaN        NaN     958.93      64.16  102.5   -0.0  630.0  180.0
    19.5340        NaN        NaN        NaN        NaN     948.42      37.01  102.5   -0.0  630.0  180.0
    20.0724        NaN        NaN        NaN        NaN     913.72      30.17  102.5   -0.0  630.0  180.0
    20.6108        NaN        NaN        NaN        NaN     833.93      22.08  102.5   -0.0  630.0  180.0
    21.1493        NaN        NaN        NaN        NaN    1038.06      21.18  102.5   -0.0  630.0  180.0
    21.6876        NaN        NaN        NaN        NaN     978.21      20.47  102.5   -0.0  630.0  180.0
    22.2260        NaN        NaN        NaN        NaN     924.48      23.15  102.5   -0.0  630.0  180.0
    22.7643        NaN        NaN        NaN        NaN     795.65      17.42  102.5   -0.0  630.0  180.0
    23.3027        NaN        NaN        NaN        NaN     983.88      12.12  102.5   -0.0  630.0  180.0
    23.8412        NaN        NaN        NaN        NaN     934.67      31.24  102.5   -0.0  630.0  180.0
    24.3797        NaN        NaN        NaN        NaN     827.74      34.17  102.5   -0.0  630.0  180.0
    24.9183        NaN        NaN        NaN        NaN     794.92      34.85  102.5   -0.0  630.0  180.0
    25.4567        NaN        NaN        NaN        NaN     792.26      43.71  102.5   -0.0  630.0  180.0
    25.9951        NaN        NaN        NaN        NaN     825.94      44.47  102.5   -0.0  630.0  180.0
    26.5335        NaN        NaN        NaN        NaN     746.83      22.22  102.5   -0.0  630.0  180.0
    27.0720        NaN        NaN        NaN        NaN     872.13      33.75  102.5   -0.0  630.0  180.0
    27.6105        NaN        NaN        NaN        NaN     791.16      42.43  102.5   -0.0  630.0  180.0
    28.1491        NaN        NaN        NaN        NaN     788.44      72.99  102.5   -0.0  630.0  180.0
    28.6877        NaN        NaN        NaN        NaN     697.61      79.52  102.5   -0.0  630.0  180.0
    29.2259        NaN        NaN        NaN        NaN     739.38      94.74  102.5   -0.0  630.0  180.0
    18.5626      38.76       2.21        NaN        NaN    1076.84      14.92   89.8  -45.0  630.0  180.0
    19.1009     112.43      11.10        NaN        NaN    1000.09      49.01   89.8  -45.0  630.0  180.0
    19.6392     124.33       2.42        NaN        NaN     898.78      13.47   89.8  -45.0  630.0  180.0
    20.1777     125.52      10.78        NaN        NaN     935.33      43.16   89.8  -45.0  630.0  180.0
    20.7161     133.46       7.92        NaN        NaN     976.37      32.31   89.8  -45.0  630.0  180.0
    21.2545     115.17       3.44        NaN        NaN     941.90      15.55   89.8  -45.0  630.0  180.0
    21.7929     103.75       3.13        NaN        NaN     914.72      14.07   89.8  -45.0  630.0  180.0
    22.3312      85.68       3.83        NaN        NaN     889.32      15.92   89.8  -45.0  630.0  180.0
    22.8695      89.40       1.52        NaN        NaN    1097.21      12.91   89.8  -45.0  630.0  180.0
    23.4080      89.74       3.42        NaN        NaN     834.29      10.84   89.8  -45.0  630.0  180.0
    23.9465      62.80       6.52        NaN        NaN     858.55      24.04   89.8  -45.0  630.0  180.0
    24.4850      77.39       5.73        NaN        NaN     928.98      22.05   89.8  -45.0  630.0  180.0
    25.0236      82.29       8.03        NaN        NaN     870.15      30.41   89.8  -45.0  630.0  180.0
    25.5620      90.04       9.61        NaN        NaN     835.29      35.51   89.8  -45.0  630.0  180.0
    26.1004      89.57       5.14        NaN        NaN     736.33      16.01   89.8  -45.0  630.0  180.0
    26.6388      70.90       7.91        NaN        NaN     895.73      30.25   89.8  -45.0  630.0  180.0
    27.1773      56.43      10.63        NaN        NaN     819.08      38.58   89.8  -45.0  630.0  180.0
    27.7158      75.22      15.59        NaN        NaN     825.52      58.04   89.8  -45.0  630.0  180.0
    28.2544      38.03      22.04        NaN        NaN     787.41      79.72   89.8  -45.0  630.0  180.0
    28.7928      79.33      18.51        NaN        NaN     784.48      66.57   89.8  -45.0  630.0  180.0
    29.3312      74.76      20.63        NaN        NaN     755.56      72.51   89.8  -45.0  630.0  180.0
