                 MRH
    9    6 2015
      18.25       NaN       NaN       NaN       NaN    977.73     19.14    630.0   1800
      18.75     38.76      2.21       NaN       NaN   1017.89     32.93    630.0   1800
      19.25    112.43     11.10       NaN       NaN   1000.09     49.01    630.0   1800
      19.75    124.33      2.42       NaN       NaN    923.60     19.69    630.0   1800
      20.25    125.52     10.78       NaN       NaN    924.53     26.33    630.0   1800
      20.75    133.46      7.92       NaN       NaN    905.15     19.57    630.0   1800
      21.25    115.17      3.44       NaN       NaN    989.98     13.14    630.0   1800
      21.75    103.75      3.13       NaN       NaN    946.47     12.42    630.0   1800
      22.25     85.68      3.83       NaN       NaN    906.90     14.05    630.0   1800
      22.75     89.40      1.52       NaN       NaN    946.43     10.84    630.0   1800
      23.25     89.74      3.42       NaN       NaN    909.08      8.13    630.0   1800
      23.75     62.80      6.52       NaN       NaN    896.61     19.71    630.0   1800
      24.25     77.39      5.73       NaN       NaN    878.36     20.33    630.0   1800
      24.75       NaN       NaN       NaN       NaN    794.92     34.85    630.0   1800
      25.25     82.29      8.03       NaN       NaN    831.20     26.63    630.0   1800
      25.75     90.04      9.61       NaN       NaN    830.61     28.45    630.0   1800
      26.25     89.57      5.14       NaN       NaN    736.33     16.01    630.0   1800
      26.75     70.90      7.91       NaN       NaN    821.28     18.77    630.0   1800
      27.25     56.43     10.63       NaN       NaN    845.61     25.63    630.0   1800
      27.75     75.22     15.59       NaN       NaN    808.34     35.95    630.0   1800
      28.25     38.03     22.04       NaN       NaN    787.93     54.04    630.0   1800
      28.75     79.33     18.51       NaN       NaN    741.04     51.85    630.0   1800
      29.25     74.76     20.63       NaN       NaN    747.47     59.65    630.0   1800
