  Image    fringe1  fringe2  fringe3  fringe4  fringe5  fringe6  fringe7
-----------------------------------------------------------------------------
    1     0.717011 0.714914 0.713857 0.708255 0.705015 0.702394 0.699765
    2     0.716099 0.715291 0.715208 0.707558 0.703762 0.69831829.228884
    3     0.723302 0.723115 0.719712 0.716705 0.710375 0.709641 0.706614
    4     0.723529 0.722937 0.720519 0.715773 0.712177 0.708677 0.707607
    5     0.730036 0.730116 2.203788****************** 0.716489*********
    6     0.735850 0.733043 0.733019 0.727454 0.723745 0.720336 0.716400
    7     0.735174 0.734311 0.731615 0.725888 0.722721 0.711486 0.717875
    8     0.716346 0.730708 0.694298 0.728353 0.726241 0.720600 0.722844
    9     0.738515 0.733763 0.730281 0.730295 0.726763 0.718441 0.722508
   10     0.714245 0.714687 0.712560 0.707160 0.706783 0.699864 0.697825
   11     0.711261 0.709678 0.705497 0.701878 0.696941 0.696097 0.695142
   12     0.710134 0.707449 0.708724 0.703231 0.698214 0.696329 0.696935
   13     0.721721 0.725200 0.720074 0.713712 0.713085 0.710054 0.711488
   14     0.724187 0.720150 0.719545 0.715037 0.710429 0.709953 0.710691
   15     0.730570 0.732106 0.730304 0.725446 0.724181 0.717418 0.723398
   16     0.737786 0.737222 0.734241 0.731543 0.724818 0.721826 0.727191
   17     0.733072 0.734454 0.737062 0.728957 0.724717 0.719826 0.725058
   18     0.738213 0.732572 0.734508 0.729724 0.723535 0.719552 0.728616
   19     0.737591 0.734972 0.728210 0.733192 0.722281 0.719023 0.733239
   20     0.716238****************** 0.100212********* 0.701805 0.698679
   21     0.711501 0.712125 0.711373 0.705648***************************
   22     0.712092 0.707558 0.704181 0.703043 0.696209 0.689769 0.691936
   23     0.724596 0.765063 0.715363 0.712918 0.708197 0.707555 0.729669
   24     0.724257 0.726989 0.722978 0.717727 0.712763 0.711370 0.711262
   25     0.737648 0.734487 0.729446 0.726682 0.726884 0.723530 0.714134
   26     0.742166 0.730874 0.731722 0.731211 0.724360 0.725388 0.719426
   27     0.735447 0.735964 0.734635 0.727475 0.723220 0.721458 0.717102
   28     0.738560 0.736066 0.731941 0.725572 0.722350 0.717069 0.721082
   29     0.733955 0.734468 0.736881 0.735058 0.724786 0.722106 0.725959
   30     0.720170 0.719447 0.713867 0.711650 0.708278 0.704098 0.701516
   31     0.714883 0.715147 0.711467 0.705115 0.702333 0.699157 0.696433
   32     0.711467 0.708351 0.705511 0.703241 0.701218 0.690319 0.690840
   33     0.720786 0.724901 0.721492 0.713866 0.713787 0.708547 0.705281
   34     0.728993 0.723664 0.724747 0.719051 0.714056 0.711762 0.708339
   35     0.735261 0.733242 0.733261 0.731621 0.725725 0.719961 0.721146
   36     0.737878 0.735059 0.736474 0.726534 0.728001 0.722176 0.726303
   37     0.735899 0.732547 0.736672 0.732099 0.721604 0.724223 0.724055
   38     0.736546 0.730722 0.735496 0.730112 0.726131 0.726769 0.722552
   39     0.738567 0.739415 0.737260 0.732910 0.724984 0.724706 0.719654
   40     0.723085 0.721133 0.718699 0.713885 0.711217 0.706241 0.705136
   41     0.718616 0.714171 0.714435 0.707128 0.706099 0.700984 0.701432
   42     0.712046 0.711795 0.710003 0.705231 0.701624 0.696547 0.695284
   43     0.724050 0.725271 0.718875 0.714029 0.714336 0.711378 0.709891
   44     0.731175 0.729544 0.728334 0.723435 0.719679 0.717640 0.714256
   45     0.740769 0.734535 0.734292 0.730817 0.727525 0.723990 0.718497
   46     0.738521 0.737251 0.735342 0.725826 0.722967 0.720315 0.724198
   47     0.738922 0.733541 0.737257 0.730836 0.727462 0.724752 0.726325
   48     0.737722 0.739483 0.732795 0.728673 0.724841 0.722783 0.721535
   49     0.737138 0.736962 0.735990 0.730982 0.728788 0.721092 0.720287
   50     0.728042 0.725866 0.722347 0.719181 0.715475 0.711862 0.709078
   51     0.719559 0.718248 0.716364 0.711227 0.708534 0.703382 0.700178
   52     0.715667 0.712116 0.709535 0.705920 0.701699 0.700188 0.695721
   53     0.727438 0.727853 0.722616*********-8.445584 0.712824 0.708159
   54     0.734622 0.731627 0.729494********* 0.599672 0.058634-2.652469
   55     0.738102 0.734198 0.734567 0.729140 0.726227 0.720443 0.720541
   56     0.734243 0.734986 0.731691 0.726976 0.723629 0.717921 0.721455
   57     0.735853 0.734010 0.733320 0.726763********* 0.741445 0.719796
   58     0.743376 0.732071 0.731255 0.729746 0.723177 0.720026 0.718822
   59     0.742961********* 0.730325 0.725991 0.721555 0.717503 0.716099
   60    -0.223932 0.727139********* 0.48913318.272810 0.712773 0.708914
   61     0.719565 0.716853 0.715164 0.710438 0.706242 0.704345 0.702700
   62     0.715277 0.712789 0.710605 0.705787 0.701968 0.700282 0.696062
   63     0.725644 0.725346 0.722063 0.716880 0.712928 0.710592 0.709078
   64     0.733974 0.732166 0.730058 0.723227 0.722381 0.719375 0.714890
   65     0.739064 0.736021 0.733383 0.728348 0.725511 0.722074 0.717590
   66     0.732462 0.730973 0.729388 0.723581 0.720268 0.715965 0.714376
   67     0.733895 0.731259 0.727589 0.724167 0.720516 0.717527 0.715149
   68     0.733584 0.729754 0.762688********* 0.719847 0.715312 0.713185
   69     0.732266 0.731762 0.390240****************** 0.717154 0.716093
   70     0.729746 0.726563 0.722395 0.720013 0.715807 0.712698 0.709344
   71     0.720839 0.720766 0.716960 0.715061 0.709784 0.705923 0.704528
   72     0.719552 0.713721 0.713099 0.709162 0.704778 0.702610 0.699307
   73     0.727318 0.725000 0.721699 0.719168 0.715606 0.711214*********
   74     0.734789 0.731657 0.731310 0.726110 0.722404 0.719119 0.717100
   75     0.737215 0.734245 0.733537 0.728056 0.724712 0.721232 0.717671
   76     0.733330 0.732004 0.728838 0.724272 0.722235 0.718458 0.714558
   77     0.735746 0.734269 0.729130 0.724811 0.721708 0.718326 0.716006
   78     0.734257 0.733450 0.729322 0.725668 0.721541 0.718185 0.715974
   79     0.735514 0.732165 0.730222 0.726982 0.721500 0.717902 0.716862
   80    ********* 0.729401 0.727761 0.723830 0.719455 0.716457 0.714358
   81     0.726088 0.721480 0.718937 0.714807 0.711709 0.707117 0.706448
   82     0.720287 0.716614 0.716637 0.713881 0.708416 0.704216 0.703601
   83     0.731198 0.724762 0.723685 0.718903 0.715953 0.714009 0.711029
   84     0.734411 0.733170 0.732797 0.729603 0.721488 0.720598 0.717929
   85     0.741121 0.736544 0.735519 0.729868 0.725715 0.722876 0.722516
   86     0.736433 0.734745 0.732171 0.726410 0.195035-1.687234*********
   87     0.736748 0.733473 0.730052 0.725358 0.723489 0.721053 0.717559
   88     0.735848 0.734434 0.731809 0.727505 0.723900 0.720303 0.718774
   89     0.736848 0.734016 0.729571 0.727429 0.723214 0.717308 0.719905
   90     0.731318 0.728799 0.727415 0.722280 0.719458 0.717300 0.713170
   91     0.724639 0.723107 0.720340 0.718277 0.711496 0.709070 0.703813
   92     0.721297 0.719481 0.719064 0.714373 0.710613 0.705846 0.704630
   93     0.728677 0.728453 0.728663 0.718840 0.717504 0.715507 0.713028
   94     0.734558 0.734285 0.732361 0.726732 0.724086 0.718671 0.715980
   95     0.737672 0.737020 0.734977 0.731052 0.726183 0.721833 0.719947
   96     0.735812 0.733788 0.731780 0.729287 0.725381 0.721753 0.717736
   97     0.737626 0.735530 0.732492 0.726722 0.724958 0.722236 0.717052
   98     0.734359 0.734722 0.732858 0.726427 0.724235 0.720264 0.718722
   99     0.736294 0.731244 0.730536 0.725773 0.724622 0.719111 0.716739
  100     0.730745 0.728854 0.725875 0.722187 0.717548 0.714907 0.713480
  101     0.724929 0.725047 0.722724 0.716697 0.712545 0.710591 0.708011
  102     0.721700 0.719521 0.718560 0.712116 0.708831 0.705909 0.705926
  103     0.731922 0.729077 0.727164 0.722255 0.718674 0.716634 0.713722
  104     0.736685 0.731853 0.732654 0.726088 0.721988 0.720603 0.718076
  105     0.736203 0.735043 0.732133 0.727392 0.725372 0.719809 0.719249
  106     0.733628 0.732518 0.733112 0.726039 0.720303 0.718678 0.717238
  107     0.734531 0.731763 0.731856 0.727719 0.726013 0.719913 0.717382
  108     0.736591 0.734087 0.729948 0.725849 0.722764 0.720053 0.718982
  109     0.734227 0.733198 0.730298 0.726560 0.723480 0.718979 0.716466
  110     0.730610 0.729641 0.726668 0.721230 0.717322 0.711925 0.711676
  111     0.724957 0.723880 0.722362 0.716491 0.711660 0.709035 0.707148
  112     0.722239 0.718074 0.715334 0.713084 0.710674 0.705432 0.704099
  113     0.728631 0.727139 0.724337 0.721590 0.715684 0.712570 0.712778
  114     0.735648 0.733172 0.731301 0.727964 0.722373 0.719438 0.717106
  115     0.736671 0.735330 0.735771 0.729531 0.727732 0.723215 0.722552
  116     0.737524 0.734094 0.730043 0.727733 0.723998 0.723943 0.719182
  117     0.736664 0.732592 0.731572 0.729105 0.723511 0.720388 0.718835
  118     0.737028 0.738039 0.734241 0.728427 0.722864 0.723002 0.719524
  119     0.737191 0.734720 0.733436 0.727987 0.726582 0.720628 0.720298
  120     0.731959 0.730793 0.727543 0.723460 0.718359 0.715775 0.713741
  121     0.723532 0.722445 0.721886 0.714780 0.713725 0.707906 0.706374
  122     0.723737 0.721391 0.718900 0.714414 0.707407 0.703888 0.706088
  123     0.731127 0.726377 0.725548 0.718331 0.716091 0.712678 0.710350
  124     0.736944 0.733127 0.733562 0.727516 0.724343 0.721660 0.721202
  125     0.740383 0.736759 0.737091 0.731240 0.727985 0.723714 0.724574
  126     0.737715 0.737739 0.734857 0.728923 0.725204 0.720783 0.721332
  127     0.736192 0.734178 0.737879 0.730841 0.728952 0.723273 0.719958
  128     0.739538 0.732857 0.734473 0.729149 0.723474 0.720826 0.722257
  129     0.737469 0.736249 0.732542 0.728005 0.726635 0.723175 0.720922
  130     0.733635 0.729932 0.732385 0.723587 0.720625 0.718857 0.716470
  131     0.726657 0.723083 0.723143 0.716037 0.714651 0.713680 0.713495
  132     0.719878 0.721620 0.718292 0.717572 0.710946 0.706626 0.704140
  133     0.731892 0.730277 0.727447 0.724103 0.718596 0.716064 0.715328
  134     0.736612 0.737475 0.734956 0.730448 0.726011 0.723980 0.720856
  135     0.740379 0.741223 0.739190 0.730762 0.728298 0.729500 0.724481
  136     0.737115 0.735357 0.736631 0.730783 0.725935 0.720622 0.720234
  137     0.739883 0.738418 0.732469 0.726225 0.724658 0.723687 0.721381
  138     0.739843 0.737702 0.732041 0.727108 0.726131 0.723846 0.722813
  139     0.736602 0.739322 0.734044 0.729269 0.727164 0.722204 0.722939
  140     0.737072 0.734701 0.731589 0.725304 0.724029 0.719054 0.722488
  141     0.727369 0.724340 0.723715 0.718781 0.715101 0.713315 0.710285
  142     0.723235 0.721811 0.719568 0.715315 0.711623 0.708111 0.707730
  143     0.733062 0.729465 0.726237 0.719726 0.720628 0.712351 0.716826
  144     0.740628 0.737305 0.735299 0.730327 0.728624 0.725731 0.722473
  145     0.740173 0.738029 0.739783 0.734081 0.731627 0.728915 0.725956
  146     0.739800 0.736577 0.735612 0.731072 0.731180 0.723101 0.724415
  147     0.736794 0.735368 0.735511 0.728918 0.726872 0.724064 0.725774
  148     0.736907 0.737041 0.734535 0.732078 0.727565 0.720587 0.721600
  149     0.736906 0.738568 0.733830 0.728949 0.724254 0.723103 0.724539
  150     0.737662 0.732248 0.732378 0.730681 0.722274 0.721136 0.721217
  151     0.730839 0.727882 0.727526 0.722872 0.715544 0.712483 0.712859
  152     0.721701 0.721275 0.726415 0.719693 0.711506 0.712716 0.710993
  153     0.734261 0.726630 0.727864 0.722951 0.717649 0.714676 0.716874
  154     0.741924 0.737562 0.735252 0.730256 0.725186 0.725078 0.723491
  155     0.740554 0.735853 0.736180 0.732595 0.728061 0.726593 0.726586
  156     0.739113 0.733861 0.735545 0.730265 0.724617 0.720619 0.720797
  157     0.736634 0.733859 0.731727 0.729304 0.724809 0.720685 0.719675
  158     0.737266 0.735118 0.734132 0.730394 0.723291 0.721111 0.721940
  159     0.736195 0.732721 0.735673 0.729617 0.727045 0.723189 0.717774
  160     0.737556 0.735355 0.735485 0.726690 0.727936 0.725501 0.723787
  161     0.733997 0.728401 0.725376 0.724187 0.716467 0.715762 0.715194
  162     0.721932 0.716725 0.724012 0.722839 0.716278 0.711649 0.718672
  163     0.733452 0.729741 0.726649 0.725905 0.720171 0.715441 0.719555
  164     0.739285 0.738411 0.738404 0.730526 0.724434 0.721841 0.725170
  165     0.738287 0.737795 0.737170 0.728934 0.726427 0.723760 0.725260
  166     0.733991 0.734992 0.731978 0.727769 0.724978 0.721276 0.721102
  167     0.732430 0.732256 0.730838 0.730338 0.725024 0.721891 0.721182
  168     0.733873 0.731697 0.736136 0.729244 0.722604 0.720213 0.721160
  169     0.733034 0.734510 0.732316 0.727491 0.723579 0.720210 0.719495
  170     0.727517 0.730880 0.740854 0.724573 0.727064 0.719299 0.724424
  171     0.730159 0.730906 0.726288 0.719000 0.720921 0.713941 0.721963
  172     0.717640 0.722654 0.740058 0.711472 0.726271 0.708691 0.728491
  173     0.733240 0.730789 0.729938 0.727803 0.722114 0.723600 0.721387
  174     0.730792 0.732633 0.741804 0.735008 0.724937 0.721300 0.727682
  175     0.739142 0.741418 0.743591 0.723903 0.729441 0.725270 0.732270
  176     0.735673 0.735699 0.738035 0.727444 0.723550 0.723321 0.725060
  177     0.737464 0.735696 0.738256 0.729335 0.728046 0.722255 0.719521
  178     0.737529 0.736736 0.738148 0.731414 0.726933 0.724334 0.725562
  179     0.735644 0.740094 0.740449 0.734171 0.719686 0.728099 0.731248
  180     0.728997 0.735072 0.730882 0.723595 0.724773 0.722130 0.725067
  181     0.729943 0.727938 0.725223 0.720863 0.723639 0.716290 0.722945
  182     0.722536 0.720919 0.731165 0.714077 0.716181 0.708616 0.716254
  183     0.731595 0.728394 0.723904 0.727850 0.727353 0.713998 0.721298
  184     0.729809 0.731754 0.739450 0.728749 0.722900 0.722506 0.722384
  185     0.728077 0.734331 0.736626 0.730072 0.730214 0.722522 0.727600
  186     0.731337 0.735103 0.736653 0.735268 0.731190 0.718224 0.738335
  187     0.741838 0.743073 0.742284 0.728067 0.727862 0.726799 0.724119
  188     0.738023 0.733355 0.743194 0.729838 0.725757 0.727090 0.727963
  189     0.734298 0.736200 0.740213 0.730764 0.732619 0.721264 0.731574
  190     0.730928 0.729159 0.728924 0.726487 0.717145 0.713047 0.717943
  191     0.725797 0.728092 0.727494 0.722106 0.724721 0.712090 0.714679
  192     0.723715 0.720885 0.739565 0.715885 0.714145 0.715430 0.722946
  193     0.742656 0.728887 0.729651 0.726533 0.712826 0.719577 0.721751
  194     0.733306 0.737996 0.734288 0.729254 0.726664 0.722164 0.719157
  195     0.741165 0.739641 0.739033 0.731037 0.735142 0.727952 0.725562
  196     0.746207 0.737223 0.739240 0.728951 0.730048 0.732836 0.730627
  197     0.750907 0.745288 0.737270 0.729436 0.729223 0.729838 0.736108
  198     0.739386 0.739338 0.740013 0.729388 0.731729 0.721939 0.734764
  199     0.745753 0.741770 0.737798 0.728080 0.732407 0.730637 0.724003
  200     0.727741 0.730191 0.729276 0.719641 0.718049 0.715671 0.723723
  201     0.731400 0.727835 0.728507 0.719519 0.713819 0.717576 0.718828
  202     0.734946 0.726075 0.727951 0.726993 0.720905 0.720130 0.720391
  203     0.728976 0.735863 0.734364 0.735373 0.715427 0.716372 0.729558
  204     0.736538 0.731794 0.735692 0.728863 0.722303 0.718361 0.721436
  205     0.741465 0.740362 0.739742 0.733289 0.729866 0.723015 0.731479
  206     0.739201 0.739082 0.745296 0.734264 0.731863 0.729472 0.732032
  207     0.742718 0.744671 0.743807 0.736825 0.722515 0.723814 0.729069
  208     0.736011 0.739449 0.739354 0.731366 0.727806 0.727216 0.726763
  209     0.734086 0.738534 0.739840 0.730886 0.728871 0.724297 0.724238
  210     0.732349 0.731845 0.735278 0.726054 0.722164 0.715553 0.712574
  211     0.727902 0.728296 0.729369 0.725507 0.719471 0.718059 0.711954
