   1.510  -0.167  18.850
   1.535  -0.155  19.383
   1.517  -0.175  19.933
   1.561  -0.144  20.467
   1.555  -0.154  21.000
   1.561  -0.144  21.550
   1.521  -0.138  22.083
   1.544  -0.150  22.617
   1.538  -0.115  23.167
   1.529  -0.129  23.700
   1.519  -0.137  24.233
   1.520  -0.131  24.767
   1.513  -0.137  25.317
   1.528  -0.138  25.850
   1.517  -0.128  26.383
   1.497  -0.113  26.933
   1.511  -0.101  27.467
   1.497  -0.102  28.000
   1.492  -0.090  28.550
   1.513  -0.099  29.083
   1.487  -0.100  29.617
   1.493  -0.112  29.783
   1.521  -0.130
