MRH 20150622
    23.43    69.92   116.38   162.89   209.34   255.82   302.33
    46.48    46.47    46.50    46.46    46.48    46.50    46.50
     0.83899724     0.56561100     0.36635271     0.22028296     0.12434094     0.06485707     0.03013705     0.01004111     0.00008429    -0.00482697    -0.00669599    -0.00551246    -0.00395275    -0.00171031    -0.00067858     0.00049752    -0.00041036    -0.00078276
    -0.02148604    -0.03023347    -0.03827136    -0.04424887    -0.04517648    -0.04196830    -0.03534400    -0.02666025    -0.01812136    -0.01171251    -0.00748051    -0.00522054    -0.00342025    -0.00153109    -0.00085208     0.00148487     0.00157360     0.00049510
     1.00000000     0.67477465     0.43876943     0.26772177     0.15797070     0.09237615     0.05559040     0.03493410     0.02332991     0.01791083     0.01414183     0.01082846     0.00890195     0.00732710     0.00685719     0.00579715     0.00522091     0.00496447
     0.82991946     0.54028445     0.33183351     0.18848215     0.09824230     0.04606578     0.01854208     0.00579873     0.00075991    -0.00101563    -0.00166122    -0.00200988    -0.00050890     0.00019712    -0.00015809    -0.00098291    -0.00038742     0.00022935
     0.03455444     0.04019649     0.02709199     0.00725036    -0.00800137    -0.01850699    -0.01944471    -0.01712758    -0.01305172    -0.00942087    -0.00559945    -0.00343384    -0.00173521    -0.00073907    -0.00030581     0.00026402     0.00026000     0.00050395
     1.00000000     0.65214980     0.40079561     0.22710133     0.11874913     0.05995781     0.03264118     0.02191719     0.01604535     0.01162570     0.00767690     0.00568073     0.00412395     0.00267044     0.00290425     0.00332410     0.00275721     0.00233709
     0.83137065     0.51829022     0.29486108     0.15311715     0.07144903     0.02953823     0.01033324     0.00371268     0.00013089    -0.00079784    -0.00131423    -0.00162966    -0.00089289    -0.00087246     0.00075018     0.00125172     0.00192710     0.00136549
     0.08298882     0.09343876     0.06786762     0.03172369     0.00346002    -0.01084611    -0.01659472    -0.01564722    -0.01089249    -0.00612888    -0.00368761    -0.00088123    -0.00015234     0.00194046     0.00089959     0.00139371     0.00030678    -0.00060904
     1.00000000     0.63165599     0.36418480     0.18923725     0.08712330     0.03864079     0.02415853     0.02011126     0.01377978     0.00811098     0.00572549     0.00398108     0.00336443     0.00372871     0.00295629     0.00384206     0.00316559     0.00339790
     0.83269244     0.50978541     0.27951339     0.13003811     0.04801496     0.00941621    -0.00532738    -0.00719149    -0.00549191    -0.00404500    -0.00261461    -0.00175185    -0.00143404    -0.00176411     0.00022216    -0.00013397     0.00157569     0.00100544
     0.02881862     0.03051526     0.01213092    -0.00427454    -0.01325536    -0.01528274    -0.01574908    -0.00922900    -0.00711685    -0.00307405    -0.00075956    -0.00021512     0.00144515     0.00216009     0.00149638     0.00099257     0.00027834    -0.00031623
     1.00000000     0.61294639     0.33583233     0.15618916     0.05986390     0.02205047     0.02021184     0.01432113     0.01147217     0.00684086     0.00494441     0.00383914     0.00362724     0.00470881     0.00369881     0.00321716     0.00371816     0.00346298
     0.83030063     0.48627108     0.24817085     0.10411298     0.03217116     0.00432490    -0.00357913    -0.00205002    -0.00289365    -0.00070855    -0.00005044    -0.00328491    -0.00153047    -0.00281320    -0.00209413    -0.00223049    -0.00159775    -0.00160111
     0.08603649     0.08776213     0.05757233     0.02158294    -0.00474265    -0.01283318    -0.01474614    -0.00942121    -0.00601538    -0.00339581    -0.00217566    -0.00103544    -0.00404472    -0.00103639    -0.00096167     0.00073587     0.00021567    -0.00203102
     1.00000000     0.59193707     0.30543315     0.12732066     0.03936907     0.01842616     0.01870806     0.01363177     0.01028408     0.00615566     0.00583248     0.00576109     0.00668353     0.00596485     0.00478284     0.00526194     0.00462128     0.00549987
     0.82629192     0.47237831     0.22682199     0.08140241     0.01354690    -0.01197527    -0.01508512    -0.01037125    -0.00462649    -0.00083376    -0.00036112     0.00070161    -0.00096785    -0.00156374    -0.00255057    -0.00636371    -0.00508354    -0.00706221
     0.01805182     0.02168321     0.00042257    -0.00568638    -0.01154742    -0.00972633    -0.00891776    -0.00610724    -0.00389800    -0.00062690    -0.00076427     0.00208788    -0.00120906    -0.00121929    -0.00537556    -0.00580157    -0.00605699    -0.00201724
     1.00000000     0.57192290     0.27439392     0.09889312     0.02177557     0.01932148     0.02141169     0.01480082     0.00833495     0.00344514     0.00467636     0.00482507     0.00464948     0.00519221     0.00878350     0.01239003     0.01122819     0.01073778
     0.82015121     0.44834214     0.19812320     0.06002792     0.00313799    -0.01168313    -0.01089175    -0.00412131    -0.00064973    -0.00066979    -0.00107521    -0.00457919    -0.00386431    -0.00311094    -0.00355168    -0.00615311    -0.00424884    -0.00487282
     0.07776669     0.07737631     0.04338473     0.01536523    -0.00513363    -0.01140415    -0.01156598    -0.00630403    -0.00578575    -0.00000259     0.00004421    -0.00227154    -0.00404738    -0.00507970    -0.00775030    -0.00630512    -0.00714018    -0.00417216
     1.00000000     0.55227458     0.24639450     0.07554609     0.00963266     0.02062287     0.02007677     0.01063360     0.00809237     0.00393802     0.00477280     0.00755123     0.00803941     0.00958001     0.01167689     0.01237182     0.01213075     0.00903222
   1.521  -0.130  400    2    0    0    0  0.000 18.000
