                 MRH
   22    6 2015
    18.4922      65.25       4.77    1124.22      30.10    2145.07      25.65  102.5    0.0  630.0  180.0
    19.0307      65.61       7.30     938.54      40.42    1135.92      20.08  102.5    0.0  630.0  180.0
    19.5689      65.34       5.75     931.82      31.30    1154.66      15.69  102.5    0.0  630.0  180.0
    20.1073      63.29       1.35     949.41      11.46     736.44       4.06  102.5    0.0  630.0  180.0
    20.6457      15.16      22.13     643.85     110.78      96.78       5.66  102.5    0.0  630.0  180.0
    21.1838      67.71      11.90     611.58      50.77     144.28       3.73  102.5    0.0  630.0  180.0
    21.7221      49.46      79.35     381.44     417.57      36.16       7.24  102.5    0.0  630.0  180.0
    22.2604     -23.52     170.14     326.87     538.72      34.17      13.72  102.5    0.0  630.0  180.0
    22.7987     -95.77     103.53     404.98     487.14      43.90      11.67  102.5    0.0  630.0  180.0
    23.3370     -12.93      43.91     584.91     215.45      52.97       5.49  102.5    0.0  630.0  180.0
    23.8752    -107.94      19.20     267.44     153.59      33.58       3.56  102.5    0.0  630.0  180.0
    24.4135     -17.72      40.98     401.65     152.96      62.98       6.32  102.5    0.0  630.0  180.0
    24.9518      32.85      64.01     350.68     260.33      44.51       7.32  102.5    0.0  630.0  180.0
    25.4901     169.85      69.24     949.03     856.82      31.39       8.52  102.5    0.0  630.0  180.0
    26.0285     182.79      97.36     259.83     788.50      19.52       6.42  102.5    0.0  630.0  180.0
    26.5666      72.29     191.22     396.64     804.71      20.53       8.16  102.5    0.0  630.0  180.0
    27.1049     -32.96     269.24     568.63    1638.96      17.14       9.06  102.5    0.0  630.0  180.0
    27.6431     144.37     214.47     275.55     773.56      19.42      10.39  102.5    0.0  630.0  180.0
    28.1814    -104.84     244.55     519.51    1155.99      23.88      15.04  102.5    0.0  630.0  180.0
    28.7197      62.36      96.15     487.00    1630.00      25.67       7.96  102.5    0.0  630.0  180.0
    29.2581     -69.59      62.71     846.68     377.53     136.03      24.15  102.5    0.0  630.0  180.0
    18.3867      70.23       4.07    1057.68      24.35    2932.71      29.30   12.8  -50.2  630.0  180.0
    18.8723      89.24       5.61    1056.38      33.49    1637.32      22.45   12.8  -50.2  630.0  180.0
    19.4107      81.99       5.35     934.59      27.10    1639.98      19.11   12.8  -50.2  630.0  180.0
    19.9490      89.49       3.12     976.95      16.45    1596.12      10.41   12.8  -50.2  630.0  180.0
    20.4873      55.48       7.37     652.34      35.26     228.59       4.60   12.8  -50.2  630.0  180.0
    21.0256      83.56      11.57     412.10      45.70     142.63       3.57   12.8  -50.2  630.0  180.0
    21.5638      69.64      31.00     853.95     166.88     153.09      11.98   12.8  -50.2  630.0  180.0
    22.1022     -26.95     130.86     261.73     523.09      37.03      11.49   12.8  -50.2  630.0  180.0
    22.6405     -24.66      85.26     321.93     299.62      65.03      13.81   12.8  -50.2  630.0  180.0
    23.1787       8.20      60.77     525.91     265.61      72.39      11.08   12.8  -50.2  630.0  180.0
    23.7170      29.49      28.43     438.54     110.87      77.97       5.15   12.8  -50.2  630.0  180.0
    24.2553      75.46      35.59     450.02     148.19      51.45       4.32   12.8  -50.2  630.0  180.0
    24.7936      62.05      35.71     506.46     159.20      84.14       7.54   12.8  -50.2  630.0  180.0
    25.3318      94.75      73.14     509.96     291.51      52.33       8.89   12.8  -50.2  630.0  180.0
    25.8701     -22.72      60.45     361.76     528.79      29.96       8.29   12.8  -50.2  630.0  180.0
    26.4086     -22.32     172.15     379.34     915.21      29.99       8.51   12.8  -50.2  630.0  180.0
    26.9466      87.87      88.71     659.06    1156.83      23.75       8.03   12.8  -50.2  630.0  180.0
    27.4849      21.02     219.45     623.10    1486.59      23.19       9.73   12.8  -50.2  630.0  180.0
    28.0232      46.27     102.34     990.00    3348.00      26.95       9.99   12.8  -50.2  630.0  180.0
    28.5615      32.71     107.80     548.92    1038.11      30.94      10.98   12.8  -50.2  630.0  180.0
    29.0998     -15.40     103.17     592.48     640.54      54.23      13.24   12.8  -50.2  630.0  180.0
    29.6381      60.88      11.41     872.29      62.29     944.89      26.99   12.8  -50.2  630.0  180.0
    18.4396      78.23       5.38    1083.33      30.50    2062.20      25.45  102.5   50.2  630.0  180.0
    18.9780      85.49       6.94     939.42      35.35    1260.68      19.28  102.5   50.2  630.0  180.0
    19.5164      89.48       5.93    1011.67      31.73    1382.24      18.24  102.5   50.2  630.0  180.0
    20.0548      87.06       3.32     809.61      13.66    1054.52       6.01  102.5   50.2  630.0  180.0
    20.5930     102.27      12.64     898.76      71.48     215.03       7.29  102.5   50.2  630.0  180.0
    21.1313      91.68      14.53     757.89      70.93     190.70       6.40  102.5   50.2  630.0  180.0
    21.6695     114.30      51.90     575.32     220.68      89.76      10.77  102.5   50.2  630.0  180.0
    22.2079      30.39     129.55     414.44     619.06      37.80      10.71  102.5   50.2  630.0  180.0
    22.7462      -9.85      94.64     520.01     411.02      67.81      16.39  102.5   50.2  630.0  180.0
    23.2846      42.97      36.50     356.18     128.91      67.75       5.95  102.5   50.2  630.0  180.0
    23.8227      33.31      40.66     410.47     164.34      46.65       4.94  102.5   50.2  630.0  180.0
    24.3610      -5.40      18.27     737.22     170.54      59.87       3.85  102.5   50.2  630.0  180.0
    24.8993      70.50      51.53     407.72     217.80      50.22       6.63  102.5   50.2  630.0  180.0
    25.4375      28.57      56.41     431.60     414.93      40.43       6.57  102.5   50.2  630.0  180.0
    25.9758     -64.39      79.69     352.49     535.90      28.14       7.28  102.5   50.2  630.0  180.0
    26.5140     -71.38     113.72     225.59     612.71      25.79       8.51  102.5   50.2  630.0  180.0
    27.0523      50.32     186.75     490.62    1715.83      23.45       8.22  102.5   50.2  630.0  180.0
    27.5906     179.25     109.69     125.07     514.09      21.78       8.52  102.5   50.2  630.0  180.0
    28.1290      14.78     191.13     384.73     800.61      31.65      13.44  102.5   50.2  630.0  180.0
    28.6672    -171.39     105.74     259.07     648.47      32.61      13.13  102.5   50.2  630.0  180.0
    29.2055     -79.36      26.67     859.90     150.58     323.67      22.71  102.5   50.2  630.0  180.0
    29.7439      -3.98       4.69     872.48      25.67    4095.30      48.20  102.5   50.2  630.0  180.0
    18.5449      48.73       4.07    1098.73      25.17    2537.73      25.63   45.0  -45.0  630.0  180.0
    19.0833      56.29       5.83    1065.28      35.42    1569.49      22.80   45.0  -45.0  630.0  180.0
    19.6216      65.20       4.80    1033.41      28.08    1584.02      18.20   45.0  -45.0  630.0  180.0
    20.1602      25.90       1.76     762.12       9.15     776.32       2.95   45.0  -45.0  630.0  180.0
    20.6983      42.26       4.63     697.36      36.62      78.00       1.52   45.0  -45.0  630.0  180.0
    21.2365      59.17      11.42     795.01      57.30     341.64       9.15   45.0  -45.0  630.0  180.0
    21.7748     -85.10      83.09     493.17     344.00      56.77      11.66   45.0  -45.0  630.0  180.0
    22.3133     -61.69     115.21     208.54     346.66      38.64       9.29   45.0  -45.0  630.0  180.0
    22.8516     -97.30      94.62     628.88     443.14      67.32      16.34   45.0  -45.0  630.0  180.0
    23.3897      20.67      49.60     624.36     228.76      65.63       7.98   45.0  -45.0  630.0  180.0
    23.9279      12.39      37.64     673.29     199.38      48.88       4.55   45.0  -45.0  630.0  180.0
    24.4662     -87.84      21.17     284.79     147.43      44.16       3.71   45.0  -45.0  630.0  180.0
    25.0045      43.06      51.56     391.61     188.35      62.20       7.58   45.0  -45.0  630.0  180.0
    25.5427      53.65      61.62     363.79     335.85      38.74       7.27   45.0  -45.0  630.0  180.0
    26.0811      54.12     131.75     248.51     550.04      26.30       7.37   45.0  -45.0  630.0  180.0
    26.6193      75.01     208.15     206.57    1113.97      23.47       8.58   45.0  -45.0  630.0  180.0
    27.1576     -36.05     143.25     491.00    1753.00      22.06      10.24   45.0  -45.0  630.0  180.0
    27.6958     144.53     221.91     288.77     771.00      26.98      12.90   45.0  -45.0  630.0  180.0
    28.2341      31.87     227.79     835.32    1991.85      23.82      12.85   45.0  -45.0  630.0  180.0
    28.7724       4.20      91.60     286.62     589.78      39.15      13.25   45.0  -45.0  630.0  180.0
    29.3108     -25.91      61.38     731.35     316.08     130.16      20.95   45.0  -45.0  630.0  180.0
    18.5974      29.09       3.77    1115.81      23.71    2778.77      26.27   89.9  -45.0  630.0  180.0
    19.1358      17.56       5.75    1060.97      35.40    1619.20      23.69   89.9  -45.0  630.0  180.0
    19.6741      12.67       5.69     944.28      31.94    1413.89      19.54   89.9  -45.0  630.0  180.0
    20.2126     -20.40       6.22     907.10      33.85     718.12      10.57   89.9  -45.0  630.0  180.0
    20.7508     -36.10      27.04     617.68     126.00     100.32       6.85   89.9  -45.0  630.0  180.0
    21.2891      -1.88      15.76     830.35      83.04     296.04      11.44   89.9  -45.0  630.0  180.0
    21.8273     -65.02      98.80     371.97     334.70      51.55      11.69   89.9  -45.0  630.0  180.0
    22.3656     161.87      70.99     521.44     551.12      40.04      10.08   89.9  -45.0  630.0  180.0
    22.9039     -46.34      99.77     459.87     392.24      57.80      14.29   89.9  -45.0  630.0  180.0
    23.4424      36.09      45.42     625.16     228.66      69.69       8.42   89.9  -45.0  630.0  180.0
    23.9805      44.79      42.60     336.10     158.40      42.45       4.69   89.9  -45.0  630.0  180.0
    24.5188      16.27      28.87     352.10      99.07      77.07       5.19   89.9  -45.0  630.0  180.0
    25.0571      41.27      54.39     575.06     268.69      62.43       9.21   89.9  -45.0  630.0  180.0
    25.5954     -38.97      79.71     219.59     356.03      30.34       7.54   89.9  -45.0  630.0  180.0
    26.1337     -23.16     154.58     327.03     635.89      31.07      13.82   89.9  -45.0  630.0  180.0
    26.6718     115.60      86.91     199.48     518.51      26.66       8.53   89.9  -45.0  630.0  180.0
    27.2101     112.45      84.03     176.83     610.85      24.86       8.74   89.9  -45.0  630.0  180.0
    27.7486      97.03      93.92     273.99     824.32      21.85       8.12   89.9  -45.0  630.0  180.0
    28.2867     216.65      76.10     379.68     823.17      28.46       9.11   89.9  -45.0  630.0  180.0
    28.8250     125.17     117.57     294.06     573.45      30.38      11.79   89.9  -45.0  630.0  180.0
    29.3633     -47.11      52.52     944.80     330.14     168.46      25.28   89.9  -45.0  630.0  180.0
    18.6500      30.49       4.23    1099.47      26.33    2525.31      26.77  134.9  -45.0  630.0  180.0
    18.7022      30.51       4.51    1094.19      28.01    2339.10      26.62  134.9  -45.0  630.0  180.0
    18.7546      30.60       4.72    1095.40      29.53    2190.24      26.27  134.9  -45.0  630.0  180.0
    18.8067      31.87       5.04    1072.56      31.08    2031.56      25.94  134.9  -45.0  630.0  180.0
    19.1883       9.88       6.64    1043.51      40.55    1488.36      25.35  134.9  -45.0  630.0  180.0
    19.2406       0.50       6.37    1064.66      39.76    1521.26      25.01  134.9  -45.0  630.0  180.0
    19.2929       2.88       6.15    1059.97      38.12    1531.93      24.20  134.9  -45.0  630.0  180.0
    19.3450       0.47       6.05    1033.21      36.66    1501.22      23.11  134.9  -45.0  630.0  180.0
    19.7267       1.64       5.70    1024.43      34.03    1312.44      18.69  134.9  -45.0  630.0  180.0
    19.7789       0.39       5.30     982.19      30.56    1301.42      16.87  134.9  -45.0  630.0  180.0
    19.8312      -1.84       5.68     942.09      32.07    1324.71      18.41  134.9  -45.0  630.0  180.0
    19.8834       1.46       3.95     996.19      22.54    1375.60      12.66  134.9  -45.0  630.0  180.0
    20.2651     -12.67       5.79     800.82      27.89     449.01       5.48  134.9  -45.0  630.0  180.0
    20.3173      -7.67       6.85     627.24      28.63     287.02       4.04  134.9  -45.0  630.0  180.0
    20.3695      -4.65       8.20    1012.59      52.67     269.80       3.07  134.9  -45.0  630.0  180.0
    20.4218     -26.95       9.08    1057.28      55.46     199.43       4.37  134.9  -45.0  630.0  180.0
    20.8033      -5.45      22.62     365.24      98.10      51.84       2.81  134.9  -45.0  630.0  180.0
    20.8555     -48.04      25.85     417.99      96.63      70.51       4.28  134.9  -45.0  630.0  180.0
    20.9078     -34.66      27.83     723.18     142.30      93.80       6.80  134.9  -45.0  630.0  180.0
    20.9600     -58.49      23.69     732.75     117.05      90.44       5.16  134.9  -45.0  630.0  180.0
    21.3416      12.80      24.43     717.00     118.17     177.41      10.55  134.9  -45.0  630.0  180.0
    21.3938      -1.28      31.00     853.08     172.90     159.61      12.88  134.9  -45.0  630.0  180.0
    21.4461      -3.73      32.64     590.06     141.85     123.65       9.44  134.9  -45.0  630.0  180.0
    21.4983      26.25      40.81     653.53     187.14     104.45      10.24  134.9  -45.0  630.0  180.0
    21.8798       6.34     116.75     442.06     585.41      32.95       8.44  134.9  -45.0  630.0  180.0
    21.9320      71.61      80.34     583.62     785.10      37.90       9.76  134.9  -45.0  630.0  180.0
    21.9843    -143.54      70.86     242.07     496.47      30.99       8.94  134.9  -45.0  630.0  180.0
    22.0365     -61.63      90.71     191.54     548.16      30.16       9.62  134.9  -45.0  630.0  180.0
    22.4182     -63.09     142.60     362.68     510.61      41.68      14.70  134.9  -45.0  630.0  180.0
    22.4704     -99.33     101.44     221.78     557.18      38.41      11.50  134.9  -45.0  630.0  180.0
    22.5226      -0.97      84.81     525.95     643.92      42.31      10.12  134.9  -45.0  630.0  180.0
    22.5749     212.26      66.09     341.94     434.43      35.91      11.30  134.9  -45.0  630.0  180.0
    22.9565     -61.78      80.36     542.54     357.97      68.31      12.62  134.9  -45.0  630.0  180.0
    23.0087    -114.55      74.89     324.81     296.61      61.56      13.06  134.9  -45.0  630.0  180.0
    23.0609     -39.27      77.74     408.23     275.75      62.03      11.33  134.9  -45.0  630.0  180.0
    23.1132     -71.85      63.00     602.80     358.73      52.23       8.54  134.9  -45.0  630.0  180.0
    23.4948     -56.05      38.24     643.09     215.57      51.63       5.16  134.9  -45.0  630.0  180.0
    23.5470     -97.28      25.42     438.74     154.50      45.68       4.05  134.9  -45.0  630.0  180.0
    23.5992     -20.25      39.87     653.98     189.77      56.34       5.56  134.9  -45.0  630.0  180.0
    23.6514     -30.91      31.84     280.87     115.02      67.25       5.25  134.9  -45.0  630.0  180.0
    24.0330     -33.67      42.25     624.27     210.12      48.58       5.24  134.9  -45.0  630.0  180.0
    24.0852     -12.15      21.79     551.58     107.13      78.42       4.54  134.9  -45.0  630.0  180.0
    24.1375     -86.50      30.35     534.66     163.11      66.66       5.81  134.9  -45.0  630.0  180.0
    24.1897     -96.41      14.71     340.50     133.56      43.51       3.31  134.9  -45.0  630.0  180.0
    24.5713     -11.32      37.29     482.50     152.63      56.33       5.00  134.9  -45.0  630.0  180.0
    24.6235      73.91      30.71     416.19     118.12      64.86       4.42  134.9  -45.0  630.0  180.0
    24.6758      30.36      39.55     425.19     162.09      54.19       5.60  134.9  -45.0  630.0  180.0
    24.7280     -22.61      36.39     635.43     179.98      76.40       7.00  134.9  -45.0  630.0  180.0
    25.1096      71.02      58.14     434.17     229.10      57.95       8.17  134.9  -45.0  630.0  180.0
    25.1618      36.19      58.21     508.06     235.51      61.43       8.47  134.9  -45.0  630.0  180.0
    25.2141     -18.92      65.46     738.54     367.61      67.07      11.73  134.9  -45.0  630.0  180.0
    25.2663      64.64      73.92     338.23     260.56      47.47       8.66  134.9  -45.0  630.0  180.0
    25.6478      33.88      53.73     267.77     332.77      30.51       6.38  134.9  -45.0  630.0  180.0
    25.7001      97.68     105.09     190.20     335.95      30.17       6.73  134.9  -45.0  630.0  180.0
    25.7523      21.15     114.64     309.22     388.71      33.69       9.24  134.9  -45.0  630.0  180.0
    25.8045      66.64     136.78     356.36     474.40      30.14       9.67  134.9  -45.0  630.0  180.0
    26.1861     -32.28     155.74     371.65     791.29      21.86       8.63  134.9  -45.0  630.0  180.0
    26.2385      50.53     151.62     232.49     473.47      27.83       9.35  134.9  -45.0  630.0  180.0
    26.2906     151.66      96.83     275.54     688.16      21.31       7.21  134.9  -45.0  630.0  180.0
    26.3428       0.42      96.92     899.39    1543.82      26.48       7.28  134.9  -45.0  630.0  180.0
    26.7243     183.73      75.99     205.83     674.90      22.46       8.69  134.9  -45.0  630.0  180.0
    26.7765    -127.16     155.62     180.53     439.18      26.25       9.19  134.9  -45.0  630.0  180.0
    26.8287     218.27      99.83     497.71    1354.31      21.82       8.97  134.9  -45.0  630.0  180.0
    26.8810      52.58     200.22     249.81     604.03      27.50      13.05  134.9  -45.0  630.0  180.0
    27.2626     -62.73     257.34     290.07     972.50      17.26       7.54  134.9  -45.0  630.0  180.0
    27.3149     232.17      94.25     588.70    1459.53      17.32       8.37  134.9  -45.0  630.0  180.0
    27.3671      26.42     251.83     359.00    1440.00      17.64       8.47  134.9  -45.0  630.0  180.0
    27.4193     -53.01     229.16     248.87     589.85      24.90      12.31  134.9  -45.0  630.0  180.0
    27.8009     -12.64     187.96     423.00    1252.00      26.07       8.03  134.9  -45.0  630.0  180.0
    27.8531     -91.67      75.04     326.41     976.80      23.47       8.44  134.9  -45.0  630.0  180.0
    27.9054      43.64     211.35     211.97     646.73      22.97       9.05  134.9  -45.0  630.0  180.0
    27.9576     -29.67     159.68     187.60     841.71      20.87       8.43  134.9  -45.0  630.0  180.0
    28.3392     219.88      98.79     203.80     673.00      26.04       8.55  134.9  -45.0  630.0  180.0
    28.3914     -40.35     195.25     768.28    1490.07      21.90       8.98  134.9  -45.0  630.0  180.0
    28.4437      92.03      77.76     451.56     934.16      24.39       9.07  134.9  -45.0  630.0  180.0
    28.4959     153.22      72.41     366.64     790.75      25.39       9.55  134.9  -45.0  630.0  180.0
    28.8775     -83.08     108.76     328.54     717.18      34.73      10.98  134.9  -45.0  630.0  180.0
    28.9298      -8.23     115.82     411.02     513.22      42.70      12.27  134.9  -45.0  630.0  180.0
    28.9819      14.88     163.13     449.21     604.06      49.43      18.17  134.9  -45.0  630.0  180.0
    29.0343     -18.60     124.80     311.51     432.64      50.34      14.80  134.9  -45.0  630.0  180.0
    29.4160     -41.10      33.70     733.70     175.75     223.70      19.38  134.9  -45.0  630.0  180.0
    29.4681     -36.26      32.61     918.29     191.67     273.43      23.68  134.9  -45.0  630.0  180.0
    29.5203     -27.38      25.43     873.98     143.36     353.63      23.47  134.9  -45.0  630.0  180.0
    29.5726      -0.83      17.39     968.04     104.75     529.02      24.49  134.9  -45.0  630.0  180.0
    18.9255      86.49       6.87     947.62      35.29    1285.67      19.57  147.5   39.9  630.0  180.0
    19.4639      96.77       6.10    1019.69      32.78    1367.05      18.52  147.5   39.9  630.0  180.0
    20.0022      81.44       3.14     849.73      13.31    1215.38       6.48  147.5   39.9  630.0  180.0
    20.5405      82.91      16.16     777.30      82.38     183.05       7.62  147.5   39.9  630.0  180.0
    21.0788     106.07      18.37     637.12      79.32     118.70       4.88  147.5   39.9  630.0  180.0
    21.6170      38.93      49.48     406.53     178.95      71.68       8.26  147.5   39.9  630.0  180.0
    22.1553       9.79     147.91     469.55     753.69      42.27      17.80  147.5   39.9  630.0  180.0
    22.6937     -15.59      96.33     476.17     383.62      65.08      15.44  147.5   39.9  630.0  180.0
    23.2319      87.01      62.50     474.69     245.06      63.13       9.11  147.5   39.9  630.0  180.0
    23.7702      79.49      46.67     624.98     210.72      50.23       5.54  147.5   39.9  630.0  180.0
    24.3084      30.19      35.42     463.15     149.28      54.00       4.98  147.5   39.9  630.0  180.0
    24.8467      70.36      47.12     330.42     171.04      51.28       6.06  147.5   39.9  630.0  180.0
    25.3850     119.23      75.17     261.46     257.11      49.14       8.98  147.5   39.9  630.0  180.0
    25.9233      15.55     169.75     504.96     672.06      32.96      13.23  147.5   39.9  630.0  180.0
    26.4615       3.32     171.29     563.92     863.10      24.03      10.17  147.5   39.9  630.0  180.0
    26.9998     156.24      71.93     210.63     931.14      16.14       8.06  147.5   39.9  630.0  180.0
    27.5381      58.46     152.58     314.39     831.70      21.24       8.32  147.5   39.9  630.0  180.0
    28.0764      84.22     194.32     377.12     786.94      23.99      11.46  147.5   39.9  630.0  180.0
    28.6147     -45.89     186.96     266.00     615.51      27.41      11.05  147.5   39.9  630.0  180.0
    29.1530     -41.61      64.34     665.09     311.46     108.91      17.90  147.5   39.9  630.0  180.0
    29.6913      38.40       5.91     908.16      33.09    2196.66      32.55  147.5   39.9  630.0  180.0
