                 MRH
   22    6 2015
    18.4922        NaN        NaN        NaN        NaN    1124.22      30.10  102.5    0.0  630.0  180.0
    19.0307        NaN        NaN        NaN        NaN     938.54      40.42  102.5    0.0  630.0  180.0
    19.5689        NaN        NaN        NaN        NaN     931.82      31.30  102.5    0.0  630.0  180.0
    20.1073        NaN        NaN        NaN        NaN     949.41      11.46  102.5    0.0  630.0  180.0
    20.6457        NaN        NaN        NaN        NaN     643.85     110.78  102.5    0.0  630.0  180.0
    21.1838        NaN        NaN        NaN        NaN     611.58      50.77  102.5    0.0  630.0  180.0
    21.7221        NaN        NaN        NaN        NaN     381.44     417.57  102.5    0.0  630.0  180.0
    22.2604        NaN        NaN        NaN        NaN     326.87     538.72  102.5    0.0  630.0  180.0
    22.7987        NaN        NaN        NaN        NaN     404.98     487.14  102.5    0.0  630.0  180.0
    23.3370        NaN        NaN        NaN        NaN     584.91     215.45  102.5    0.0  630.0  180.0
    23.8752        NaN        NaN        NaN        NaN     267.44     153.59  102.5    0.0  630.0  180.0
    24.4135        NaN        NaN        NaN        NaN     401.65     152.96  102.5    0.0  630.0  180.0
    24.9518        NaN        NaN        NaN        NaN     350.68     260.33  102.5    0.0  630.0  180.0
    25.4901        NaN        NaN        NaN        NaN     949.03     856.82  102.5    0.0  630.0  180.0
    26.0285        NaN        NaN        NaN        NaN     259.83     788.50  102.5    0.0  630.0  180.0
    26.5666        NaN        NaN        NaN        NaN     396.64     804.71  102.5    0.0  630.0  180.0
    27.1049        NaN        NaN        NaN        NaN     568.63    1638.96  102.5    0.0  630.0  180.0
    27.6431        NaN        NaN        NaN        NaN     275.55     773.56  102.5    0.0  630.0  180.0
    28.1814        NaN        NaN        NaN        NaN     519.51    1155.99  102.5    0.0  630.0  180.0
    28.7197        NaN        NaN        NaN        NaN     487.00    1630.00  102.5    0.0  630.0  180.0
    29.2581        NaN        NaN        NaN        NaN     846.68     377.53  102.5    0.0  630.0  180.0
    18.5974     -41.13       5.34        NaN        NaN    1115.81      23.71   89.9  -45.0  630.0  180.0
    19.1358     -24.83       8.14        NaN        NaN    1060.97      35.40   89.9  -45.0  630.0  180.0
    19.6741     -17.92       8.05        NaN        NaN     944.28      31.94   89.9  -45.0  630.0  180.0
    20.2126      28.85       8.80        NaN        NaN     907.10      33.85   89.9  -45.0  630.0  180.0
    20.7508      51.05      38.24        NaN        NaN     617.68     126.00   89.9  -45.0  630.0  180.0
    21.2891       2.66      22.29        NaN        NaN     830.35      83.04   89.9  -45.0  630.0  180.0
    21.8273      91.95     139.73        NaN        NaN     371.97     334.70   89.9  -45.0  630.0  180.0
    22.3656    -228.92     100.39        NaN        NaN     521.44     551.12   89.9  -45.0  630.0  180.0
    22.9039      65.54     141.10        NaN        NaN     459.87     392.24   89.9  -45.0  630.0  180.0
    23.4424     -51.04      64.24        NaN        NaN     625.16     228.66   89.9  -45.0  630.0  180.0
    23.9805     -63.34      60.24        NaN        NaN     336.10     158.40   89.9  -45.0  630.0  180.0
    24.5188     -23.01      40.82        NaN        NaN     352.10      99.07   89.9  -45.0  630.0  180.0
    25.0571     -58.36      76.92        NaN        NaN     575.06     268.69   89.9  -45.0  630.0  180.0
    25.5954      55.11     112.73        NaN        NaN     219.59     356.03   89.9  -45.0  630.0  180.0
    26.1337      32.75     218.60        NaN        NaN     327.03     635.89   89.9  -45.0  630.0  180.0
    26.6718    -163.49     122.90        NaN        NaN     199.48     518.51   89.9  -45.0  630.0  180.0
    27.2101    -159.02     118.83        NaN        NaN     176.83     610.85   89.9  -45.0  630.0  180.0
    27.7486    -137.23     132.83        NaN        NaN     273.99     824.32   89.9  -45.0  630.0  180.0
    28.2867    -306.40     107.62        NaN        NaN     379.68     823.17   89.9  -45.0  630.0  180.0
    28.8250    -177.01     166.26        NaN        NaN     294.06     573.45   89.9  -45.0  630.0  180.0
    29.3633      66.62      74.28        NaN        NaN     944.80     330.14   89.9  -45.0  630.0  180.0
