                 MRH
   22    6 2015
      18.25       NaN       NaN       NaN       NaN   1124.22     30.10    630.0   1800
      18.75    -41.13      5.34       NaN       NaN   1115.81     23.71    630.0   1800
      19.25    -24.83      8.14       NaN       NaN    999.76     26.87    630.0   1800
      19.75    -17.92      8.05       NaN       NaN    938.05     22.36    630.0   1800
      20.25     28.85      8.80       NaN       NaN    928.25     17.87    630.0   1800
      20.75     51.05     38.24       NaN       NaN    630.77     83.89    630.0   1800
      21.25      2.66     22.29       NaN       NaN    720.96     48.67    630.0   1800
      21.75     91.95    139.73       NaN       NaN    376.70    267.58    630.0   1800
      22.25   -228.92    100.39       NaN       NaN    424.16    385.34    630.0   1800
      22.75     65.54    141.10       NaN       NaN    432.43    312.71    630.0   1800
      23.25    -51.04     64.24       NaN       NaN    605.03    157.09    630.0   1800
      23.75    -63.34     60.24       NaN       NaN    301.77    110.32    630.0   1800
      24.25       NaN       NaN       NaN       NaN    401.65    152.96    630.0   1800
      24.75    -23.01     40.82       NaN       NaN    351.39    139.27    630.0   1800
      25.25    -58.36     76.92       NaN       NaN    762.04    448.98    630.0   1800
      25.75     55.11    112.73       NaN       NaN    219.59    356.03    630.0   1800
      26.25     32.75    218.60       NaN       NaN    293.43    506.48    630.0   1800
      26.75   -163.49    122.90       NaN       NaN    298.06    478.64    630.0   1800
      27.25   -159.02    118.83       NaN       NaN    372.73    874.55    630.0   1800
      27.75   -137.23    132.83       NaN       NaN    274.77    565.22    630.0   1800
      28.25   -306.40    107.62       NaN       NaN    449.59    709.56    630.0   1800
      28.75   -177.01    166.26       NaN       NaN    390.53    863.97    630.0   1800
      29.25     66.62     74.28       NaN       NaN    895.74    250.76    630.0   1800
