  Image    fringe1  fringe2  fringe3  fringe4  fringe5  fringe6  fringe7
-----------------------------------------------------------------------------
    1     0.721743 0.720906 0.718494 0.713138 0.709912 0.705462 0.701192
    2     0.716730 0.713361 0.711945 0.706604 0.703457 0.699955 0.696985
    3     0.722400 0.722582 0.716718 0.713373 0.709791 0.707037 0.703295
    4     0.726513 0.722959 0.720968 0.716005 0.712466 0.708937 0.704909
    5     0.728444 0.725447 0.724039 0.719811 0.716433 0.712614 0.707956
    6     0.727543 0.726665 0.723839 0.718336 0.715479 0.711056 0.709061
    7     0.727593 0.725787 0.724262 0.717982 0.715847 0.710420 0.709310
    8     0.728736 0.726589 0.723407 0.719166 0.716448 0.710011 0.707532
    9     0.728298 0.725318 0.724276 0.719680 0.714794 0.709914 0.707208
   10     0.718905 0.718080 0.713189 0.708737 0.705489 0.701024 0.699580
   11     0.714384 0.711731 0.710766 0.706056 0.701791 0.697039 0.694460
   12     0.716556 0.712795 0.709920 0.704028 0.701789 0.697690 0.695019
   13     0.724530 0.719957 0.717717 0.711480 0.708768 0.705768 0.704331
   14     0.723596 0.723066 0.718067 0.715791 0.710786 0.707439 0.706812
   15     0.730227 0.728659 0.725211 0.719370 0.718218 0.713288 0.712863
   16     0.730518 0.729315 0.728046 0.723185 0.718757 0.714776 0.712930
   17     0.732941 0.731608 0.728711 0.723545 0.721133 0.717191 0.715211
   18     0.732512 0.729924 0.730751 0.722284 0.721697 0.717778 0.713052
   19     0.733938 0.730467 0.728987 0.724647 0.719294 0.716170 0.718199
   20     0.717763 0.714366 0.711361 0.708599 0.703876 0.698038 0.695547
   21     0.714464 0.711906 0.710083 0.705044 0.701424 0.696734 0.695227
   22     0.717518 0.714179 0.709700 0.705840 0.701272 0.699099 0.696568
   23     0.725686 0.724339 0.718729 0.713552 0.707657 0.706430 0.703142
   24     0.725064 0.721373 0.718865 0.714526 0.713042 0.705323 0.702589
   25     0.731320 0.728821 0.727881 0.721813 0.721142 0.715663 0.714317
   26     0.732264 0.731336 0.730317 0.723658 0.723793 0.715564 0.715811
   27     0.734601 0.730836 0.729359 0.725283 0.721829 0.717141 0.716321
   28     0.737223 0.729793 0.732754 0.724840 0.721555 0.717099 0.714055
   29     0.734065 0.731371 0.729422 0.725493 0.722730 0.718086 0.714445
   30     0.720630 0.717435 0.716486 0.710160 0.708304 0.702245 0.701364
   31     0.716805 0.716678 0.713583 0.708106 0.703165 0.699474 0.695979
   32     0.717324 0.714882 0.713440 0.707597 0.700267 0.700657 0.695264
   33     0.724063 0.721853 0.722640 0.717238 0.713435 0.708324 0.707075
   34     0.729759 0.729621 0.723038 0.719092 0.715653 0.714145 0.707791
   35     0.736140 0.733705 0.734651 0.728042 0.724219 0.724196 0.721620
   36     0.733571 0.731773 0.730810 0.727126 0.724396 0.719629 0.723678
   37     0.728674 0.730078 0.740415 0.723449 0.721426 0.720381 0.723189
   38     0.719779 0.723821 0.738250 0.733573 0.727907 0.719464 0.728730
   39     0.738109 0.738880 0.740717 0.731744 0.724299 0.713877 0.728425
   40     0.715467 0.717443 0.720327 0.731362 0.714403 0.717115 0.710092
   41     0.716419 0.707369 0.719566 0.720178 0.705143 0.696499 0.725302
   42     0.719507 0.720073 0.725450 0.709080 0.697342 0.692486 0.705414
   43     0.724512 0.725494 0.717526 0.730030 0.720263 0.711184 0.733919
   44     0.728692 0.716464 0.725991 0.736331 0.724025 0.718398 0.735036
   45     0.727981 0.723826 0.735664 0.732672 0.745993 0.735115 0.740494
   46     0.717747 0.729510 0.735705 0.723262 0.722719 0.714565 0.733995
   47     0.747879 0.731640 0.764040 0.709019 0.726503 0.713208 0.732496
   48     0.721728 0.724704 0.729700 0.741145 0.739989 0.746045 0.720754
   49     0.734332 0.738671 0.723620 0.741115 0.754577 0.719366 0.750878
   50     0.718578 0.712111 0.720754 0.714441 0.706035 0.699336 0.717279
   51     0.712422 0.714442 0.710137 0.706970 0.709896 0.707428 0.706930
   52     0.723419 0.714298 0.716919 0.706124 0.703040 0.711703 0.715924
   53     0.730984 0.710569 0.718904 0.713660 0.713421 0.709553 0.706680
   54     0.726390 0.724843 0.718809 0.714828 0.712701 0.715808 0.711526
   55     0.735846 0.735000 0.732331 0.723914 0.721870 0.714220 0.723460
   56     0.732646 0.727943 0.729937 0.721668 0.722273 0.708520 0.729116
   57     0.726091 0.729443 0.748406 0.722764 0.722354 0.709647 0.732293
   58     0.741566 0.724887 0.730542 0.727015 0.730430 0.715682 0.731641
   59     0.731834 0.729960 0.724833 0.711886 0.710267 0.713946 0.742950
   60     0.725578 0.702953 0.718026 0.703167 0.710958 0.726124 0.727314
   61     0.715299 0.719398 0.738115 0.714780 0.710396 0.717022 0.748256
   62     0.717421 0.710297 0.710402 0.703995 0.706124 0.711672 0.703485
   63     0.721787 0.708200 0.715569 0.732678 0.682563 0.717429 0.784831
   64     0.735467 0.738934 0.752131 0.711080 0.752562 0.729601 0.779844
   65     0.742377 0.739224 0.736498 0.753251 0.706842 0.771900 0.782060
   66     0.725596 0.715755 0.714179 0.729137 0.732874 0.735388 0.884918
   67     0.741838 0.737516 0.800319 0.753480 0.747693 0.682799 0.753353
   68     0.762694 0.731191 0.736654 0.729019 0.728850 0.822302 0.816934
   69     0.754346 0.770636 0.742798 0.792648 0.712034 0.703237 0.849521
   70     0.752048 0.721244 0.729130 0.715841 0.739134 0.741428 0.791885
   71     0.755634 0.705987 0.731268 0.715115 0.707272 0.722685 0.904080
   72     0.716476 0.730888 0.718809 0.737122 0.706120 0.694994 0.750189
   73     0.736170 0.723563 0.736924 0.697655 0.724186 0.726167 0.848386
   74     0.751948 0.733323 0.749626 0.722508 0.726769 0.705404 0.824925
   75     0.716735 0.704141 0.727643 0.738536 0.745295 0.670652 0.766224
   76     0.727480 0.720811 0.741240 0.729279 0.757363 0.745384 0.851312
   77     0.749761 0.755485 0.722224 0.766796 0.715041 0.712713 0.964310
   78     0.736958 0.745625 0.833679 0.734878 0.720795 0.714496 0.777549
   79     0.736313 0.755811 0.728563 0.724180 0.700772 0.696499 1.423657
   80     0.751776 0.724920 0.735938 0.720388 0.725012 0.705674 0.772990
   81     0.749049 0.713725 0.739746 0.723403 0.709248 0.701883 0.780430
   82     0.737975 0.721712 0.723717 0.731136 0.738871 0.729991 0.744353
   83     0.753924 0.743054 0.685280 0.726825 0.749819 0.729507 0.821621
   84     0.752519 0.726524 0.755553 0.757722 0.743733 0.739075 0.748971
   85     0.740621 0.740289 0.733590 0.721298 0.727835 0.720161 0.777082
   86     0.767800 0.733421 0.728066 0.746370 0.737158 0.727795 0.814616
   87     0.746776 0.770184 0.746703 0.761093 0.696119 0.718822 0.788386
   88     0.740447 0.739133 0.755817 0.748122 0.709844 0.707091 0.797072
   89     0.741065 0.727869 0.721515 0.729685 0.738436 0.743281 0.742455
   90     0.718371 0.735759 0.731710 0.724269 0.707188 0.726079 0.768570
   91     0.714065 0.736051 0.695741 0.701464 0.731393 0.724394 0.723332
   92     0.700552 0.737249 0.716027 0.718037 0.731153 0.724649 0.754699
   93     0.718006 0.707024 0.774107 0.737588 0.715057 0.713532 0.773444
   94     0.748723 0.748035 0.720652 0.727053 0.741981 0.688924 0.734262
   95     0.708874 0.713640 0.729680 0.720011 0.728287 0.736179 0.730675
   96     0.748011 0.724402 0.725275 0.750825 0.735207 0.725384 0.735488
   97     0.751306 0.736712 0.705262 0.746463 0.737292 0.734873 0.751949
   98     0.743992 0.742601 0.740847 0.713366 0.741207 0.715865 0.740576
   99     0.743482 0.731515 0.738197 0.723661 0.720906 0.738795 0.786554
  100     0.730102 0.729611 0.724576 0.730368 0.713247 0.704822 0.751659
  101     0.760143 0.702362 0.721022 0.710631 0.699553 0.718502 0.724163
  102     0.713558 0.716723 0.737298 0.726102 0.715873 0.730963 0.752865
  103     0.725387 0.739129 0.730975 0.752631 0.747672 0.722757 0.745913
  104     0.755888 0.716722 0.730988 0.712483 0.720973 0.713130 0.745085
  105     0.736120 0.714837 0.733868 0.717254 0.721000 0.732874 0.705521
  106     0.729966 0.737347 0.738261 0.750220 0.725766 0.716505 0.758098
  107     0.740347 0.766105 0.752610 0.748954 0.726146 0.720081 0.725019
  108     0.751240 0.765983 0.759913 0.764728 0.729402 0.708975 0.766219
  109     0.712220 0.740721 0.732575 0.718087 0.723994 0.714530 0.748744
  110     0.740554 0.738385 0.708383 0.688002 0.718786 0.721220 0.715209
  111     0.727240 0.738014 0.738306 0.718885 0.688092 0.723087 0.745083
  112     0.729508 0.721852 0.724274 0.735385 0.744339 0.708557 0.758433
  113     0.734827 0.739499 0.736348 0.747772 0.698737 0.728816 0.762019
  114     0.745598 0.757678 0.720062 0.727109 0.719069 0.712233 0.745089
  115     0.740384 0.728079 0.732894 0.715889 0.738639 0.712658 0.753960
  116     0.721825 0.743964 0.738941 0.734743 0.718256 0.736654 0.748273
  117     0.711023 0.730951 0.738799 0.717697 0.709482 0.707116 0.734816
  118     0.725521 0.744362 0.742558 0.719869 0.724082 0.706244 0.729628
  119     0.737754 0.743506 0.729183 0.732586 0.751422 0.727440 0.732346
  120     0.720248 0.737139 0.726944 0.722167 0.701991 0.716199 0.735288
  121     0.742528 0.724101 0.712076 0.732119 0.711713 0.725199 0.708503
  122     0.719260 0.733591 0.735209 0.708633 0.718308 0.697283 0.722501
  123     0.733270 0.748536 0.757659 0.723913 0.694972 0.727439 0.726619
  124     0.726230 0.719103 0.735488 0.718786 0.728820 0.727302 0.740002
  125     0.720330 0.703302 0.720090 0.760457 0.732367 0.709769 0.741736
  126     0.741799 0.741026 0.733359 0.709296 0.714735 0.683530 0.720082
  127     0.742143 0.730009 0.734280 0.740415 0.710492 0.687251 0.753269
  128     0.749863 0.776110 0.749636 0.719843 0.721572 0.697183 0.755157
  129     0.696469 0.720043 0.709018 0.708096 0.756033 0.728000 0.765794
  130     0.725054 0.712794 0.717510 0.723378 0.718599 0.708640 0.735589
  131     0.737097 0.729339 0.713742 0.710594 0.678310 0.717253 0.804363
  132     0.728466 0.719925 0.716812 0.729598 0.749775 0.693230 0.799355
  133     0.716409 0.741054 0.690457 0.668458 0.746659 0.709386 0.771749
  134     0.712643 0.739808 0.722473 0.737282 0.708018 0.712939 0.748400
  135     0.751098 0.770293 0.749974 0.746263 0.713049 0.719711 0.825991
  136     0.737792 0.712335 0.740338 0.715178 0.704932 0.689318 0.795851
  137     0.763076 0.719751 0.699266 0.714419 0.714791 0.707777 0.733907
  138     0.702510 0.749091 0.727904 0.709833 0.733654 0.722307 0.777643
  139     0.729873 0.719707 0.707099 0.738167 0.710416 0.747294 0.786662
  140     0.776865 0.707662 0.752907 0.715054 0.718835 0.750397 0.755751
  141     0.721862 0.739764 0.745392 0.718942 0.656118 0.735316 0.850328
  142     0.698852 0.729636 0.773257 0.698739 0.724679 0.744429 0.814089
  143     0.741452 0.706398 0.703419 0.679306 0.730400 0.715095 0.692744
  144     0.706825 0.726985 0.731710 0.730795 0.742532 0.721059 0.772835
  145     0.724763 0.723583 0.764854 0.716738 0.728163 0.742717 0.808490
  146     0.755198 0.741232 0.787885 0.744014 0.675234 0.699284 0.991304
  147     0.719636 0.800585 0.715021 0.743370 0.721822 0.714852 0.819426
  148     0.720200 0.704228 0.714676 0.708418 0.745824 0.736618 0.858550
  149     0.752891 0.765302 0.702476 0.713723 0.731745 0.678620 0.910673
  150     0.738226 0.734935 0.693544 0.710856 0.728624 0.753076 0.881340
  151     0.740950 0.724818 0.736485 0.718693 0.695301 0.662949 0.775822
  152     0.724819 0.722277 0.713014 0.706008 0.779576 0.717973 0.902048
  153     0.725097 0.729523 0.697126 0.771571 0.753010 0.716066 0.879833
  154     0.771791 0.709207 0.832057 0.748739 0.750630 0.697405 0.876166
  155     0.735214 0.751047 0.754801 0.726451 0.767351 0.719105 0.858409
  156     0.708795 0.692803 0.762387 0.696018 0.718557 0.732234 0.857819
  157     0.767333 0.742205 0.792422 0.711440 0.733240 0.730652 0.905019
  158     0.710539 0.699981 0.977585 0.686548 0.778800 0.738620 0.888410
  159     0.725296 0.726658 0.727268 0.717755 0.005217 0.735939 0.904582
  160     0.764266 0.738907 0.683668 0.752768 0.738280 0.713145 0.860040
  161     0.711844 0.746402 0.760596 0.703864 0.730943 0.585365 0.906407
  162     0.755210 0.699698 0.697491 0.713587 0.676467 0.774279 0.927886
  163     0.724471 0.760116 0.712304 0.712006 0.833698 0.783692 0.909103
  164     0.748711 0.750462 0.748992 0.707407 0.681526 0.736148 0.535605
  165     0.706577 0.705009 0.733673 0.706108 0.704764 0.788558 3.394383
  166     0.725191 0.785153 0.704881 0.720663 0.760723 0.668858 0.661839
  167     0.733529 0.767837 0.704558 0.734046 0.726126 0.692923 0.873411
  168     0.713243 0.736310 0.885522 0.740287 0.679753 0.633105 0.907093
  169     0.739339 0.747001 0.808131 0.743888 0.728987 0.690940 0.903996
  170     0.685930 0.789796 0.727890 0.892310 0.701024 0.766125 0.978245
  171     0.708735 0.686162 0.750923 0.750286 0.760190 0.737699 0.788264
  172     0.711895 0.721809 0.770219 0.716436 0.724326 0.687129 0.929832
  173     0.728311 0.669986 0.822126 0.704503 0.741868 0.153202 0.968896
  174     0.699479 0.724047 0.714701 0.726282 0.691101 0.698128 0.940086
  175     0.761053 0.735416 0.736704 0.692423 0.711313 0.676101 0.833296
  176     0.728339 0.665504 0.765219 0.752141 0.690273 0.743347 0.887277
  177     0.736053 0.761520 0.710610 0.718390 0.737797 0.751372 0.872579
  178     0.726228 0.674349 0.700183 0.730075 0.696100 0.712101 0.813329
  179     0.716095 0.317626 0.738657 0.713656 0.747143 0.758863 0.792193
  180     0.710999 0.713539 0.716350 0.708940 0.744874 0.781074 0.843440
  181     0.704091 0.725871 0.740598 0.737716 0.696123 0.710845 0.800156
  182     0.718785 0.702612 0.726090 0.738818 0.728600 0.760738 0.850447
  183     0.765331 0.531875 0.745231 0.699861 0.730351 0.667315 0.919878
  184     0.714973 0.736519 0.724582 0.699210 0.749528 0.848228 0.912259
  185     0.714577 0.719139 0.719073 0.692605 0.697605 0.709500 0.852101
  186     0.706137 0.729823 0.711083 0.706770 0.688172 0.699440 0.860454
  187     0.748910 0.724287 0.716840 0.738310 0.737058 0.960607 0.838841
  188     0.725591 0.742276 0.710966 0.719623 0.721976 0.694176 0.834121
  189     0.739584 0.728803 0.725216 0.735991 0.719844 0.702947 0.804011
  190     0.730159 0.732284 0.759803 0.730634 0.688898 0.732370 0.837431
  191     0.772100 0.759066 0.738200 0.699694 0.725923 0.716677 0.860012
  192     0.731092 0.775430 0.753840 0.715650 0.744056 0.749915 0.812274
  193     0.714036 0.763417 0.794480 0.698307 0.765910 0.726227 0.804739
  194     0.738596 0.709365 0.746253 0.738040 0.730875 0.715130 0.842045
  195     0.733284 0.729129 0.719688 0.709077 0.731287 0.702849 0.829733
  196     0.737123 0.733583 0.764482 0.711821 0.758753 0.724673 0.788603
  197     0.733344 0.738102 0.763912 0.753873 0.721610 0.709109 0.775599
  198     0.781786 0.746141 0.763523 0.696175 0.738211 0.718324 0.950835
  199     0.743317 0.750783 0.746293 0.724932 0.729707 0.723210 0.796510
  200     0.733182 0.749045 0.742484 0.736267 0.728921 0.705366 0.797588
  201     0.749852 0.752325 0.741782 0.739424 0.737537 0.746197 0.750081
  202     0.756852 0.754036 0.754727 0.746795 0.749956 0.739475 0.746573
  203     0.743326 0.755532 0.753382 0.746586 0.748221 0.738836 0.753956
  204     0.747251 0.739088 0.753612 0.731594 0.735222 0.726123 0.757345
  205     0.746231 0.752680 0.748159 0.736136 0.737782 0.741396 0.759384
  206     0.751671 0.757365 0.743104 0.740239 0.735037 0.737548 0.745030
  207     0.754189 0.749807 0.743339 0.742958 0.740990 0.732735 0.741677
  208     0.750728 0.746092 0.745290 0.739280 0.740382 0.734300 0.739756
  209     0.746445 0.747303 0.745632 0.735511 0.733534 0.730176 0.723897
  210     0.736730 0.733491 0.733607 0.729081 0.724931 0.719368 0.718031
  211     0.739293 0.740101 0.737897 0.731569 0.727158 0.723360 0.720969
  212     0.746523 0.745359 0.746675 0.738106 0.734274 0.730698 0.727131
