   1.416  -0.156  18.883
   1.393  -0.194  19.417
   1.407  -0.154  19.950
   1.409  -0.180  20.500
   1.360  -0.151  21.033
   1.384  -0.140  21.567
   1.390  -0.111  22.117
   1.326  -0.155  22.650
   1.332  -0.121  23.183
   1.319  -0.141  23.733
   1.361  -0.109  24.267
   1.330  -0.132  24.800
   1.290  -0.098  25.350
   1.325  -0.099  25.883
   1.351  -0.073  26.417
   1.328  -0.102  26.967
   1.330  -0.118  27.500
   1.316  -0.100  28.033
   1.338  -0.097  28.567
   1.307  -0.117  29.117
   1.356  -0.095  29.650
   1.283  -0.114  29.767
   1.348  -0.125
