MRH 20150629
    23.28    69.80   116.29   162.79   209.27   255.78   302.25
    46.52    46.49    46.50    46.47    46.52    46.47    46.47
     0.83649510     0.56436718     0.36670581     0.22287810     0.12619917     0.06215544     0.02731230     0.00665960    -0.00040969    -0.00678255    -0.00721345    -0.00537276    -0.00465061    -0.00404236    -0.00263358    -0.00329846    -0.00048923    -0.00054153
    -0.02098462    -0.02799507    -0.03759237    -0.04048912    -0.04097656    -0.03811923    -0.03136353    -0.02793617    -0.01719330    -0.01277333    -0.00796634    -0.00400003    -0.00196233     0.00169856     0.00011864     0.00095340    -0.00105310     0.00086587
     1.00000000     0.67532837     0.44060522     0.27073684     0.15867314     0.08748015     0.05026957     0.03463889     0.02306855     0.02000904     0.01470275     0.01061647     0.00785382     0.00665417     0.00712929     0.00657371     0.00469934     0.00479743
     0.83983439     0.54508364     0.33530736     0.19101468     0.10086014     0.05024081     0.02143302     0.01041537     0.00506796     0.00223833     0.00103095     0.00071869     0.00021893    -0.00023566     0.00037492    -0.00096031     0.00061371     0.00112207
     0.04106516     0.04801117     0.03286005     0.01210748    -0.00471168    -0.01505114    -0.02077362    -0.01911259    -0.01524712    -0.00940407    -0.00565668    -0.00286141    -0.00191940    -0.00093596     0.00010036    -0.00021203    -0.00033810    -0.00128534
     1.00000000     0.65058523     0.40071565     0.22768605     0.12019422     0.06252035     0.03571525     0.02618562     0.01956136     0.01235866     0.00816320     0.00561827     0.00468152     0.00443164     0.00325088     0.00366403     0.00351335     0.00355815
     0.83321917     0.52146614     0.30173069     0.15798990     0.06792086     0.01862092     0.00055183    -0.00176607    -0.00324284    -0.00532372    -0.00138067    -0.00121571     0.00054168    -0.00030720    -0.00182629     0.00110091    -0.00025442    -0.00154810
     0.01322551     0.01328191    -0.00043782    -0.01409499    -0.02242136    -0.01975493    -0.01474019    -0.01080802    -0.00987858    -0.00303187    -0.00057968     0.00039211     0.00065433    -0.00171572    -0.00079639    -0.00083915    -0.00123175    -0.00093269
     1.00000000     0.62905359     0.36683834     0.19427392     0.08967982     0.03735671     0.02171346     0.01730391     0.01419507     0.00954946     0.00686681     0.00505850     0.00555661     0.00564763     0.00721533     0.00684080     0.00734125     0.00669571
     0.82915998     0.50529468     0.27789387     0.13224256     0.04945409     0.01217737    -0.00296295    -0.00407305    -0.00410063    -0.00279056    -0.00094482    -0.00097709    -0.00094697    -0.00098072     0.00016733     0.00044080     0.00178104     0.00156755
     0.03785615     0.03805395     0.01834757     0.00175192    -0.00976344    -0.01304427    -0.01332315    -0.00921395    -0.00494704    -0.00001059     0.00264947     0.00452326     0.00214458     0.00148531     0.00206100     0.00072057    -0.00136671    -0.00100253
     1.00000000     0.61056328     0.33570427     0.15947817     0.06088687     0.02214567     0.01707606     0.01230572     0.00808940     0.00499689     0.00558191     0.00653780     0.00445862     0.00414271     0.00402650     0.00335201     0.00420702     0.00400784
     0.81672621     0.48061335     0.24661532     0.10213016     0.02772185    -0.00147288    -0.00946630    -0.00687344    -0.00324208    -0.00094834    -0.00076308    -0.00109257    -0.00050624    -0.00151632     0.00002203    -0.00074185     0.00165246     0.00024696
     0.02244873     0.01841906     0.00124755    -0.00943824    -0.01365812    -0.01165556    -0.00865762    -0.00562400    -0.00076088     0.00053109     0.00147026     0.00157854     0.00117038    -0.00050928     0.00002579    -0.00047481    -0.00003500     0.00024569
     1.00000000     0.59204328     0.30593666     0.12884636     0.03943415     0.01500753     0.01659130     0.01210597     0.00716078     0.00520399     0.00472751     0.00506273     0.00410385     0.00440053     0.00500849     0.00488996     0.00443115     0.00391242
     0.80596650     0.45927289     0.22077261     0.08168127     0.01346510    -0.00985406    -0.01473288    -0.01062002    -0.00731410    -0.00252972    -0.00075580     0.00026123    -0.00076152    -0.00048901    -0.00025253    -0.00147766    -0.00024376    -0.00016582
     0.03563392     0.02738781     0.01304206     0.00002242    -0.00376059    -0.00523079    -0.00413604    -0.00405504    -0.00375146    -0.00247399    -0.00133455    -0.00264703    -0.00264092    -0.00385520    -0.00505258    -0.00625134    -0.00544873    -0.00421733
     1.00000000     0.57041961     0.27430025     0.10145898     0.01826858     0.01446787     0.01920681     0.01443313     0.01074053     0.00550146     0.00449547     0.00504292     0.00541367     0.00613374     0.00895165     0.00993528     0.00910366     0.00698167
     0.79621285     0.43061057     0.19353177     0.05392333    -0.00371669    -0.01412245    -0.01220067    -0.00512523     0.00020742    -0.00224517    -0.00013052    -0.00019960    -0.00217170    -0.00004816     0.00165879     0.00120759     0.00334757     0.00415314
     0.02848029     0.02286732     0.00956184     0.00418882    -0.00499361    -0.00319296    -0.00292814    -0.00432346    -0.00222857     0.00104944    -0.00116527     0.00081315     0.00010468    -0.00054018     0.00176921    -0.00061865    -0.00142338    -0.00043888
     1.00000000     0.54355133     0.24688964     0.07174128     0.01305246     0.02367439     0.01918248     0.01200951     0.00777956     0.00645195     0.00709597     0.00670095     0.00937719     0.00916852     0.00855341     0.01234593     0.01348225     0.01988471
   1.348  -0.125  400    2    0    0    0  0.000 18.000
