                 MRH
   29    6 2015
    18.5210        NaN        NaN        NaN        NaN     883.84      80.94  102.5    0.0  630.0  180.0
    19.0593        NaN        NaN        NaN        NaN     756.49     150.43  102.5    0.0  630.0  180.0
    19.5977        NaN        NaN        NaN        NaN     734.18     176.29  102.5    0.0  630.0  180.0
    20.1362        NaN        NaN        NaN        NaN     491.31     184.00  102.5    0.0  630.0  180.0
    20.6745        NaN        NaN        NaN        NaN     665.90     262.00  102.5    0.0  630.0  180.0
    21.2129        NaN        NaN        NaN        NaN     727.95     159.58  102.5    0.0  630.0  180.0
    21.7516        NaN        NaN        NaN        NaN     640.01     107.90  102.5    0.0  630.0  180.0
    22.2904        NaN        NaN        NaN        NaN    1070.44     594.32  102.5    0.0  630.0  180.0
    22.8289        NaN        NaN        NaN        NaN     585.10     129.08  102.5    0.0  630.0  180.0
    23.3677        NaN        NaN        NaN        NaN     652.73     137.68  102.5    0.0  630.0  180.0
    23.9064        NaN        NaN        NaN        NaN     699.97     137.04  102.5    0.0  630.0  180.0
    24.4449        NaN        NaN        NaN        NaN     601.78     146.39  102.5    0.0  630.0  180.0
    24.9834        NaN        NaN        NaN        NaN     547.79     144.78  102.5    0.0  630.0  180.0
    25.5221        NaN        NaN        NaN        NaN     493.74     142.94  102.5    0.0  630.0  180.0
    26.0607        NaN        NaN        NaN        NaN     641.23     217.23  102.5    0.0  630.0  180.0
    26.5990        NaN        NaN        NaN        NaN     587.15     264.14  102.5    0.0  630.0  180.0
    27.1374        NaN        NaN        NaN        NaN     514.44     180.64  102.5    0.0  630.0  180.0
    27.6757        NaN        NaN        NaN        NaN     477.88     158.00  102.5    0.0  630.0  180.0
    28.2141        NaN        NaN        NaN        NaN     576.23     204.85  102.5    0.0  630.0  180.0
    28.7523        NaN        NaN        NaN        NaN     626.00     248.93  102.5    0.0  630.0  180.0
    29.2906        NaN        NaN        NaN        NaN     737.90     211.78  102.5    0.0  630.0  180.0
    18.6262       3.99      29.27        NaN        NaN     890.68     111.24   90.0  -45.0  630.0  180.0
    19.1646     -18.14      49.27        NaN        NaN     808.48     177.61   90.0  -45.0  630.0  180.0
    19.7030     -27.04      54.51        NaN        NaN     493.62     169.22   90.0  -45.0  630.0  180.0
    20.2416      61.89      73.77        NaN        NaN     751.50     257.20   90.0  -45.0  630.0  180.0
    20.7798      57.30     106.78        NaN        NaN     686.34     361.71   90.0  -45.0  630.0  180.0
    21.3182      -4.88      42.38        NaN        NaN     789.38     151.54   90.0  -45.0  630.0  180.0
    21.8569      47.53      13.79        NaN        NaN     829.71      50.93   90.0  -45.0  630.0  180.0
    22.3957      70.65      16.10        NaN        NaN     774.54      57.02   90.0  -45.0  630.0  180.0
    22.9343       5.80      37.56        NaN        NaN     683.78     124.78   90.0  -45.0  630.0  180.0
    23.4730      30.37      44.27        NaN        NaN     618.53     140.04   90.0  -45.0  630.0  180.0
    24.0116       4.42      44.74        NaN        NaN     620.08     144.68   90.0  -45.0  630.0  180.0
    24.5502     -24.07      52.91        NaN        NaN     471.98     145.92   90.0  -45.0  630.0  180.0
    25.0888       4.89      63.29        NaN        NaN     439.54     174.31   90.0  -45.0  630.0  180.0
    25.6274     274.44      63.33        NaN        NaN     359.30     318.45   90.0  -45.0  630.0  180.0
    26.7043     -58.90      63.09        NaN        NaN     533.53     435.87   90.0  -45.0  630.0  180.0
    27.2427      53.30      93.37        NaN        NaN     282.08     343.60   90.0  -45.0  630.0  180.0
    27.7810      17.98      57.88        NaN        NaN     412.37     272.56   90.0  -45.0  630.0  180.0
    28.3193      53.97      55.85        NaN        NaN     597.31     175.10   90.0  -45.0  630.0  180.0
    28.8577      -1.21      80.58        NaN        NaN     640.96     260.02   90.0  -45.0  630.0  180.0
    29.3959      -5.43      53.48        NaN        NaN     637.68     172.58   90.0  -45.0  630.0  180.0
