                 MRH
   29    6 2015
    18.5210       9.03      15.30     883.84      80.94     687.21      25.14  102.5    0.0  630.0  180.0
    19.0593      13.29      31.00     756.49     150.43     297.04      21.94  102.5    0.0  630.0  180.0
    19.5977      32.21      36.66     734.18     176.29     199.63      17.32  102.5    0.0  630.0  180.0
    20.1362      16.52      47.22     491.31     184.00     165.72      18.32  102.5    0.0  630.0  180.0
    20.6745      -2.07      55.97     665.90     262.00     183.93      25.09  102.5    0.0  630.0  180.0
    21.2129       3.23      33.22     727.95     159.58     339.67      27.20  102.5    0.0  630.0  180.0
    21.7516      11.28      23.53     640.01     107.90     774.33      44.47  102.5    0.0  630.0  180.0
    22.2904      20.41      68.49    1070.44     594.32     346.25      42.86  102.5    0.0  630.0  180.0
    22.8289      18.47      29.87     585.10     129.08     515.17      36.17  102.5    0.0  630.0  180.0
    23.3677      17.39      29.94     652.73     137.68     435.86      31.00  102.5    0.0  630.0  180.0
    23.9064      -0.64      28.93     699.97     137.04     432.93      30.16  102.5    0.0  630.0  180.0
    24.4449      -5.03      33.42     601.78     146.39     298.94      23.88  102.5    0.0  630.0  180.0
    24.9834      -8.39      34.70     547.79     144.78     267.87      22.04  102.5    0.0  630.0  180.0
    25.5221      -8.16      35.45     493.74     142.94     232.39      20.08  102.5    0.0  630.0  180.0
    26.0607       7.89      48.32     641.23     217.23     193.68      22.38  102.5    0.0  630.0  180.0
    26.5990      13.65      60.29     587.15     264.14     149.83      21.98  102.5    0.0  630.0  180.0
    27.1374      22.55      44.45     514.44     180.64     148.82      15.83  102.5    0.0  630.0  180.0
    27.6757      30.68      41.50     477.88     158.00     131.16      12.57  102.5    0.0  630.0  180.0
    28.2141      56.89      47.40     576.23     204.85     120.38      13.37  102.5    0.0  630.0  180.0
    28.7523      36.62      56.13     626.00     248.93     134.09      17.74  102.5    0.0  630.0  180.0
    29.2906      17.90      42.37     737.90     211.78     206.75      21.79  102.5    0.0  630.0  180.0
    18.4156      24.09      14.78     895.44      78.88     743.25      26.26   12.8  -50.2  630.0  180.0
    18.9011      10.91      32.03     838.06     165.23     285.57      22.01   12.8  -50.2  630.0  180.0
    19.4394      -6.23      34.01     698.72     162.26     213.87      17.46   12.8  -50.2  630.0  180.0
    19.9779      48.79      38.27     415.41     144.34     175.10      15.79   12.8  -50.2  630.0  180.0
    20.5163     -23.51      56.13     412.53     219.50     144.67      20.40   12.8  -50.2  630.0  180.0
    21.0546     -35.26      58.88     649.69     311.84     181.73      27.37   12.8  -50.2  630.0  180.0
    21.5932       0.26      13.69     732.23      65.78     764.42      24.88   12.8  -50.2  630.0  180.0
    22.1319      26.32      12.32     724.44      58.53     866.64      25.12   12.8  -50.2  630.0  180.0
    22.6707      23.28      15.00     776.61      74.64     799.65      28.63   12.8  -50.2  630.0  180.0
    23.2094      -9.37      32.82     679.66     153.85     365.84      28.86   12.8  -50.2  630.0  180.0
    23.7482      -5.51      28.95     556.38     125.53     391.53      27.59   12.8  -50.2  630.0  180.0
    24.2866      26.21      32.62     518.49     135.68     288.20      22.54   12.8  -50.2  630.0  180.0
    24.8251      48.25      36.97     547.00     153.87     240.04      20.92   12.8  -50.2  630.0  180.0
    25.3638     -21.93      41.41     336.43     141.35     174.64      17.42   12.8  -50.2  630.0  180.0
    25.9024     -27.85      34.89     676.02     162.47     249.33      21.10   12.8  -50.2  630.0  180.0
    26.4408      -8.03      69.60     575.74     312.18     140.57      24.31   12.8  -50.2  630.0  180.0
    26.9792       6.20      56.13     468.67     224.64     117.56      15.90   12.8  -50.2  630.0  180.0
    27.5175     -23.13      60.62     511.07     260.04     120.16      18.29   12.8  -50.2  630.0  180.0
    28.0559      13.41      48.05     590.03     207.96     119.33      13.49   12.8  -50.2  630.0  180.0
    28.5941      27.22      44.22     664.90     208.51     159.53      17.37   12.8  -50.2  630.0  180.0
    29.1324      11.52      30.44     682.86     143.39     183.27      13.46   12.8  -50.2  630.0  180.0
    29.6706      24.83      22.31     646.47     100.61     391.15      20.68   12.8  -50.2  630.0  180.0
    18.4685      15.07      16.88     918.18      91.71     620.28      25.14  102.4   50.2  630.0  180.0
    19.0068       8.08      36.32     798.53     183.36     250.92      21.91  102.4   50.2  630.0  180.0
    19.5451      36.90      37.66     766.58     182.62     191.56      16.92  102.4   50.2  630.0  180.0
    20.0836     -72.25      47.03     535.61     199.39     165.31      18.64  102.4   50.2  630.0  180.0
    20.6220      12.70      66.00     611.37     299.44     143.31      23.39  102.4   50.2  630.0  180.0
    21.1603     -13.50      46.91     599.22     209.07     225.14      25.82  102.4   50.2  630.0  180.0
    21.6990      59.08      14.03     739.26      66.87     754.98      24.55  102.4   50.2  630.0  180.0
    22.2378      99.02       8.90     753.09      42.27    1038.29      21.05  102.4   50.2  630.0  180.0
    22.7764      67.70      18.33     649.21      81.43     572.41      24.20  102.4   50.2  630.0  180.0
    23.3152       8.49      30.96     694.93     147.39     391.30      29.61  102.4   50.2  630.0  180.0
    23.8538      53.61      31.26     650.20     142.26     356.21      26.42  102.4   50.2  630.0  180.0
    24.3924       4.88      34.24     572.96     147.25     258.09      21.00  102.4   50.2  630.0  180.0
    24.9309     -20.61      41.59     493.49     172.36     194.69      19.79  102.4   50.2  630.0  180.0
    25.4695      17.41      38.55     409.27     144.38     185.50      16.95  102.4   50.2  630.0  180.0
    26.0081      87.86      23.01     576.77      96.37     266.65      13.92  102.4   50.2  630.0  180.0
    26.5465      69.63      29.50     616.83     130.05     217.26      15.07  102.4   50.2  630.0  180.0
    27.0849      83.41      49.54     624.39     219.33     183.19      21.46  102.4   50.2  630.0  180.0
    27.6232      74.53      47.13     619.49     207.58     175.94      19.52  102.4   50.2  630.0  180.0
    28.1615      87.64      26.56     524.04     107.37     202.81      12.34  102.4   50.2  630.0  180.0
    28.6998      37.10      43.84     658.82     205.56     153.58      16.23  102.4   50.2  630.0  180.0
    29.2380      33.57      25.49     641.53     114.77     208.62      12.52  102.4   50.2  630.0  180.0
    18.5737      19.15      20.06     929.73     110.19     501.06      24.30   45.0  -45.0  630.0  180.0
    19.1120       4.63      31.66     740.61     160.67     261.07      20.39   45.0  -45.0  630.0  180.0
    19.6504      30.14      40.83     590.35     177.11     149.77      14.64   45.0  -45.0  630.0  180.0
    20.1889       0.85      54.86     671.81     276.91     156.69      22.20   45.0  -45.0  630.0  180.0
    20.7273      10.22      65.12     592.47     314.30     134.57      21.54   45.0  -45.0  630.0  180.0
    21.2656      -5.08      35.22     764.28     174.59     330.53      28.04   45.0  -45.0  630.0  180.0
    21.8044     -17.32       9.07     772.62      44.91    1034.09      22.18   45.0  -45.0  630.0  180.0
    22.3430     -17.38      10.80     757.37      53.05     945.71      24.43   45.0  -45.0  630.0  180.0
    22.8817       7.32      24.57     697.82     116.71     506.77      29.98   45.0  -45.0  630.0  180.0
    23.4204       9.71      31.97     693.02     149.13     400.96      30.68   45.0  -45.0  630.0  180.0
    23.9591     -39.53      30.05     651.93     138.55     375.03      27.35   45.0  -45.0  630.0  180.0
    24.4976       7.11      38.38     547.78     157.28     270.15      24.55   45.0  -45.0  630.0  180.0
    25.0362       8.21      42.99     534.57     179.13     203.10      20.84   45.0  -45.0  630.0  180.0
    25.5748     -51.23      48.31     527.68     206.41     210.56      25.11   45.0  -45.0  630.0  180.0
    26.1136     -95.84      47.64     600.13     285.37     140.57      19.67   45.0  -45.0  630.0  180.0
    26.6517     -31.49      67.53     412.36     249.99     138.37      22.35   45.0  -45.0  630.0  180.0
    27.1901       3.85      58.76     412.63     269.50      93.34      11.86   45.0  -45.0  630.0  180.0
    27.7284     -18.28      59.68     476.14     349.28      86.52      15.98   45.0  -45.0  630.0  180.0
    28.2668     -42.62      59.07     567.80     259.49     118.91      17.61   45.0  -45.0  630.0  180.0
    28.8050       0.33      40.08     595.03     182.82     137.23      13.54   45.0  -45.0  630.0  180.0
    29.3433       6.96      27.43     697.36     130.51     199.83      13.18   45.0  -45.0  630.0  180.0
    18.6262      -2.82      20.70     890.68     111.24     474.48      23.80   90.0  -45.0  630.0  180.0
    19.1646      12.82      34.84     808.48     177.61     236.20      19.98   90.0  -45.0  630.0  180.0
    19.7030      19.12      38.54     493.62     169.22     167.07      15.94   90.0  -45.0  630.0  180.0
    20.2416     -43.76      52.16     751.50     257.20     177.13      22.68   90.0  -45.0  630.0  180.0
    20.7798     -40.52      75.51     686.34     361.71     126.38      23.50   90.0  -45.0  630.0  180.0
    21.3182       3.45      29.96     789.38     151.54     378.61      27.43   90.0  -45.0  630.0  180.0
    21.8569     -33.61       9.75     829.71      50.93     965.12      22.84   90.0  -45.0  630.0  180.0
    22.3957     -49.96      11.38     774.54      57.02     888.41      24.45   90.0  -45.0  630.0  180.0
    22.9343      -4.10      26.56     683.78     124.78     451.31      29.10   90.0  -45.0  630.0  180.0
    23.4730     -21.47      31.30     618.53     140.04     400.31      30.20   90.0  -45.0  630.0  180.0
    24.0116      -3.13      31.63     620.08     144.68     372.08      28.83   90.0  -45.0  630.0  180.0
    24.5502      17.02      37.42     471.98     145.92     231.60      20.08   90.0  -45.0  630.0  180.0
    25.0888      -3.45      44.75     439.54     174.31     210.85      22.53   90.0  -45.0  630.0  180.0
    25.6274    -194.06      44.78     359.30     318.45     125.21      22.09   90.0  -45.0  630.0  180.0
    26.1659        NaN        NaN        NaN        NaN     132.11      54.58   90.0  -45.0  630.0  180.0
    26.7043      41.65      44.61     533.53     435.87      91.80      17.31   90.0  -45.0  630.0  180.0
    27.2427     -37.69      66.02     282.08     343.60     100.05      19.02   90.0  -45.0  630.0  180.0
    27.7810     -12.71      40.93     412.37     272.56      94.78      10.81   90.0  -45.0  630.0  180.0
    28.3193     -38.16      39.49     597.31     175.10     159.63      15.08   90.0  -45.0  630.0  180.0
    28.8577       0.86      56.98     640.96     260.02     147.54      20.43   90.0  -45.0  630.0  180.0
    29.3959       3.84      37.82     637.68     172.58     202.27      18.49   90.0  -45.0  630.0  180.0
    18.6788      26.30      22.19     912.24     120.39     440.94      23.63  135.0  -45.0  630.0  180.0
    18.7310      -9.08      23.50     858.94     123.80     410.62      23.40  135.0  -45.0  630.0  180.0
    18.7832      11.67      26.72     779.62     131.09     347.12      21.92  135.0  -45.0  630.0  180.0
    18.8354       2.71      30.81     805.68     154.70     305.23      22.57  135.0  -45.0  630.0  180.0
    19.2171      13.96      30.35     798.98     158.02     267.50      19.81  135.0  -45.0  630.0  180.0
    19.2693       5.83      28.35     642.02     126.60     255.05      16.84  135.0  -45.0  630.0  180.0
    19.3216       0.87      33.90     553.41     145.54     185.66      14.99  135.0  -45.0  630.0  180.0
    19.3738      16.79      31.56     743.83     153.90     212.35      15.83  135.0  -45.0  630.0  180.0
    19.7555      23.79      36.99     694.04     171.04     190.26      16.63  135.0  -45.0  630.0  180.0
    19.8077      14.11      38.35     623.38     169.82     180.90      16.77  135.0  -45.0  630.0  180.0
    19.8600       4.63      39.00     661.20     178.60     186.83      17.54  135.0  -45.0  630.0  180.0
    19.9122      68.66      26.47     582.98     151.12     173.19      13.80  135.0  -45.0  630.0  180.0
    20.2940      26.90      46.15     503.22     202.12     151.98      15.28  135.0  -45.0  630.0  180.0
    20.3462      25.31      48.99     478.83     211.55     163.35      19.30  135.0  -45.0  630.0  180.0
    20.3984     -49.98      57.00     577.70     266.35     146.61      22.10  135.0  -45.0  630.0  180.0
    20.4507      -7.16      62.59     441.61     276.49     135.71      22.62  135.0  -45.0  630.0  180.0
    20.8323     -36.87      72.14     737.68     389.18     122.44      22.01  135.0  -45.0  630.0  180.0
    20.8846      -7.68      57.30     442.84     223.49     159.66      22.21  135.0  -45.0  630.0  180.0
    20.9368       6.75      61.68     629.77     278.87     168.81      25.01  135.0  -45.0  630.0  180.0
    20.9890     -24.47      57.33     577.24     256.20     169.40      24.12  135.0  -45.0  630.0  180.0
    21.3708       6.51      26.55     708.66     124.21     419.44      26.38  135.0  -45.0  630.0  180.0
    21.4231      -7.53      22.77     798.96     116.49     488.36      27.05  135.0  -45.0  630.0  180.0
    21.4754       4.57      18.93     689.05      88.61     516.65      23.00  135.0  -45.0  630.0  180.0
    21.5276      -7.41      17.17     810.67      88.34     602.13      25.12  135.0  -45.0  630.0  180.0
    21.9095     -26.46      11.16     780.14      55.98     824.38      22.07  135.0  -45.0  630.0  180.0
    21.9617      -4.89      13.89     742.58      67.34     714.59      23.56  135.0  -45.0  630.0  180.0
    22.0140       1.16      11.46     756.34      56.04     817.76      22.26  135.0  -45.0  630.0  180.0
    22.0663     -27.41       9.84     809.00      50.24     933.47      22.03  135.0  -45.0  630.0  180.0
    22.4482     -11.79      15.65     722.08      74.75     698.16      26.13  135.0  -45.0  630.0  180.0
    22.5005       7.10      18.04     682.15      83.11     622.76      26.65  135.0  -45.0  630.0  180.0
    22.5527     -11.27      17.75     754.26      87.09     662.65      28.33  135.0  -45.0  630.0  180.0
    22.6051     -15.08      16.02     684.42      74.30     678.75      25.79  135.0  -45.0  630.0  180.0
    22.9869      15.43      25.96     642.69     123.12     391.90      23.01  135.0  -45.0  630.0  180.0
    23.0392      26.75      29.17     715.55     138.89     417.46      28.92  135.0  -45.0  630.0  180.0
    23.0915      21.73      30.16     640.60     134.63     383.15      27.17  135.0  -45.0  630.0  180.0
    23.1437       3.91      32.62     686.13     154.76     364.84      28.93  135.0  -45.0  630.0  180.0
    23.5256     -14.73      31.85     681.23     147.11     388.50      29.48  135.0  -45.0  630.0  180.0
    23.5778     -16.44      30.27     653.55     139.38     398.24      29.24  135.0  -45.0  630.0  180.0
    23.6301      -7.09      30.10     639.49     138.61     405.06      29.62  135.0  -45.0  630.0  180.0
    23.6824     -17.98      27.84     603.12     123.36     430.36      28.68  135.0  -45.0  630.0  180.0
    24.0642      22.65      31.40     613.42     139.48     349.39      26.70  135.0  -45.0  630.0  180.0
    24.1165       1.95      35.72     582.43     157.13     279.37      23.96  135.0  -45.0  630.0  180.0
    24.1687      32.27      35.51     545.13     145.94     268.31      22.44  135.0  -45.0  630.0  180.0
    24.2210      -9.38      33.67     604.82     146.31     303.12      24.18  135.0  -45.0  630.0  180.0
    24.6028      -8.47      40.78     738.69     203.02     244.32      24.81  135.0  -45.0  630.0  180.0
    24.6550      -1.36      38.91     482.58     159.72     229.44      21.63  135.0  -45.0  630.0  180.0
    24.7073      29.27      37.00     537.72     152.78     245.62      21.38  135.0  -45.0  630.0  180.0
    24.7595      20.90      37.74     608.80     163.25     251.68      22.28  135.0  -45.0  630.0  180.0
    25.1414     -13.18      43.05     498.19     193.71     178.67      17.06  135.0  -45.0  630.0  180.0
    25.1938     -41.17      45.35     552.14     190.81     215.62      23.45  135.0  -45.0  630.0  180.0
    25.2459     -59.11      43.75     393.13     175.75     199.71      20.68  135.0  -45.0  630.0  180.0
    25.2982     -10.31      44.70     576.68     220.42     195.37      20.86  135.0  -45.0  630.0  180.0
    25.6800     -27.59      53.68     489.02     219.47     148.28      18.12  135.0  -45.0  630.0  180.0
    25.7323     -43.00      49.63     318.02     175.55     170.96      21.01  135.0  -45.0  630.0  180.0
    25.7845     -49.65      43.42     524.31     179.15     213.48      22.04  135.0  -45.0  630.0  180.0
    25.8368     -44.48      49.79     490.61     219.36     193.56      22.40  135.0  -45.0  630.0  180.0
    26.2185     -44.31      47.06     419.46     180.48     151.12      16.27  135.0  -45.0  630.0  180.0
    26.2707     -40.78      64.85     621.56     337.75     139.32      21.04  135.0  -45.0  630.0  180.0
    26.3229      -9.60      43.29     486.28     173.08     183.09      18.68  135.0  -45.0  630.0  180.0
    26.3752     -49.75      37.99     521.68     156.06     202.59      18.54  135.0  -45.0  630.0  180.0
    26.7568      -8.08      73.64     460.12     287.37     123.78      22.30  135.0  -45.0  630.0  180.0
    26.8091      45.05      64.20     415.79     236.06     124.04      18.49  135.0  -45.0  630.0  180.0
    26.8613     -56.12      58.52     361.73     202.84     107.15      15.02  135.0  -45.0  630.0  180.0
    26.9136     -35.77      71.61     281.26     230.88     106.09      18.04  135.0  -45.0  630.0  180.0
    27.2953      -6.29      47.26     497.19     243.95      99.56      12.51  135.0  -45.0  630.0  180.0
    27.3475      50.97      45.06     457.18     207.05     116.87      12.95  135.0  -45.0  630.0  180.0
    27.3997     -19.48      68.10     483.43     340.31      99.83      14.81  135.0  -45.0  630.0  180.0
    27.4519     -10.15      71.43     411.96     314.42      97.43      14.50  135.0  -45.0  630.0  180.0
    27.8335      -9.63      35.96     559.34     150.96     166.39      14.23  135.0  -45.0  630.0  180.0
    27.8858      26.37      50.04     571.51     215.84     167.14      19.99  135.0  -45.0  630.0  180.0
    27.9380      14.52      36.53     433.08     138.10     157.16      13.40  135.0  -45.0  630.0  180.0
    27.9902     -21.53      48.63     553.63     209.43     172.89      20.42  135.0  -45.0  630.0  180.0
    28.3718     -18.16      43.36     631.90     196.36     195.63      20.60  135.0  -45.0  630.0  180.0
    28.4241     -10.60      28.77     571.73     122.06     188.63      12.78  135.0  -45.0  630.0  180.0
    28.4763      -3.64      49.46     499.91     200.63     141.91      16.80  135.0  -45.0  630.0  180.0
    28.5285      -9.45      41.28     514.92     172.22     139.27      13.91  135.0  -45.0  630.0  180.0
    28.9101     -15.90      26.49     639.51     120.53     202.47      12.81  135.0  -45.0  630.0  180.0
    28.9623     -26.04      37.14     616.73     166.92     203.78      18.10  135.0  -45.0  630.0  180.0
    29.0145       1.15      32.02     650.79     148.43     176.17      13.52  135.0  -45.0  630.0  180.0
    29.0667     -38.53      40.79     655.08     187.23     188.34      18.74  135.0  -45.0  630.0  180.0
    29.4484      -2.82      35.48     732.99     175.27     210.98      18.40  135.0  -45.0  630.0  180.0
    29.5006       4.66      33.41     695.82     158.91     225.47      18.31  135.0  -45.0  630.0  180.0
    29.5529      24.48      24.80     615.35     109.42     305.04      17.87  135.0  -45.0  630.0  180.0
    29.6051      26.19      19.66     737.67      96.05     368.53      17.50  135.0  -45.0  630.0  180.0
    18.9542      17.00      31.18     714.79     148.81     276.61      20.48  147.5   39.9  630.0  180.0
    19.4926       2.69      31.38     539.40     128.16     186.35      13.28  147.5   39.9  630.0  180.0
    20.0310      28.56      39.47     560.51     167.93     197.16      18.75  147.5   39.9  630.0  180.0
    20.5697     -32.55      56.45     642.87     259.84     172.71      24.55  147.5   39.9  630.0  180.0
    21.1079     -17.11      46.04     722.72     224.18     242.04      27.42  147.5   39.9  630.0  180.0
    21.6464      45.31      15.80     729.04      75.36     762.13      28.42  147.5   39.9  630.0  180.0
    22.1852      74.78      11.30     741.66      53.67     980.39      25.70  147.5   39.9  630.0  180.0
    22.7238      54.37      16.58     698.83      77.06     709.29      27.52  147.5   39.9  630.0  180.0
    23.2626      11.52      30.63     657.42     140.58     393.08      29.19  147.5   39.9  630.0  180.0
    23.8012      36.51      26.83     655.23     120.39     427.41      27.04  147.5   39.9  630.0  180.0
    24.3398      -2.53      32.97     667.76     156.39     302.44      24.48  147.5   39.9  630.0  180.0
    24.8783       6.52      44.18     546.05     185.57     237.17      25.28  147.5   39.9  630.0  180.0
    25.4172      15.22      38.19     617.72     169.16     216.69      19.73  147.5   39.9  630.0  180.0
    25.9556      61.15      26.93     626.41     118.53     249.99      15.75  147.5   39.9  630.0  180.0
    26.4939      54.68      36.52     592.55     159.95     181.74      15.60  147.5   39.9  630.0  180.0
    27.0323      25.16      49.23     623.85     231.37     145.63      17.83  147.5   39.9  630.0  180.0
    27.5707      22.05      42.02     436.80     156.26     143.36      14.03  147.5   39.9  630.0  180.0
    28.1090      31.47      36.12     652.68     166.29     187.83      16.26  147.5   39.9  630.0  180.0
    28.6473      50.40      41.71     600.17     182.92     132.80      13.23  147.5   39.9  630.0  180.0
    29.1855      33.41      46.00     663.09     212.73     182.04      20.19  147.5   39.9  630.0  180.0
    29.7238      28.06      18.73     718.63      90.06     546.99      24.69  147.5   39.9  630.0  180.0
