                 MRH
   29    6 2015
      18.75      3.99     29.27       NaN       NaN    887.26     68.79    630.0   1800
      19.25    -18.14     49.27       NaN       NaN    782.48    116.38    630.0   1800
      19.75    -27.04     54.51       NaN       NaN    613.90    122.18    630.0   1800
      20.25     61.89     73.77       NaN       NaN    621.40    158.12    630.0   1800
      20.75     57.30    106.78       NaN       NaN    676.12    223.31    630.0   1800
      21.25     -4.88     42.38       NaN       NaN    758.67    110.04    630.0   1800
      21.75     47.53     13.79       NaN       NaN    734.86     59.66    630.0   1800
      22.25     70.65     16.10       NaN       NaN    922.49    298.52    630.0   1800
      22.75      5.80     37.56       NaN       NaN    634.44     89.77    630.0   1800
      23.25     30.37     44.27       NaN       NaN    635.63     98.19    630.0   1800
      23.75       NaN       NaN       NaN       NaN    699.97    137.04    630.0   1800
      24.25      4.42     44.74       NaN       NaN    610.93    102.91    630.0   1800
      24.75    -24.07     52.91       NaN       NaN    509.88    102.78    630.0   1800
      25.25      4.89     63.29       NaN       NaN    439.54    174.31    630.0   1800
      25.75    274.44     63.33       NaN       NaN    426.52    174.53    630.0   1800
      26.25       NaN       NaN       NaN       NaN    641.23    217.23    630.0   1800
      26.75    -58.90     63.09       NaN       NaN    560.34    254.83    630.0   1800
      27.25     53.30     93.37       NaN       NaN    398.26    194.10    630.0   1800
      27.75     17.98     57.88       NaN       NaN    445.13    157.52    630.0   1800
      28.25     53.97     55.85       NaN       NaN    586.77    134.75    630.0   1800
      28.75     -1.21     80.58       NaN       NaN    633.48    179.98    630.0   1800
      29.25     -5.43     53.48       NaN       NaN    687.79    136.60    630.0   1800
