  Image    fringe1  fringe2  fringe3  fringe4  fringe5  fringe6  fringe7
-----------------------------------------------------------------------------
    1     0.710142 0.708568 0.707219 0.697535 0.695526 0.691157 0.691025
    2     0.708289 0.707312 0.706308 0.699749 0.699981 0.692217 0.701015
    3     0.709215 0.712389 0.708127 0.705752 0.700348 0.695748 0.690313
    4     0.711589 0.701604 0.711093 0.704309 0.700266 0.694354 0.691599
    5     0.714736 0.710745 0.712548 0.706405 0.702142 0.695466 0.697434
    6     0.705795 0.710055 0.709986 0.703370 0.698824 0.692376 0.687948
    7     0.712009 0.710332 0.711876 0.708198 0.701954 0.699824 0.708028
    8     0.715557 0.706865 0.704805 0.701327 0.697896 0.701467 0.704091
    9     0.715529 0.717154 0.715178 0.695398 0.699092 0.695466 0.700217
   10     0.701698 0.707469 0.718401 0.704593 0.710042 0.689610 0.711536
   11     0.700014 0.705254 0.725804 0.703867 0.690614 0.696750 0.710646
   12     0.712532 0.701761 0.712384 0.707392 0.703518 0.695139 0.709882
   13     0.715576 0.714397 0.710723 0.693691 0.706492 0.694080 0.698937
   14     0.696961 0.717966 0.716358 0.704239 0.704016 0.703708 0.706255
   15     0.709562 0.711089 0.720313 0.702084 0.706007 0.699001 0.686792
   16     0.710720 0.707245 0.710600 0.700669 0.702090 0.697469 0.717770
   17     0.713742 0.710200 0.706671 0.698946 0.707924 0.708401 0.707668
   18     0.715199 0.710032 0.731746 0.700202 0.697509 0.683469 0.716918
   19     0.706591 0.708555 0.712251 0.713328 0.698523 0.699092 0.702399
   20     0.712719 0.716431 0.718077 0.698866 0.714022 0.698548 0.702524
   21     0.713147 0.709342 0.724763 0.700765 0.719294 0.695164 0.708470
   22     0.705279 0.719422 0.709023 0.708420 0.689958 0.678859 0.722969
   23     0.701658 0.713368 0.715801 0.709105 0.696596 0.688363 0.700561
   24     0.706047 0.706644 0.722364 0.700877 0.700333 0.692803 0.701103
   25     0.701517 0.708525 0.729511 0.701439 0.705376 0.687962 0.712775
   26     0.711565 0.701858 0.749206 0.696055 0.694129 0.699152 0.694204
   27     0.698320 0.709747 0.712182 0.707625 0.710992 0.701457 0.728627
   28     0.709655 0.710857 0.739818 0.700109 0.689980 0.699379 0.729207
   29     0.705074 0.712876 0.741896 0.714324 0.692716 0.701836 0.707756
   30     0.705334 0.700659 0.711187 0.697879 0.707628 0.684675 0.718330
   31     0.699686 0.706672 0.715233 0.711281 0.695795 0.705419 0.726297
   32     0.724929 0.733612 0.714454 0.722025 0.724021 0.717990 0.712375
   33     0.705094 0.717145 0.746594 0.692494 0.708547 0.690305 0.714553
   34     0.721852 0.704335 0.720055 0.706017 0.701605 0.695225 0.732093
   35     0.714816 0.723417 0.746662 0.723594 0.713065 0.706270 0.707715
   36     0.707557 0.704434 0.707870 0.718887 0.699514 0.694465 0.714028
   37     0.702458 0.720222 0.739935 0.697120 0.690631 0.684072 0.725405
   38     0.701534 0.735999 0.727248 0.723781 0.709369 0.700809 0.766299
   39     0.720705 0.712543 0.726125 0.706423 0.695531 0.711110 0.737308
   40     0.698099 0.725504 0.732537 0.705694 0.701461 0.715581 0.743681
   41     0.712363 0.725785 0.739014 0.721083 0.707780 0.697173 0.731941
   42     0.717621 0.728658 0.730094 0.679760 0.701598 0.697446 0.788322
   43     0.708350 0.720790 0.746814 0.699512 0.707565 0.700530 0.728778
   44     0.710053 0.714698 0.740149 0.700289 0.701074 0.712207 0.709666
   45     0.707132 0.723464 0.766499 0.704469 0.721687 0.712983 0.719006
   46     0.722341 0.721335 0.745384 0.707248 0.712247 0.714328 0.722207
   47     0.707918 0.709166 0.730018 0.720541 0.699079 0.710547 0.752336
   48     0.702205 0.724452 0.716241 0.705198 0.713147 0.709662 0.751928
   49     0.722476 0.715150 0.746071 0.699336 0.706042 0.701380 0.750575
   50     0.708232 0.729188 0.733203 0.717757 0.719327 0.711305 0.730190
   51     0.717262 0.716100 0.749996 0.715236 0.703770 0.697697 0.722685
   52     0.714343 0.721846 0.732034 0.706658 0.709244 0.704389 0.732933
   53     0.712921 0.722154 0.727184 0.709439 0.709672 0.708517 0.711517
   54     0.712699 0.722572 0.734894 0.711732 0.715279 0.702289 0.712664
   55     0.720065 0.719855 0.744364 0.710068 0.703996 0.696238 0.710608
   56     0.712686 0.721388 0.725235 0.713233 0.709294 0.706518 0.714616
   57     0.719698 0.720873 0.728496 0.715255 0.707362 0.707744 0.718285
   58     0.721727 0.724258 0.727974 0.709821 0.709557 0.705641 0.706143
   59     0.717146 0.724688 0.727042 0.714525 0.717208 0.705693 0.714283
   60     0.721156 0.722595 0.724180 0.714106 0.708180 0.708021 0.714156
   61     0.713958 0.711049 0.719421 0.703464 0.712158 0.697083 0.705047
   62     0.712182 0.714404 0.717201 0.706224 0.702643 0.696771 0.697751
   63     0.709230 0.718232 0.739831 0.706449 0.710029 0.715581 0.708028
   64     0.727769 0.726125 0.725986 0.718010 0.716547 0.708071 0.712867
   65     0.730260 0.731553 0.729098 0.719503 0.720221 0.711707 0.711466
   66     0.729541 0.728548 0.731146 0.718192 0.714955 0.709548 0.716005
   67     0.723969 0.723804 0.728425 0.716093 0.709142 0.711002 0.711540
   68     0.727004 0.724668 0.726225 0.714892 0.711401 0.703995 0.708264
   69     0.728882 0.728809 0.727546 0.717133 0.716874 0.714671 0.715752
   70     0.718592 0.721108 0.725969 0.710322 0.706942 0.706197 0.700754
   71     0.710901 0.712503 0.715473 0.704757 0.701772 0.695683 0.696604
   72     0.711535 0.710790 0.709111 0.698650 0.693608 0.693803 0.694798
   73     0.662842 0.712046 0.096883 0.673791 0.726215 0.727976 0.677884
   74     0.726890 0.728528 0.729469 0.718414 0.714640 0.710619 0.714191
   75     0.733499 0.733182 0.733489 0.724886 0.719653 0.716349 0.717974
   76     0.721752 0.725546 0.726493 0.718378 0.714748 0.716979 0.716439
   77     0.718443 0.715866 0.727950 0.718093 0.711187 0.710380 0.718840
   78     0.719961 0.725479 0.730465 0.719125 0.718886 0.712153 0.715275
   79     0.724251 0.726854 0.734155 0.720747 0.714413 0.710233 0.710695
   80     0.721183 0.721562 0.727359 0.711095 0.712216 0.703994 0.705050
   81     0.713000 0.717259 0.721896 0.706374 0.711272 0.696574 0.702622
   82     0.715279 0.713244 0.718425 0.707796 0.701975 0.699693 0.696917
   83     0.705093 0.724278 0.739132 0.715263 0.709079 0.714466 0.709582
   84     0.722781 0.723846 0.728667 0.719046 0.708487 0.709784 0.715311
   85     0.719029 0.727112 0.731085 0.717533 0.711803 0.713983 0.716518
   86     0.722207 0.725129 0.734638 0.715462 0.718893 0.702708 0.700587
   87     0.718114 0.723805 0.735117 0.709044 0.704131 0.698813 0.715153
   88     0.721062 0.723768 0.729291 0.710714 0.710079 0.704494 0.713011
   89     0.722235 0.722505 0.737140 0.702933 0.722524 0.708917 0.718263
   90     0.724161 0.731159 0.733417 0.717210 0.708898 0.712012 0.721405
   91     0.716284 0.727422 0.728258 0.709881 0.714715 0.708466 0.719353
   92     0.720031 0.722009 0.732243 0.718347 0.713479 0.708990 0.715850
   93     0.707236 0.726003 0.729881 0.714293 0.717221 0.709216 0.721851
   94     0.720439 0.726320 0.738986 0.715601 0.707663 0.705279 0.716124
   95     0.726249 0.728722 0.738061 0.721961 0.717731 0.711675 0.722207
   96     0.719509 0.725091 0.741704 0.715727 0.719340 0.713085 0.730033
   97     0.724247 0.726286 0.739760 0.717772 0.724373 0.712021 0.720187
   98     0.718908 0.732666 0.736941 0.716274 0.717184 0.709243 0.723250
   99     0.727429 0.726695 0.739534 0.718994 0.718726 0.710702 0.725813
  100     0.727185 0.725522 0.735567 0.716796 0.717489 0.714374 0.716124
  101     0.722383 0.720505 0.725371 0.715668 0.706461 0.710430 0.704455
  102     0.706218 0.714733 0.726386 0.713208 0.710722 0.705492 0.714675
  103     0.715540 0.727113 0.742430 0.718074 0.715799 0.710816 0.725058
  104     0.726614 0.729781 0.747169 0.729723 0.716122 0.716315 0.731225
  105     0.721984 0.729267 0.737390 0.715252 0.723107 0.715045 0.717260
  106     0.718689 0.721548 0.729146 0.713657 0.713585 0.714073 0.713937
  107     0.713906 0.728911 0.740379 0.725102 0.703779 0.710567 0.733495
  108     0.714511 0.717879 0.737177 0.719585 0.712035 0.708761 0.714154
  109     0.725847 0.726943 0.743349 0.722650 0.717830 0.709930 0.719585
  110     0.711946 0.722120 0.734718 0.721766 0.715065 0.707184 0.715967
  111     0.719487 0.728056 0.739749 0.727095 0.716090 0.710619 0.722949
  112     0.724283 0.721791 0.726654 0.716559 0.719400 0.712084 0.741284
  113     0.721458 0.721670 0.742081 0.722912 0.719569 0.711523 0.737138
  114     0.720336 0.721717 0.739075 0.716333 0.714512 0.716802 0.909922
  115     0.734201 0.721127 0.734884 0.729015 0.708490 0.707584 0.707532
  116     0.716683 0.723669 0.752063 0.720493 0.723661 0.712984 0.734627
  117     0.713446 0.735118 0.739021 0.719185 0.714506 0.714092 0.727577
  118     0.710334 0.729761 0.728335 0.716142 0.711876 0.716662 0.727563
  119     0.710550 0.726010 0.725415 0.717716 0.713460 0.724834 0.734243
  120     0.700479 0.732605 0.731436 0.723136 0.705910 0.708154 0.714859
  121     0.725952 0.731390 0.743243 0.713727 0.713409 0.703422 0.725171
  122     0.716043 0.745353 0.736353 0.722576 0.711988 0.716410 0.745976
  123     0.726067 0.728046 0.730197 0.727129 0.725748 0.713603 0.733151
  124     0.718953 0.726204 0.732521 0.724701 0.713616 0.720578 0.751857
  125     0.716118 0.724660 0.745431 0.724254 0.707541 0.720802 0.745518
  126     0.712854 0.739726 0.745439 0.717099 0.717442 0.722421 0.734447
  127     0.717758 0.728997 0.770741 0.722238 0.730127 0.710569 0.771576
  128     0.739960 0.735873 0.752988 0.726489 0.736419 0.716412 0.732634
  129     0.731629 0.731440 0.753250 0.730986 0.732065 0.715663 0.719802
  130     0.730798 0.729281 0.744610 0.724146 0.725331 0.713217 0.733352
  131     0.719622 0.725644 0.737274 0.713665 0.717547 0.710238 0.743725
  132     0.721863 0.731728 0.723347 0.710658 0.719385 0.712155 0.751488
  133     0.729473 0.725389 0.737027 0.710918 0.711397 0.727655 0.750776
  134     0.722396 0.723180 0.751534 0.739888 0.737367 0.723422 0.949340
  135     0.697220 0.751028 0.746062 0.725507 0.749352 0.732222 0.761534
  136     0.729424 0.732065 0.759226 0.717693 0.717453 0.716707 0.971401
  137     0.713059 0.728609 0.747959 0.718139 0.759270 0.721771 0.755138
  138     0.728531 0.734074 0.757275 0.735645 0.719685 0.725558 0.740846
  139     0.723297 0.741417 0.754212 0.731721 0.716349 0.734524 0.741703
  140     0.731863 0.735959 0.738265 0.728027 0.731353 0.718197 0.734385
  141     0.722465 0.722242 0.724111 0.711259 0.712410 0.709302 0.716387
  142     0.721185 0.715109 0.726508 0.708410 0.703482 0.705391 0.713135
  143     0.732719 0.716420 0.731654 0.730721 0.725447 0.713953 0.736372
  144     0.733398 0.745586 0.756678 0.737142 0.730892 0.732398 0.767818
  145     0.478315 0.447117 0.183982 0.394648 0.352240 0.596713 0.856766
  146     0.728250 0.736721 0.753625 0.729680 0.721856 0.732201 0.747553
  147     0.715444 0.741314 0.775852 0.743649 0.728242 0.706452 0.739354
  148     0.721645 0.736733 0.748362 0.725024 0.720049 0.713512 0.741603
  149     0.724922 0.741159 0.743326 0.733116 0.741506 0.730678 0.744962
  150     0.732522 0.729606 0.743547 0.726385 0.728010 0.709506 0.740233
  151     0.720790 0.726124 0.719888 0.717914 0.720103 0.711609 0.725622
  152     0.721936 0.724628 0.722072 0.711970 0.718952 0.710015 0.710648
  153     0.733379 0.715704 0.747152 0.720083 0.710800 0.718167 0.744939
  154     0.722684 0.730041 0.742769 0.728028 0.712266 0.739167 0.767185
  155     0.719493 0.731459 0.745112 0.704580 0.705176 0.719001 0.784582
  156     0.717889 0.734335 0.752176 0.732111 0.734503 0.698481 0.764508
  157     0.719046 0.734172 0.721009 0.707735 0.708025 0.725064 0.771641
  158     0.741522 0.747455 0.732608 0.723451 0.725451 0.721638 0.773558
  159     0.733061 0.730298 0.733824 0.728286 0.739095 0.719758 0.771957
  160     0.730838 0.735387 0.748110 0.716909 0.725641 0.702425 0.742580
  161     0.721355 0.720040 0.743697 0.728168 0.716210 0.705547 0.738607
  162     0.722728 0.713871 0.723164 0.715191 0.712770 0.707026 0.718348
  163     0.716730 0.726102 0.741570 0.728404 0.722523 0.713080 0.740922
  164     0.727065 0.740290 0.740595 0.731636 0.714976 0.701054 0.754932
  165     0.712127 0.722892 0.768637 0.728347 0.719585 0.713934 0.761957
  166     0.735732 0.735928 0.723546 0.737048 0.713815 0.716347 0.753870
  167     0.730813 0.728416 0.744829 0.707876 0.720731 0.704910 0.727131
  168     0.732277 0.737009 0.734936 0.723221 0.723131 0.720832 0.792417
  169     0.720485 0.724579 0.760257 0.731261 0.726618 0.718039 0.722094
  170     0.729856 0.734720 0.754836 0.718499 0.721496 0.704518 0.760908
  171     0.729146 0.716838 0.747015 0.724054 0.714862 0.716760 0.738900
  172     0.720764 0.714493 0.719033 0.727113 0.717357 0.708471 0.720403
  173     0.726101 0.731338 0.735026 0.722498 0.722460 0.715410 0.720827
  174     0.738590 0.726954 0.749182 0.726222 0.724940 0.724869 0.777901
  175     0.723154 0.740590 0.744372 0.726641 0.741095 0.724432 0.772510
  176     0.738192 0.743650 0.723666 0.726773 0.730432 0.723582 0.730110
  177     0.729470 0.733390 0.733439 0.715388 0.727570 0.709437 0.737332
  178     0.740247 0.738037 0.733886 0.711471 0.714724 0.721052 0.730631
  179     0.742194 0.744004 0.736531 0.724115 0.719201 0.725515 0.742559
  180     0.740068 0.726220 0.735323 0.729002 0.722701 0.711815 0.740837
  181     0.741111 0.725118 0.738091 0.719443 0.710348 0.713980 0.727778
  182     0.724611 0.720353 0.726070 0.713681 0.711949 0.705410 0.709383
  183     0.728715 0.718909 0.727468 0.715972 0.712886 0.717929 0.735009
  184     0.738276 0.744215 0.739455 0.732882 0.739412 0.722073 0.751603
  185     0.756032 0.736890 0.742874 0.725000 0.725546 0.724427 0.746548
  186     0.735236 0.741896 0.732768 0.729438 0.726028 0.724446 0.743180
  187     0.740992 0.736868 0.735153 0.732447 0.724171 0.723182 0.733666
  188     0.731065 0.733257 0.736440 0.728879 0.729163 0.721865 0.743369
  189     0.734842 0.741181 0.738836 0.732486 0.716152 0.726531 0.729712
  190     0.717120 0.747417 0.731686 0.728592 0.717616 0.714520 0.724438
  191     0.732705 0.721989 0.728740 0.713320 0.716799 0.712017 0.736439
  192     0.724971 0.732826 0.719339 0.728549 0.728945 0.715894 0.724037
  193     0.727726 0.730879 0.735705 0.713259 0.716344 0.717099 0.733551
  194     0.737093 0.741608 0.734607 0.720057 0.717661 0.721368 0.746428
  195     0.736052 0.730868 0.732291 0.731487 0.727295 0.716017 0.743515
  196     0.742202 0.732263 0.739923 0.729816 0.730460 0.724893 0.735091
  197     0.740030 0.742244 0.733728 0.722778 0.730159 0.727348 0.751572
  198     0.743376 0.742929 0.740195 0.731714 0.728052 0.708750 0.719900
  199     0.748991 0.741221 0.740394 0.731800 0.740495 0.721814 0.723970
  200     0.734677 0.746126 0.730767 0.723357 0.728753 0.709097 0.723012
  201     0.730952 0.735921 0.727752 0.719431 0.725841 0.709039 0.726270
  202     0.734099 0.731239 0.719833 0.725813 0.716995 0.717813 0.733055
  203     0.738270 0.728466 0.729583 0.723350 0.719383 0.722837 0.733534
  204     0.736182 0.738844 0.728057 0.729746 0.722381 0.725168 0.727326
  205     0.732236 0.733080 0.735732 0.730138 0.719828 0.721549 0.734851
  206     0.738299 0.738836 0.735853 0.728016 0.719313 0.720860 0.738571
  207     0.736485 0.743349 0.731810 0.728202 0.724881 0.718217 0.726525
  208     0.738866 0.729821 0.731966 0.726130 0.721963 0.714698 0.720791
  209     0.732198 0.735719 0.727471 0.719938 0.723993 0.715624 0.729423
  210     0.731387 0.735071 0.733143 0.726927 0.717907 0.718161 0.720357
  211     0.730903 0.736222 0.735952 0.720320 0.722081 0.717417 0.715436
