   1.406  -0.144  18.867
   1.414  -0.158  19.417
   1.408  -0.137  19.950
   1.410  -0.101  20.483
   1.404  -0.134  21.033
   1.420  -0.092  21.567
   1.397  -0.102  22.100
   1.381  -0.075  22.633
   1.370  -0.114  23.183
   1.324  -0.097  23.717
   1.347  -0.132  24.250
   1.363  -0.088  24.800
   1.372  -0.087  25.333
   1.344  -0.130  25.867
   1.332  -0.061  26.417
   1.350  -0.080  26.950
   1.360  -0.102  27.483
   1.358  -0.098  28.017
   1.329  -0.127  28.567
   1.321  -0.092  29.100
   1.368  -0.109  29.633
   1.355  -0.116  29.817
   1.370  -0.108
