MRH 20150627
    23.46    69.99   116.48   162.97   209.44   255.97   302.44
    46.52    46.49    46.49    46.47    46.53    46.47    46.47
     0.83602571     0.56213176     0.36555260     0.22082168     0.12509871     0.06302417     0.02843028     0.00783787    -0.00287512    -0.00504713    -0.00498757    -0.00457048    -0.00320938    -0.00217743    -0.00121816    -0.00212906    -0.00099165     0.00063541
    -0.01996635    -0.02795216    -0.03623427    -0.03931215    -0.04078886    -0.03935108    -0.03328960    -0.02586999    -0.01814754    -0.01351674    -0.00808683    -0.00296725    -0.00191711    -0.00009679     0.00099696     0.00168371     0.00149689     0.00016525
     1.00000000     0.67299283     0.43929124     0.26823774     0.15738042     0.08896196     0.05252420     0.03263596     0.02252308     0.01745481     0.01173629     0.00782078     0.00596286     0.00482787     0.00402203     0.00420112     0.00421441     0.00332459
     0.83253044     0.54231918     0.33397594     0.19057712     0.10053664     0.04723305     0.02005134     0.00883722     0.00456206     0.00114054     0.00002748     0.00045230     0.00046509    -0.00019890    -0.00011704     0.00035844    -0.00047179    -0.00072933
     0.03999492     0.04856808     0.03469401     0.01307239    -0.00517946    -0.01593486    -0.01929442    -0.01791862    -0.01433952    -0.01052291    -0.00637743    -0.00352807    -0.00188326    -0.00028080     0.00012402     0.00094015     0.00078247    -0.00009164
     1.00000000     0.65323359     0.40286264     0.22920781     0.12083322     0.05992676     0.03358180     0.02420592     0.01828032     0.01293524     0.00835520     0.00503630     0.00435725     0.00367642     0.00391986     0.00276081     0.00337492     0.00306550
     0.83112735     0.52086449     0.30170989     0.15460072     0.06729039     0.02247849     0.00252947    -0.00352411    -0.00516861    -0.00218222    -0.00017532    -0.00075700    -0.00083971     0.00050992    -0.00005400    -0.00147452    -0.00194674    -0.00379300
     0.01201983     0.00610023    -0.00771777    -0.01805084    -0.02386328    -0.02124284    -0.01745675    -0.01140236    -0.00748158    -0.00370168    -0.00185291    -0.00191919    -0.00237752    -0.00168156    -0.00306581    -0.00300513    -0.00161916    -0.00054035
     1.00000000     0.62948924     0.36765641     0.19174239     0.08917524     0.03930565     0.02290895     0.01668207     0.01290450     0.00754041     0.00593556     0.00543997     0.00613667     0.00519994     0.00627515     0.00808628     0.00808094     0.00912146
     0.82555771     0.50755036     0.27946585     0.13489926     0.05246193     0.01249845    -0.00217674    -0.00690931    -0.00490736    -0.00298403    -0.00229052    -0.00217859    -0.00164241    -0.00048084     0.00018944    -0.00033631     0.00043213    -0.00100642
     0.03859920     0.03772096     0.01971628    -0.00008308    -0.01048309    -0.01628303    -0.01357707    -0.01004590    -0.00414260     0.00088609     0.00282233     0.00527031     0.00321539     0.00138017     0.00105690     0.00067587    -0.00048176    -0.00039083
     1.00000000     0.61590803     0.33902082     0.16338393     0.06507169     0.02570735     0.01714296     0.01520742     0.00917788     0.00525357     0.00551969     0.00743921     0.00505491     0.00392866     0.00371326     0.00325474     0.00326727     0.00338807
     0.81723911     0.47908401     0.24739479     0.10591947     0.03242706     0.00345840    -0.00429180    -0.00463409    -0.00226496    -0.00099106    -0.00085126    -0.00163532    -0.00082201     0.00068242     0.00025640     0.00055919     0.00034656    -0.00010578
     0.06213800     0.06177312     0.03464485     0.01252779    -0.00407725    -0.01173724    -0.01031377    -0.00614968    -0.00418223    -0.00067543    -0.00022921     0.00090107     0.00001681     0.00012020    -0.00078892    -0.00091137    -0.00010138    -0.00112416
     1.00000000     0.59255838     0.30909204     0.13383351     0.04172873     0.01586621     0.01545625     0.01078914     0.00745921     0.00465141     0.00434855     0.00435078     0.00496048     0.00406520     0.00459727     0.00446384     0.00442984     0.00443133
     0.81091744     0.46319214     0.22788693     0.08293340     0.01477022    -0.00727133    -0.01567602    -0.00962655    -0.00632536    -0.00393452    -0.00044191    -0.00071577    -0.00095360    -0.00137542    -0.00264423    -0.00348381    -0.00168873    -0.00296942
     0.03827732     0.02701317     0.01539384     0.00173608    -0.00543341    -0.00444342    -0.00412875    -0.00449441    -0.00007392    -0.00022060    -0.00186653     0.00127250    -0.00164254    -0.00100737    -0.00138597    -0.00226916    -0.00214435    -0.00052643
     1.00000000     0.57167006     0.28165373     0.10274712     0.02198411     0.01416329     0.02079927     0.01540055     0.01082196     0.00693374     0.00545264     0.00519111     0.00522032     0.00586342     0.00700931     0.00671700     0.00655747     0.00586689
     0.81007785     0.44397062     0.19682434     0.06095965     0.00081529    -0.01542833    -0.01280478    -0.00636558    -0.00125105     0.00003758    -0.00019304    -0.00070352    -0.00049343    -0.00136803    -0.00103599    -0.00144179    -0.00175191    -0.00252058
     0.04191559     0.03872469     0.01898251     0.00578302    -0.00475349    -0.00422867    -0.00640145    -0.00368194    -0.00302287    -0.00050739     0.00122689     0.00141815     0.00117781     0.00111070     0.00003695    -0.00028770    -0.00017196    -0.00039485
     1.00000000     0.55257630     0.24815758     0.07775808     0.00837228     0.02130428     0.01891992     0.01016703     0.00530033     0.00497292     0.00476901     0.00536198     0.00564175     0.00717043     0.00793944     0.01095650     0.01362224     0.01675517
   1.370  -0.108  400    2    0    0    0  0.000 18.000
