                 MRH
   27    6 2015
    18.5128        NaN        NaN        NaN        NaN     866.21      57.37  102.6   -0.0  630.0  180.0
    19.0512        NaN        NaN        NaN        NaN     494.26     224.56  102.6   -0.0  630.0  180.0
    19.5896        NaN        NaN        NaN        NaN     542.67     861.31  102.6   -0.0  630.0  180.0
    20.6663        NaN        NaN        NaN        NaN     132.54     364.45  102.6   -0.0  630.0  180.0
    21.2044        NaN        NaN        NaN        NaN     415.95     104.39  102.6   -0.0  630.0  180.0
    21.7426        NaN        NaN        NaN        NaN     721.22      88.16  102.6   -0.0  630.0  180.0
    22.2810        NaN        NaN        NaN        NaN     692.90      83.67  102.6   -0.0  630.0  180.0
    22.8193        NaN        NaN        NaN        NaN     673.48      67.55  102.6   -0.0  630.0  180.0
    23.3577        NaN        NaN        NaN        NaN     667.46      87.60  102.6   -0.0  630.0  180.0
    23.8962        NaN        NaN        NaN        NaN     696.40      97.18  102.6   -0.0  630.0  180.0
    24.4345        NaN        NaN        NaN        NaN     643.54     112.09  102.6   -0.0  630.0  180.0
    24.9727        NaN        NaN        NaN        NaN     697.14      54.91  102.6   -0.0  630.0  180.0
    25.5110        NaN        NaN        NaN        NaN     626.92      66.78  102.6   -0.0  630.0  180.0
    26.0493        NaN        NaN        NaN        NaN     531.47      40.31  102.6   -0.0  630.0  180.0
    26.5876        NaN        NaN        NaN        NaN     656.54     160.72  102.6   -0.0  630.0  180.0
    27.1258        NaN        NaN        NaN        NaN     690.95     171.93  102.6   -0.0  630.0  180.0
    27.6641        NaN        NaN        NaN        NaN     442.08      40.21  102.6   -0.0  630.0  180.0
    28.2023        NaN        NaN        NaN        NaN     671.80      49.67  102.6   -0.0  630.0  180.0
    28.7405        NaN        NaN        NaN        NaN     792.94     150.41  102.6   -0.0  630.0  180.0
    29.2791        NaN        NaN        NaN        NaN     771.80     132.17  102.6   -0.0  630.0  180.0
    18.6182      43.14       7.20        NaN        NaN     837.63      25.59   90.0  -45.0  630.0  180.0
    19.1565     111.68      29.40        NaN        NaN     624.70      92.53   90.0  -45.0  630.0  180.0
    19.6949     116.29      32.38        NaN        NaN     691.19     107.58   90.0  -45.0  630.0  180.0
    20.2332      83.00      12.74        NaN        NaN     741.67      43.18   90.0  -45.0  630.0  180.0
    20.7714      98.20       3.95        NaN        NaN     749.76      11.65   90.0  -45.0  630.0  180.0
    21.3097      71.99       5.96        NaN        NaN     770.82      19.82   90.0  -45.0  630.0  180.0
    21.8479      71.10      12.23        NaN        NaN     708.81      40.60   90.0  -45.0  630.0  180.0
    22.3862      97.21      21.94        NaN        NaN     694.88      74.25   90.0  -45.0  630.0  180.0
    22.9246     158.14      25.76        NaN        NaN     666.82     151.59   90.0  -45.0  630.0  180.0
    23.4630      61.38     201.89        NaN        NaN     424.00    1253.00   90.0  -45.0  630.0  180.0
    24.0015      69.05     781.94        NaN        NaN     338.00     800.00   90.0  -45.0  630.0  180.0
    24.5398      57.72      51.62        NaN        NaN     323.30     128.53   90.0  -45.0  630.0  180.0
    25.0780      27.41      21.21        NaN        NaN     751.47      74.43   90.0  -45.0  630.0  180.0
    25.6163     109.56      22.53        NaN        NaN     681.69      74.92   90.0  -45.0  630.0  180.0
    26.1545      94.45      52.48        NaN        NaN     532.04     158.68   90.0  -45.0  630.0  180.0
    26.6928      36.20      17.12        NaN        NaN     343.05      50.28   90.0  -45.0  630.0  180.0
    27.2311      99.29      26.73        NaN        NaN     504.24      77.30   90.0  -45.0  630.0  180.0
    27.7693      26.53      12.56        NaN        NaN     598.73      41.76   90.0  -45.0  630.0  180.0
    28.3075      39.12       8.77        NaN        NaN     584.88      29.76   90.0  -45.0  630.0  180.0
    28.8458      70.03      17.66        NaN        NaN     824.48      70.00   90.0  -45.0  630.0  180.0
    29.3842      12.66      66.39        NaN        NaN     572.73     285.45   90.0  -45.0  630.0  180.0
