                 MRH
   27    6 2015
    18.5128     -29.30      10.82     866.21      57.37     764.72      20.03  102.6   -0.0  630.0  180.0
    19.0512       2.33      60.19     494.26     224.56     133.56      18.44  102.6   -0.0  630.0  180.0
    19.5896     -11.94     205.34     542.67     861.31      57.15      20.50  102.6   -0.0  630.0  180.0
    20.1279     209.00     223.53        NaN        NaN      74.73      49.84  102.6   -0.0  630.0  180.0
    20.6663     285.31     105.23     132.54     364.45      43.88      38.60  102.6   -0.0  630.0  180.0
    21.2044     -10.58      27.63     415.95     104.39     595.31      39.85  102.6   -0.0  630.0  180.0
    21.7426       3.55      18.37     721.22      88.16     656.33      28.90  102.6   -0.0  630.0  180.0
    22.2810      -4.83      17.88     692.90      83.67     522.93      22.41  102.6   -0.0  630.0  180.0
    22.8193      12.54      14.80     673.48      67.55     550.39      19.13  102.6   -0.0  630.0  180.0
    23.3577      10.41      19.25     667.46      87.60     402.83      18.28  102.6   -0.0  630.0  180.0
    23.8962      13.03      20.84     696.40      97.18     324.75      16.14  102.6   -0.0  630.0  180.0
    24.4345      -5.36      25.04     643.54     112.09     200.03      11.84  102.6   -0.0  630.0  180.0
    24.9727     -12.02      11.75     697.14      54.91     254.78       6.88  102.6   -0.0  630.0  180.0
    25.5110      -6.06      15.08     626.92      66.78     266.16       9.33  102.6   -0.0  630.0  180.0
    26.0493      17.90       9.58     531.47      40.31     216.66       5.49  102.6   -0.0  630.0  180.0
    26.5876       1.84      35.41     656.54     160.72     142.23      12.00  102.6   -0.0  630.0  180.0
    27.1258       0.76      35.91     690.95     171.93     141.73      12.38  102.6   -0.0  630.0  180.0
    27.6641      -8.09      10.17     442.08      40.21        NaN        NaN  102.6   -0.0  630.0  180.0
    28.2023       6.50      10.35     671.80      49.67     256.36       6.84  102.6   -0.0  630.0  180.0
    28.7405       0.52      28.88     792.94     150.41     215.56      15.43  102.6   -0.0  630.0  180.0
    29.2791     -17.71      24.39     771.80     132.17     116.17       7.58  102.6   -0.0  630.0  180.0
    18.4073      44.83       7.18     824.82      35.98    1391.41      23.22   12.8  -50.2  630.0  180.0
    18.8929      32.62      14.08     789.03      69.69     453.57      14.86   12.8  -50.2  630.0  180.0
    19.4313      -0.45      20.72     712.76      97.59     309.85      14.97   12.8  -50.2  630.0  180.0
    19.9697      -6.87      14.74     800.26      74.42     509.17      17.98   12.8  -50.2  630.0  180.0
    20.5079     -27.38       3.64     702.36      15.54     872.13       6.13   12.8  -50.2  630.0  180.0
    21.0461     -13.48       2.86     758.22      12.39    1263.24       6.77   12.8  -50.2  630.0  180.0
    21.5844       9.25       4.79     699.43      21.34     946.64       9.67   12.8  -50.2  630.0  180.0
    22.1227       6.67       7.57     782.86      37.32     872.12      15.36   12.8  -50.2  630.0  180.0
    22.6611      18.57       7.85     745.86      37.69     931.67      16.90   12.8  -50.2  630.0  180.0
    23.1996      37.80      11.93     752.18      57.74     669.37      18.69   12.8  -50.2  630.0  180.0
    23.7379      34.00      12.55     639.61      55.60     534.18      15.40   12.8  -50.2  630.0  180.0
    24.2763      36.34      19.25     658.46      87.13     310.74      13.89   12.8  -50.2  630.0  180.0
    24.8145     -23.39      19.12     624.29      85.63     201.96       9.15   12.8  -50.2  630.0  180.0
    25.3527     -38.03      28.12     588.83     123.17     240.22      16.27   12.8  -50.2  630.0  180.0
    25.8910     -70.56       6.24     449.39      20.75     116.22       1.22   12.8  -50.2  630.0  180.0
    26.4293      -0.97      32.05     361.79     123.81      62.20       5.10   12.8  -50.2  630.0  180.0
    26.9676     -85.49      89.50     427.34     362.87      63.99      14.06   12.8  -50.2  630.0  180.0
    27.5059     -25.90      63.15     641.68     305.77      94.51      15.54   12.8  -50.2  630.0  180.0
    28.0441      29.15      30.10     673.99     139.52     165.33      11.98   12.8  -50.2  630.0  180.0
    28.5823      60.82      29.96     688.51     140.07     207.22      14.89   12.8  -50.2  630.0  180.0
    29.1207      50.15       7.91     423.74      38.86      90.27       1.69   12.8  -50.2  630.0  180.0
    29.6589     -10.19      29.32     643.98     132.70     281.95      19.76   12.8  -50.2  630.0  180.0
    18.4602      18.26      15.32     761.81      74.32     716.75      25.90  102.6   50.2  630.0  180.0
    18.9986       2.63      45.66     716.05     235.88     185.97      21.70  102.6   50.2  630.0  180.0
    19.5371     -12.70      69.09     526.24     300.67      96.05      16.86  102.6   50.2  630.0  180.0
    20.0754      30.55      39.56     556.64     162.19     158.28      14.29  102.6   50.2  630.0  180.0
    20.6136      36.54       1.86    1313.25      29.57     481.74       5.44  102.6   50.2  630.0  180.0
    21.1518      73.54       1.26     903.63      10.55     882.21       4.32  102.6   50.2  630.0  180.0
    21.6901      80.23       3.73     748.71      15.98     844.20       5.97  102.6   50.2  630.0  180.0
    22.2284      77.91       8.55     764.40      40.77     687.52      13.36  102.6   50.2  630.0  180.0
    22.7668      99.71       9.90     699.35      45.00     670.06      15.01  102.6   50.2  630.0  180.0
    23.3052      93.59      13.17     683.73      59.33     526.80      15.82  102.6   50.2  630.0  180.0
    23.8436      81.93      16.25     627.61      70.35     380.24      14.03  102.6   50.2  630.0  180.0
    24.3820      42.87      17.32     663.67      77.53     223.80       8.94  102.6   50.2  630.0  180.0
    24.9202      13.69      34.77     548.65     143.89     184.49      14.94  102.6   50.2  630.0  180.0
    25.4585      59.45       2.87     334.66      10.80     183.63       1.34  102.6   50.2  630.0  180.0
    25.9967      60.85      22.00     700.26     103.43     284.96      14.85  102.6   50.2  630.0  180.0
    26.5351      36.29      33.23     762.27     165.34     181.82      14.72  102.6   50.2  630.0  180.0
    27.0733      41.18      14.86     644.10      68.67     173.31       6.39  102.6   50.2  630.0  180.0
    27.6116      44.15      11.36     645.34      52.88     230.91       6.69  102.6   50.2  630.0  180.0
    28.1498      68.76       2.59     882.51      24.96     278.86       3.34  102.6   50.2  630.0  180.0
    28.6880      54.08       9.70     793.69      51.67     274.97       7.12  102.6   50.2  630.0  180.0
    29.2264       5.10      38.75     657.68     176.44     155.30      14.24  102.6   50.2  630.0  180.0
    29.7646      36.06       9.23     603.64      39.59    1707.90      36.48  102.6   50.2  630.0  180.0
    18.5655      -4.89       6.44     921.46      34.83    1075.93      16.33   45.1  -45.0  630.0  180.0
    19.1040     -31.42      17.93     752.24      87.64     338.47      14.63   45.1  -45.0  630.0  180.0
    19.6423     -38.65      19.07     721.83      90.97     341.65      15.57   45.1  -45.0  630.0  180.0
    20.1807     -35.26       9.21     756.35      44.86     635.18      13.73   45.1  -45.0  630.0  180.0
    20.7188     -49.60       2.98     738.46      12.54    1062.25       5.71   45.1  -45.0  630.0  180.0
    21.2571     -37.12       3.84     772.57      17.96    1185.36       9.67   45.1  -45.0  630.0  180.0
    21.7954     -20.11       7.16     734.06      34.16     868.50      14.36   45.1  -45.0  630.0  180.0
    22.3337     -31.34      10.38     715.28      49.22     757.97      18.51   45.1  -45.0  630.0  180.0
    22.8720      -8.17      12.57     725.00      60.26     726.70      21.68   45.1  -45.0  630.0  180.0
    23.4104      -7.15      17.29     635.14      76.69     523.27      21.16   45.1  -45.0  630.0  180.0
    23.9488     -19.09      24.71     535.39     102.12     296.01      16.99   45.1  -45.0  630.0  180.0
    24.4875     -31.77      30.84     592.73     134.50     138.65      10.16   45.1  -45.0  630.0  180.0
    25.0254       6.51      12.72     615.83      55.78     218.45       6.24   45.1  -45.0  630.0  180.0
    25.5637     -80.90      32.19     678.49     154.67     231.84      18.40   45.1  -45.0  630.0  180.0
    26.1022     -47.30      16.82     607.42      77.75      93.96       3.91   45.1  -45.0  630.0  180.0
    26.6403     -31.34      21.33     546.18      86.43      88.95       4.79   45.1  -45.0  630.0  180.0
    27.1785     -68.08      55.71     657.44     280.08      75.37      11.20   45.1  -45.0  630.0  180.0
    27.7168     -40.16      51.04     718.97     261.47     123.99      16.04   45.1  -45.0  630.0  180.0
    28.2552      14.06      32.61     702.20     154.34     193.68      15.27   45.1  -45.0  630.0  180.0
    28.7932      51.71      14.00     638.92      61.50     205.78       6.41   45.1  -45.0  630.0  180.0
    29.3316     -35.49      10.56     374.56      60.41      98.28       3.27   45.1  -45.0  630.0  180.0
    18.6182     -30.50       5.09     837.63      25.59    1101.13      12.54   90.0  -45.0  630.0  180.0
    19.1565     -78.97      20.79     624.70      92.53     270.75      13.36   90.0  -45.0  630.0  180.0
    19.6949     -82.23      22.90     691.19     107.58     284.53      15.58   90.0  -45.0  630.0  180.0
    20.2332     -58.69       9.01     741.67      43.18     598.24      12.45   90.0  -45.0  630.0  180.0
    20.7714     -69.44       2.79     749.76      11.65    1049.58       5.07   90.0  -45.0  630.0  180.0
    21.3097     -50.90       4.21     770.82      19.82    1151.30      10.57   90.0  -45.0  630.0  180.0
    21.8479     -50.27       8.65     708.81      40.60     810.62      16.46   90.0  -45.0  630.0  180.0
    22.3862     -68.74      15.52     694.88      74.25     656.85      24.78   90.0  -45.0  630.0  180.0
    22.9246    -111.82      18.22     666.82     151.59     395.29      23.70   90.0  -45.0  630.0  180.0
    23.4630     -43.40     142.76     424.00    1253.00      51.61      24.44   90.0  -45.0  630.0  180.0
    24.0015     -48.82     552.92     338.00     800.00     159.21      57.64   90.0  -45.0  630.0  180.0
    24.5398     -40.81      36.50     323.30     128.53     135.59      11.83   90.0  -45.0  630.0  180.0
    25.0780     -19.38      15.00     751.47      74.43     238.92       8.56   90.0  -45.0  630.0  180.0
    25.6163     -77.47      15.93     681.69      74.92     329.23      12.59   90.0  -45.0  630.0  180.0
    26.1545     -66.78      37.11     532.04     158.68     172.61      15.38   90.0  -45.0  630.0  180.0
    26.6928     -25.59      12.10     343.05      50.28     117.31       3.68   90.0  -45.0  630.0  180.0
    27.2311     -70.21      18.90     504.24      77.30     131.96       6.34   90.0  -45.0  630.0  180.0
    27.7693     -18.76       8.88     598.73      41.76     133.35       3.31   90.0  -45.0  630.0  180.0
    28.3075     -27.66       6.20     584.88      29.76     278.07       4.83   90.0  -45.0  630.0  180.0
    28.8458     -49.52      12.49     824.48      70.00     210.22       7.25   90.0  -45.0  630.0  180.0
    29.3842      -8.95      46.95     572.73     285.45      76.31      10.10   90.0  -45.0  630.0  180.0
    18.6707     -41.09       6.41     797.97      31.50     853.83      12.51  134.8  -45.0  630.0  180.0
    18.7229     -47.61       7.58     820.91      38.46     712.65      12.62  134.8  -45.0  630.0  180.0
    18.7751     -64.38       8.73     775.13      43.00     563.98      11.53  134.8  -45.0  630.0  180.0
    18.8273     -55.44      10.14     744.70      48.65     461.42      10.87  134.8  -45.0  630.0  180.0
    19.2090     -90.00      23.04     657.98     103.79     203.20      11.00  134.8  -45.0  630.0  180.0
    19.2613     -77.11      24.57     523.67      99.82     199.18      11.43  134.8  -45.0  630.0  180.0
    19.3135     -85.42      25.42     637.54     115.20     187.13      11.14  134.8  -45.0  630.0  180.0
    19.3657    -110.29      28.35     693.17     137.85     204.20      14.25  134.8  -45.0  630.0  180.0
    19.7474     -89.88      28.70     622.55     127.23     213.65      14.55  134.8  -45.0  630.0  180.0
    19.7997     -75.83      28.21     668.71     130.07     227.84      15.47  134.8  -45.0  630.0  180.0
    19.8519     -90.73      27.31     714.09     131.69     242.45      16.09  134.8  -45.0  630.0  180.0
    19.9041     -99.52      24.73     618.33     108.70     255.44      15.07  134.8  -45.0  630.0  180.0
    20.2858     -80.37      11.30     768.29      56.28     447.13      11.96  134.8  -45.0  630.0  180.0
    20.3380     -92.49       8.31     736.07      39.69     474.78       9.09  134.8  -45.0  630.0  180.0
    20.3902     -96.95       5.98     786.74      29.22     562.83       7.52  134.8  -45.0  630.0  180.0
    20.4424     -77.20       8.10     749.91      39.03     543.72      10.10  134.8  -45.0  630.0  180.0
    20.8239     -74.89       2.14     477.55       6.62     771.78       2.54  134.8  -45.0  630.0  180.0
    20.8761     -58.78       2.53     700.93       8.90     905.62       3.28  134.8  -45.0  630.0  180.0
    20.9284     -55.26       3.01     799.27      13.31    1015.83       5.53  134.8  -45.0  630.0  180.0
    20.9806     -56.02       2.89     759.36      12.15    1006.39       5.11  134.8  -45.0  630.0  180.0
    21.3622     -40.92       3.92     772.35      18.34    1112.09       9.22  134.8  -45.0  630.0  180.0
    21.4144     -32.09       4.17     775.30      19.67    1081.71       9.63  134.8  -45.0  630.0  180.0
    21.4667     -42.80       4.06     781.24      19.16    1050.77       9.16  134.8  -45.0  630.0  180.0
    21.5189     -42.47       4.52     772.74      21.57    1013.98      10.08  134.8  -45.0  630.0  180.0
    21.9004     -36.62       7.43     765.66      36.34     817.61      14.26  134.8  -45.0  630.0  180.0
    21.9527     -48.11       8.43     750.98      41.10     753.25      14.93  134.8  -45.0  630.0  180.0
    22.0049     -48.40       9.13     740.11      44.07     713.11      15.36  134.8  -45.0  630.0  180.0
    22.0571     -53.67       9.14     763.72      45.11     698.12      15.13  134.8  -45.0  630.0  180.0
    22.4388     -75.19      13.68     818.70      71.65     578.11      19.62  134.8  -45.0  630.0  180.0
    22.4910     -61.31      13.31     720.07      64.26     559.09      17.82  134.8  -45.0  630.0  180.0
    22.5433     -57.54      14.09     725.39      68.11     547.25      18.50  134.8  -45.0  630.0  180.0
    22.5955     -59.81      15.07     735.61      73.87     532.78      19.57  134.8  -45.0  630.0  180.0
    22.9772     -50.09      15.98     689.56      75.03     530.02      20.14  134.8  -45.0  630.0  180.0
    23.0294     -58.14      16.43     649.64      74.61     508.71      19.79  134.8  -45.0  630.0  180.0
    23.0816     -41.35      16.69     693.17      77.92     517.55      20.63  134.8  -45.0  630.0  180.0
    23.1338     -51.14      17.46     735.61      84.82     515.88      21.79  134.8  -45.0  630.0  180.0
    23.5156     -81.19      20.15     633.13      90.71     410.13      19.62  134.8  -45.0  630.0  180.0
    23.5678     -75.71      20.66     640.74      93.95     406.53      20.08  134.8  -45.0  630.0  180.0
    23.6201     -78.87      20.58     666.12      95.59     399.98      19.67  134.8  -45.0  630.0  180.0
    23.6723     -69.47      20.95     625.37      93.02     380.36      18.83  134.8  -45.0  630.0  180.0
    24.0540     -62.02      18.68     641.17      84.63     300.30      13.23  134.8  -45.0  630.0  180.0
    24.1063     -84.32      22.31     703.69     109.03     277.61      15.44  134.8  -45.0  630.0  180.0
    24.1585     -50.71      22.50     477.63      86.97     235.39      12.19  134.8  -45.0  630.0  180.0
    24.2108     -66.82      20.10     594.21      88.05     255.64      12.06  134.8  -45.0  630.0  180.0
    24.5924     -26.38      24.40     824.28     159.20     131.53       8.84  134.8  -45.0  630.0  180.0
    24.6446     -26.78      48.41     498.59     198.95     151.59      17.63  134.8  -45.0  630.0  180.0
    24.6968     -23.57      29.64     432.55     114.40     155.58      11.00  134.8  -45.0  630.0  180.0
    24.7490     -42.84      25.60     590.65     111.48     192.80      11.72  134.8  -45.0  630.0  180.0
    25.1305       6.89      29.86     636.19     134.28     241.89      17.08  134.8  -45.0  630.0  180.0
    25.1827     -14.65      16.54     651.14      75.07     290.57      11.37  134.8  -45.0  630.0  180.0
    25.2350     -29.90      11.05     527.37      46.80     263.39       6.98  134.8  -45.0  630.0  180.0
    25.2872     -36.95      13.45     668.47      62.61     281.39       8.96  134.8  -45.0  630.0  180.0
    25.6688     -34.29       6.38     842.25      32.21     445.39       6.21  134.8  -45.0  630.0  180.0
    25.7211     -13.38      17.22     760.89      86.01     414.87      17.46  134.8  -45.0  630.0  180.0
    25.7733     -22.14       8.59     755.16      41.83     429.45       8.59  134.8  -45.0  630.0  180.0
    25.8255     -13.87       3.30     601.61      11.90     326.39       1.73  134.8  -45.0  630.0  180.0
    26.2070     -10.01      18.25     764.92      91.67     341.61      15.07  134.8  -45.0  630.0  180.0
    26.2593      65.01       9.78     814.75      28.83        NaN        NaN  134.8  -45.0  630.0  180.0
    26.3115     -14.25       5.79    1059.23      40.71     362.17       6.98  134.8  -45.0  630.0  180.0
    26.3637     -14.11      23.28     792.28     120.83     282.30      16.38  134.8  -45.0  630.0  180.0
    26.7453     -35.29      29.22     783.99     150.22     222.35      16.11  134.8  -45.0  630.0  180.0
    26.7976      -7.21       3.08    1144.69      45.48     247.28       4.58  134.8  -45.0  630.0  180.0
    26.8498     -14.68      10.97     828.40      61.10     253.70       7.65  134.8  -45.0  630.0  180.0
    26.9020     -39.07      10.85     816.45      60.17     234.52       7.15  134.8  -45.0  630.0  180.0
    27.2837     -44.08       7.55     566.53      33.85     250.87       5.14  134.8  -45.0  630.0  180.0
    27.3358     -38.06      24.65     724.84     121.19     246.90      15.14  134.8  -45.0  630.0  180.0
    27.3881     -30.17       7.26    1172.34      70.27     293.16       8.06  134.8  -45.0  630.0  180.0
    27.4405     -28.64       9.28     873.39      53.83     296.44       7.70  134.8  -45.0  630.0  180.0
    27.8218     -33.69       5.42     617.98      25.73     374.67       5.73  134.8  -45.0  630.0  180.0
    27.8741     -34.34       4.83     929.73      31.54     409.98       6.44  134.8  -45.0  630.0  180.0
    27.9263     -32.84      18.69     718.39      90.47     341.60      15.46  134.8  -45.0  630.0  180.0
    27.9785     -39.45       5.02    1157.74      38.79     414.56       7.59  134.8  -45.0  630.0  180.0
    28.3601     -55.10       5.70     579.03      26.18     347.77       5.56  134.8  -45.0  630.0  180.0
    28.4123     -61.19      16.39     753.51      82.03     364.69      14.68  134.8  -45.0  630.0  180.0
    28.4645     -45.73       6.81     712.34      31.29     313.17       4.49  134.8  -45.0  630.0  180.0
    28.5168     -54.90       7.81     826.02      44.03     338.96       7.63  134.8  -45.0  630.0  180.0
    28.8983     -34.80      29.15     764.24     147.39     206.33      14.84  134.8  -45.0  630.0  180.0
    28.9506     -41.19       9.55     548.28      42.75     189.24       4.78  134.8  -45.0  630.0  180.0
    29.0028     -39.07      14.89     433.01      58.18     153.98       5.82  134.8  -45.0  630.0  180.0
    29.0550     -29.68      45.16     656.80     211.16     132.07      14.72  134.8  -45.0  630.0  180.0
    29.4369     -52.88      12.00     600.57      55.66     155.21       5.01  134.8  -45.0  630.0  180.0
    29.4891     -52.38      14.78     500.74      62.70      85.70       3.37  134.8  -45.0  630.0  180.0
    29.5411     -23.00      45.97     686.39     216.16     142.96      15.87  134.8  -45.0  630.0  180.0
    29.5934     -22.43      14.89     706.79      70.78     201.89       7.14  134.8  -45.0  630.0  180.0
    18.9461      39.32      35.84     641.12     159.85     221.01      18.96  147.4   39.9  630.0  180.0
    19.4845      12.39      51.17     514.17     206.81     131.61      15.68  147.4   39.9  630.0  180.0
    20.0229      -1.87      30.26     692.79     142.19     255.36      18.44  147.4   39.9  630.0  180.0
    20.5611      19.99       7.72     779.41      37.27     606.78      10.60  147.4   39.9  630.0  180.0
    21.0992      47.17       2.75     735.06      11.12    1070.16       4.90  147.4   39.9  630.0  180.0
    21.6375      59.48       4.78     740.22      21.63     830.70       8.19  147.4   39.9  630.0  180.0
    22.1759      54.73       7.57     770.72      36.45     771.09      13.26  147.4   39.9  630.0  180.0
    22.7143      72.48       8.21     762.61      39.29     807.51      15.07  147.4   39.9  630.0  180.0
    23.2526      70.36      12.31     707.12      56.85     588.77      16.76  147.4   39.9  630.0  180.0
    23.7910      66.45      13.02     747.67      62.32     471.02      14.29  147.4   39.9  630.0  180.0
    24.3296      45.98      26.79     636.90     119.02     261.82      16.66  147.4   39.9  630.0  180.0
    24.8676      10.08      24.64     673.45     114.15     199.67      11.71  147.4   39.9  630.0  180.0
    25.4059      15.79      16.08     709.06      75.79     254.78       9.73  147.4   39.9  630.0  180.0
    25.9444      16.81      34.75     736.27     170.55     187.22      16.04  147.4   39.9  630.0  180.0
    26.4825       3.61      26.28     691.65     129.65      90.62       6.18  147.4   39.9  630.0  180.0
    27.0207     -36.31      13.88     429.70      71.68      87.53       3.21  147.4   39.9  630.0  180.0
    27.5590      14.96      12.22     279.12      41.98      89.53       2.98  147.4   39.9  630.0  180.0
    28.0973      49.13      30.43     765.97     151.33     208.73      15.46  147.4   39.9  630.0  180.0
    28.6355      75.14       9.44     438.27      36.02     203.06       4.91  147.4   39.9  630.0  180.0
    29.1738      15.14      18.03     879.61     104.57     154.44       7.69  147.4   39.9  630.0  180.0
    29.7120      38.32      12.86     672.03      58.63     707.21      21.33  147.4   39.9  630.0  180.0
