                 MRH
   27    6 2015
      18.75     43.14      7.20       NaN       NaN    851.92     31.41    630.0   1800
      19.25    111.68     29.40       NaN       NaN    559.48    121.44    630.0   1800
      19.75    116.29     32.38       NaN       NaN    616.93    434.00    630.0   1800
      20.25     83.00     12.74       NaN       NaN    741.67     43.18    630.0   1800
      20.75     98.20      3.95       NaN       NaN    441.15    182.32    630.0   1800
      21.25     71.99      5.96       NaN       NaN    593.39     53.13    630.0   1800
      21.75     71.10     12.23       NaN       NaN    715.02     48.53    630.0   1800
      22.25     97.21     21.94       NaN       NaN    693.89     55.93    630.0   1800
      22.75    158.14     25.76       NaN       NaN    670.15     82.98    630.0   1800
      23.25     61.38    201.89       NaN       NaN    545.73    628.03    630.0   1800
      23.75       NaN       NaN       NaN       NaN    696.40     97.18    630.0   1800
      24.25     69.05    781.94       NaN       NaN    490.77    403.91    630.0   1800
      24.75     57.72     51.62       NaN       NaN    510.22     69.89    630.0   1800
      25.25     27.41     21.21       NaN       NaN    751.47     74.43    630.0   1800
      25.75    109.56     22.53       NaN       NaN    654.31     50.18    630.0   1800
      26.25     94.45     52.48       NaN       NaN    531.76     81.86    630.0   1800
      26.75     36.20     17.12       NaN       NaN    499.80     84.20    630.0   1800
      27.25     99.29     26.73       NaN       NaN    597.59     94.25    630.0   1800
      27.75     26.53     12.56       NaN       NaN    520.41     28.99    630.0   1800
      28.25     39.12      8.77       NaN       NaN    628.34     28.95    630.0   1800
      28.75     70.03     17.66       NaN       NaN    808.71     82.95    630.0   1800
      29.25     12.66     66.39       NaN       NaN    672.27    157.28    630.0   1800
