  Image    fringe1  fringe2  fringe3  fringe4  fringe5  fringe6  fringe7
-----------------------------------------------------------------------------
    1     0.706884 0.706043 0.709812 0.700610 0.697130 0.692746 0.689692
    2     0.707832 0.711258 0.713351 0.704384 0.703448 0.694789 0.701834
    3     0.722197 0.715996 0.723032 0.711990 0.706666 0.703721 0.703564
    4     0.717877 0.716670 0.713366 0.709586 0.707327 0.697082 0.699022
    5     0.725166 0.719465 0.717483 0.712609 0.709111 0.705236 0.700550
    6     0.725998 0.721865 0.719788 0.714567 0.712209 0.705157 0.702649
    7     0.724985 0.725524 0.723000 0.714291 0.708612 0.707970 0.706108
    8     0.728531 0.725905 0.720962 0.717525 0.714028 0.710121 0.714359
    9     0.725214 0.726289 0.722946 0.717824 0.711142 0.707687 0.712005
   10     0.712339 0.712271 0.712026 0.699560 0.705337 0.691638 0.692469
   11     0.695418 0.706228 0.721759 0.710003 0.685833 0.686013 0.724241
   12     0.706686 0.711573 0.727689 0.691914 0.699766 0.706948 0.732919
   13     0.699456 0.702546 0.741598 0.714022 0.720335 0.706942 0.772018
   14     0.720091 0.724001 0.713729 0.709605 0.713686 0.707187 0.715910
   15     0.725418 0.727120 0.730743 0.720250 0.710790 0.716440 0.730865
   16     0.733208 0.727945 0.723002 0.711334 0.734388 0.727102 0.719192
   17     0.726205 0.715437 0.731575 0.721703 0.728869 0.715430 0.723532
   18     0.736220 0.728758 0.736459 0.718044 0.708775 0.713088 0.728097
   19     0.735163 0.738423 0.727654 0.714756 0.732502 0.714184 0.728835
   20     0.717309 0.717639 0.715110 0.711703 0.703763 0.697766 0.709920
   21     0.702079 0.719241 0.733922 0.695931 0.711660 0.705751 0.703550
   22     0.714542 0.710846 0.738286 0.707263 0.708257 0.702323 0.774928
   23     0.635951 0.229911 0.761740 0.712386 0.726847 0.302532 0.773044
   24     0.730322 0.722560 0.724150 0.713920 0.715155 0.700543 0.708529
   25     0.734447 0.724757 0.729526 0.722394 0.712474 0.718851 0.725927
   26     0.733053 0.731531 0.731649 0.719358 0.722688 0.716452 0.723116
   27     0.730218 0.731708 0.723878 0.717866 0.714706 0.718542 0.726049
   28     0.731404 0.731164 0.732074 0.724277 0.717614 0.714273 0.730364
   29     0.730918 0.740537 0.728033 0.720037 0.727559 0.715629 0.731253
   30     0.724137 0.720455 0.716658 0.711865 0.706172 0.700771 0.704892
   31     0.721165 0.718531 0.729862 0.701709 0.701262 0.709980 0.699018
   32     0.704799 0.710373 0.715243 0.691637 0.704989 0.705454 0.724404
   33     0.575031 0.774876 0.186473 0.399218 0.339127 0.717954 0.673735
   34     0.725772 0.721854 0.723078 0.716213 0.715464 0.709625 0.709901
   35     0.729106 0.727231 0.726962 0.721116 0.718353 0.711557 0.714848
   36     0.734324 0.729937 0.732326 0.723877 0.720247 0.719272 0.712869
   37     0.731228 0.734840 0.729427 0.727854 0.722284 0.720810 0.721207
   38     0.732277 0.732558 0.731975 0.727110 0.724549 0.722424 0.723565
   39     0.729987 0.730895 0.728865 0.724629 0.724593 0.717828 0.715182
   40     0.727605 0.723321 0.721789 0.715418 0.712347 0.706711 0.708559
   41     0.716292 0.717284 0.719145 0.709331 0.702836 0.702396 0.696730
   42     0.715588 0.710237 0.714767 0.701767 0.700623 0.701637 0.709843
   43     0.544517 0.295500 0.170021 0.066655 0.817257 2.036117 0.686852
   44     0.730223 0.728094 0.726317 0.719155 0.718857 0.710946 0.710276
   45     0.733177 0.728964 0.732732 0.723484 0.719792 0.716918 0.710497
   46     0.730777 0.729056 0.728236 0.720930 0.719859 0.710941 0.713054
   47     0.729597 0.729640 0.729682 0.722343 0.717523 0.713211 0.707016
   48     0.730400 0.730344 0.728030 0.722549 0.719108 0.713108 0.712474
   49     0.730858 0.730516 0.727483 0.722893 0.717025 0.713347 0.708767
   50     0.726298 0.722868 0.720968 0.714287 0.711212 0.705891 0.705311
   51     0.716387 0.713957 0.712388 0.706989 0.703496 0.695744 0.694737
   52     0.709483 0.711184 0.707604 0.702566 0.697765 0.695443 0.691227
   53     0.706699 0.727298 0.749132 0.706684 0.720237 0.703182 0.726596
   54     0.727327 0.729525 0.726123 0.719482 0.715398 0.708773 0.711222
   55     0.731824 0.727576 0.729120 0.722805 0.717379 0.712032 0.711807
   56     0.728384 0.728574 0.726182 0.719337 0.717794 0.714225 0.708736
   57     0.729206 0.727074 0.726102 0.718402 0.712916 0.710593 0.709366
   58     0.727956 0.726399 0.728713 0.720856 0.717299 0.714107 0.711870
   59     0.730468 0.727207 0.727755 0.720690 0.716173 0.714254 0.710317
   60     0.723662 0.719421 0.720072 0.713173 0.708683 0.704240 0.700586
   61     0.713874 0.713062 0.713147 0.703045 0.701527 0.695130 0.695530
   62     0.708323 0.711228 0.707882 0.701512 0.697794 0.694574 0.692049
   63     0.712700 0.716491 0.730704 0.710956 0.716255 0.700955 0.715723
   64     0.725890 0.724769 0.723607 0.716767 0.712770 0.713236 0.709341
   65     0.732115 0.728434 0.732430 0.721965 0.718111 0.712495 0.714711
   66     0.728401 0.728970 0.727124 0.721124 0.717278 0.708349 0.715394
   67     0.731410 0.730560 0.726970 0.722338 0.718255 0.712559 0.717664
   68     0.730486 0.731623 0.731094 0.723474 0.711567 0.715317 0.717750
   69     0.732413 0.734481 0.728419 0.722040 0.719798 0.717441 0.711954
   70     0.725167 0.721037 0.721645 0.714942 0.706972 0.705616 0.704305
   71     0.715909 0.713897 0.711692 0.705977 0.704785 0.697126 0.697881
   72     0.711071 0.712644 0.706676 0.704616 0.700725 0.693902 0.692628
   73     0.718975 0.716856 0.729150 0.716269 0.713723 0.711133 0.712151
   74     0.732509 0.728549 0.724555 0.719581 0.716294 0.712180 0.711386
   75     0.725649 0.733677 0.742379 0.727444 0.722545 0.713890 0.723722
   76     0.733777 0.732422 0.735220 0.725825 0.725404 0.719247 0.725319
   77     0.729154 0.734410 0.731998 0.726547 0.723880 0.715863 0.721464
   78     0.730264 0.734180 0.734652 0.723027 0.719665 0.717130 0.719629
   79     0.733246 0.733175 0.733344 0.725397 0.722134 0.715330 0.719148
   80     0.726544 0.721087 0.720668 0.713041 0.707054 0.703275 0.700534
   81     0.715393 0.711308 0.710944 0.704677 0.701009 0.696204 0.694709
   82     0.711457 0.709171 0.702050 0.701220 0.696594 0.692081 0.691598
   83     0.718398 0.722695 0.720702 0.719411 0.710403 0.707626 0.703548
   84     0.724903 0.727093 0.725706 0.717338 0.714293 0.709523 0.705946
   85     0.713285 0.732167 0.746811 0.727242 0.726539 0.718836 0.737471
   86     0.731215 0.732049 0.730299 0.725928 0.721776 0.717744 0.713736
   87     0.734704 0.734093 0.738641 0.726378 0.718434 0.715871 0.713249
   88     0.730244 0.725043 0.733732 0.722501 0.719534 0.718321 0.718201
   89     0.728086 0.733375 0.737230 0.725442 0.717689 0.712603 0.722835
   90     0.719459 0.718037 0.716792 0.712020 0.705493 0.703114 0.703237
   91     0.717736 0.714759 0.708218 0.705492 0.698896 0.696562 0.698295
   92     0.711156 0.709858 0.705782 0.698404 0.698960 0.697318 0.696271
   93     0.723250 0.724039 0.719181 0.717085 0.709862 0.705513 0.711140
   94     0.725746 0.724842 0.725058 0.717243 0.720503 0.705291 0.713896
   95     0.620139 0.380594 0.110735 0.733187 0.725762 4.226911 0.699401
   96     0.731568 0.734335 0.745134 0.732836 0.730682 0.715973 0.723394
   97     0.735241 0.737246 0.737569 0.726717 0.729160 0.719884 0.722470
   98     0.735064 0.734522 0.737569 0.731464 0.721828 0.724900 0.728894
   99     0.739230 0.739137 0.740986 0.724066 0.720782 0.718240 0.718725
  100     0.723297 0.718247 0.721263 0.709016 0.709180 0.703636 0.703082
  101     0.711874 0.710885 0.717519 0.704612 0.704631 0.696791 0.710372
  102     0.716814 0.712779 0.708696 0.703155 0.699695 0.697407 0.697276
  103     0.724277 0.718789 0.727461 0.716575 0.711874 0.704554 0.709890
  104     0.722180 0.724141 0.735978 0.721918 0.719948 0.715815 0.716760
  105     0.559728 0.290509 0.189213 0.728797 0.291707 1.031018 0.670844
  106     0.734252 0.730865 0.734710 0.735065 0.723012 0.715850 0.728225
  107     0.735244 0.731013 0.744964 0.737767 0.723170 0.721645 0.733946
  108     0.730425 0.730898 0.743085 0.732048 0.716973 0.719520 0.717752
  109     0.738432 0.728800 0.736261 0.732273 0.725667 0.726512 0.720025
  110     0.723878 0.717601 0.720555 0.709658 0.706433 0.705340 0.710983
  111     0.719011 0.718436 0.712909 0.710114 0.707576 0.700808 0.718546
  112     0.717190 0.719453 0.713434 0.707099 0.711973 0.707125 0.719182
  113     0.716766 0.727197 0.735070 0.720961 0.720572 0.709002 0.714401
  114     0.726163 0.737709 0.735086 0.712256 0.719549 0.713174 0.736681
  115     0.717182 0.725858 0.746215 0.722820 0.720455 0.712743 0.749514
  116     0.730791 0.721865 0.746300 0.714040 0.723899 0.703738 0.729466
  117     0.717959 0.733428 0.744316 0.717102 0.715406 0.719081 0.727226
  118     0.724264 0.727441 0.725278 0.728301 0.723439 0.705628 0.735421
  119     0.723594 0.737214 0.744689 0.728628 0.718852 0.710473 0.729585
  120     0.725505 0.723472 0.738730 0.711053 0.724099 0.720882 0.729825
  121     0.723981 0.733359 0.732249 0.712305 0.721811 0.705102 0.702480
  122     0.720425 0.731632 0.727095 0.708553 0.720172 0.705767 0.721775
  123     0.737297 0.724075 0.723643 0.722634 0.712413 0.711455 0.725854
  124     0.721800 0.727810 0.725872 0.714382 0.722485 0.715412 0.713021
  125     0.723105 0.726030 0.738937 0.720086 0.727330 0.711869 0.722709
  126     0.722599 0.730040 0.720338 0.718555 0.717335 0.711317 0.723278
  127     0.725255 0.735003 0.731933 0.718766 0.723497 0.713514 0.719010
  128     0.736500 0.735844 0.729900 0.721615 0.716679 0.710044 0.730519
  129     0.724215 0.740923 0.737893 0.731551 0.721037 0.717418 0.718559
  130     0.737075 0.736197 0.732925 0.714537 0.724180 0.717197 0.728255
  131     0.728231 0.724437 0.728410 0.718079 0.713678 0.697979 0.723248
  132     0.720961 0.715867 0.723172 0.713476 0.708401 0.709036 0.711809
  133     0.734759 0.731554 0.724607 0.716246 0.722621 0.709575 0.718924
  134     0.739062 0.737480 0.746379 0.728047 0.739647 0.719575 0.734819
  135     0.733330 0.739452 0.747816 0.731623 0.734089 0.725265 0.729044
  136     0.731510 0.728860 0.737527 0.726323 0.719734 0.725176 0.718475
  137     0.733430 0.733219 0.733666 0.719666 0.717750 0.715599 0.715912
  138     0.735560 0.737634 0.731351 0.718539 0.715249 0.723303 0.715850
  139     0.734582 0.728339 0.727892 0.723074 0.718586 0.716071 0.714857
  140     0.735583 0.733539 0.737489 0.732185 0.724313 0.711378 0.727230
  141     0.727530 0.722923 0.723652 0.722301 0.720324 0.702593 0.724948
  142     0.721596 0.716587 0.717608 0.711414 0.708974 0.703222 0.714341
  143     0.723414 0.725810 0.728628 0.729027 0.707346 0.707298 0.719271
  144     0.736042 0.722409 0.738774 0.724870 0.724097 0.734943 0.737398
  145     0.743275 0.727700 0.735823 0.734799 0.738600 0.721569 0.736304
  146     0.729564 0.735238 0.731670 0.721485 0.720302 0.720152 0.715655
  147    ********* 0.667285*********14.582941*********36.048710 2.378637
  148     0.729224 0.731497 0.732992 0.721723 0.723739 0.716617 0.729232
  149     0.734658 0.728869 0.732303 0.721054 0.728318 0.711523 0.722368
  150     0.717026 0.726482 0.750612 0.705872 0.723048 0.702035 0.743803
  151     0.734541 0.720281 0.734374 0.737991 0.730747 0.685583 0.725893
  152     0.723596 0.724912 0.729340 0.713160 0.712274 0.705364 0.715523
  153     0.729024 0.729107 0.719062 0.724301 0.731007 0.709839 0.725916
  154     0.735312 0.763246 0.729301 0.736034 0.686543 0.708084 0.782453
  155     0.737691 0.745255 0.725197 0.736096 0.721161 0.713837 0.719933
  156     0.736057 0.738663 0.733642 0.722085 0.730516 0.719851 0.725648
  157     0.744641 0.732778 0.733794 0.723338 0.718118 0.729311 0.722182
  158     0.737878 0.731276 0.732092 0.726370 0.719833 0.707658 0.728123
  159     0.741553 0.739412 0.737649 0.731547 0.719411 0.719392 0.723237
  160     0.743598 0.748028 0.745424 0.730336 0.729915 0.732367 0.770587
  161     0.743095 0.729425 0.735504 0.710976 0.722496 0.723656 0.725108
  162     0.725683 0.722908 0.732798 0.713968 0.699567 0.708653 0.722028
  163     0.729192 0.723812 0.726168 0.724435 0.722772 0.721359 0.723008
  164     0.729220 0.751722 0.723164 0.725613 0.739878 0.733712 0.766082
  165     0.743301 0.744950 0.750582 0.728224 0.732307 0.713336 0.740619
  166     0.735585 0.741772 0.737863 0.685389 0.760642 0.716634 0.730557
  167     0.738794 0.737087 0.734724 0.724222 0.723950 0.721655 0.731322
  168     0.741300 0.736410 0.724566 0.731226 0.718805 0.731630 0.736385
  169     0.737103 0.736096 0.732011 0.729514 0.725565 0.726103 0.715777
  170     0.723103 0.719067 0.734466 0.739073 0.741330 0.723925 0.729854
  171     0.741572 0.728517 0.711168 0.916873 0.718701 0.699106 0.743948
  172     0.725178 0.728473 0.717846 0.716361 0.710930 0.709307 0.712031
  173     0.703382********* 0.727380 0.733159 0.716131 0.717639 0.729175
  174     0.734519 0.728597 0.749062 0.726471 0.724600 0.722963 0.731070
  175     0.729552 0.737551 0.735077 0.732019 0.725513 0.712034 0.730071
  176     0.737310 0.738871 0.732836 0.728338 0.725973 0.723382 0.727231
  177     0.736541 0.741289 0.733761 0.731499 0.727569 0.721700 0.721222
  178     0.741453 0.740064 0.733887 0.727787 0.723895 0.715777 0.724496
  179     0.738401 0.738468 0.731827 0.733060 0.722703 0.721199 0.724746
  180     0.723458 0.735207 0.725028 0.719210 0.707584 0.703667 0.729301
  181     0.722525 0.723104 0.724061 0.711294 0.708991 0.709191 0.720877
  182     0.721531 0.722440 0.723698 0.718458 0.707422 0.702929 0.708650
  183     0.736877 0.729944 0.722292 0.722516 0.720353 0.711236 0.719611
  184     0.730548 0.729425 0.724796 0.717877 0.719498 0.713890 0.725015
  185     0.743770 0.730148 0.730407 0.729656 0.720782 0.717295 0.730480
  186     0.742392 0.735296 0.740091 0.736156 0.726301 0.723153 0.728457
  187     0.743478 0.738605 0.737876 0.733730 0.731281 0.724959 0.732594
  188     0.738867 0.738732 0.732920 0.727518 0.733296 0.725215 0.727175
  189     0.721662 0.739537 0.737599 0.733959 0.755788 0.726203 0.726673
  190     0.718989 0.719664 0.722176 0.713406 0.710552 0.710555 0.711647
  191     0.699393 0.712152 0.719194 0.715745 0.712318 0.706961 0.713904
  192     0.728223 0.726079 0.712390 0.715928 0.711550 0.712102 0.709078
  193     0.730880 0.732827 0.730074 0.720195 0.719814 0.708889 0.732390
  194     0.713814 0.726776 0.722568 0.717421 0.712294 0.709653 0.715065
  195     0.741570 0.734445 0.737360 0.731270 0.733359 0.719404 0.733641
  196     0.741285 0.733194 0.728627 0.726714 0.728593 0.727772 0.726774
  197     0.695785 0.737158 0.751467 0.724066 0.717474 0.728730 0.737412
  198     0.736434 0.735313 0.737888 0.733153 0.715890 0.730810 0.733499
  199     0.730719 0.737528 0.731902 0.727929 0.720249 0.716983 0.739891
  200     0.723077 0.723595 0.706663 0.718181 0.702941 0.692839 0.712197
  201     0.739616 0.713306 0.721559 0.721332 0.716302 0.706418 0.741675
  202     0.723867 0.735509 0.728320 0.724997 0.721417 0.708340 0.727608
  203     0.741758 0.725971 0.715775 0.722263 0.744920 0.707516 0.743091
  204     0.738027 0.734952 0.714942 0.712991 0.732217 0.720566 0.726415
  205     0.725454 0.747992 0.724361 0.721667 0.710814 0.717049 0.748977
  206     0.742168 0.732954 0.740264 0.725158 0.742916 0.723656 0.732473
  207     0.660604 0.744016********* 0.729324 0.736323 0.728318 0.722064
  208     0.741388 0.730564 0.732185 0.731141 0.719582 0.707205 0.738653
  209     0.736872 0.741069 0.732519 0.735637 0.718677 0.716738 0.710297
  210     0.735113 0.735251 0.731765 0.726341 0.715939 0.716227 0.718022
  211     0.723992 0.722364 0.729353 0.715731 0.716083 0.708450 0.712192
  212     0.721640 0.724508 0.729434 0.720921 0.712834 0.710600 0.710443
