   1.557  -0.079  18.817
   1.569  -0.080  19.350
   1.589  -0.048  19.883
   1.593  -0.056  20.433
   1.562  -0.070  20.967
   1.585  -0.072  21.500
   1.563  -0.054  22.033
   1.535  -0.031  22.583
   1.574  -0.050  23.117
   1.566  -0.038  23.650
   1.550  -0.059  24.200
   1.540  -0.060  24.733
   1.536  -0.053  25.267
   1.580  -0.042  25.817
   1.550  -0.034  26.350
   1.568  -0.017  26.883
   1.544  -0.015  27.417
   1.566  -0.036  27.967
   1.533  -0.017  28.500
   1.564  -0.017  29.033
   1.538  -0.015  29.583
   1.559  -0.014  29.750
   1.560  -0.044
