MRH 20150612
    23.98    70.48   116.93   163.42   209.88   256.36   302.84
    46.51    46.45    46.49    46.46    46.48    46.48    46.48
     0.83350617     0.55930591     0.36269298     0.21773621     0.12153877     0.05988648     0.02492699     0.00569140    -0.00203451    -0.00523429    -0.00619426    -0.00556727    -0.00418529    -0.00341405    -0.00250526    -0.00097802    -0.00077912    -0.00001972
    -0.02217394    -0.02568101    -0.03609832    -0.04059275    -0.04182851    -0.04018218    -0.03536516    -0.02859118    -0.02103939    -0.01472410    -0.00974881    -0.00472735    -0.00211900    -0.00163263     0.00046802     0.00139265     0.00126771     0.00033231
     1.00000000     0.67144406     0.43712175     0.26564708     0.15418817     0.08651573     0.05197392     0.03516970     0.02555850     0.01897792     0.01411923     0.00916792     0.00598762     0.00516923     0.00353948     0.00351375     0.00381843     0.00281418
     0.82735324     0.53613269     0.33406374     0.18797168     0.09572896     0.04706467     0.01985655     0.00411636     0.00105042     0.00097451    -0.00240399    -0.00190260     0.00107604     0.00101328     0.00089696     0.00117321     0.00058122     0.00061415
     0.03511662     0.04379528     0.02907487     0.01069549    -0.00873893    -0.01661706    -0.01896847    -0.01872755    -0.01426786    -0.00853719    -0.00673300    -0.00387137    -0.00016874     0.00014785    -0.00110066     0.00029754    -0.00024106    -0.00180281
     1.00000000     0.64947963     0.40503597     0.22762081     0.11606212     0.06109950     0.03384754     0.02391152     0.01857920     0.01240541     0.01042738     0.00669451     0.00420023     0.00397221     0.00515935     0.00423390     0.00398019     0.00421932
     0.82920504     0.51628667     0.29531485     0.15444593     0.07392103     0.03504378     0.01571627     0.00657894     0.00166075    -0.00068826    -0.00124490    -0.00204728    -0.00049050     0.00116276     0.00061259    -0.00030669    -0.00002161    -0.00050037
     0.09375758     0.10651886     0.08095744     0.04228458     0.00980501    -0.00930992    -0.01531872    -0.01489276    -0.01152441    -0.00540687    -0.00349741    -0.00112354    -0.00033381     0.00031286     0.00084062     0.00086983     0.00074450     0.00007077
     1.00000000     0.63170445     0.36693996     0.19188786     0.08940133     0.04357840     0.02638048     0.01966187     0.01425255     0.00713058     0.00499390     0.00369586     0.00300349     0.00364139     0.00332742     0.00335563     0.00309071     0.00258527
     0.82622385     0.50625288     0.27929193     0.13515025     0.05268336     0.01310858    -0.00285049    -0.00663448    -0.00455412    -0.00310110    -0.00140332    -0.00045049     0.00094516     0.00028810     0.00141399     0.00186448     0.00155440     0.00223469
     0.02746478     0.02969319     0.01266019    -0.00232521    -0.01436684    -0.01882518    -0.01875803    -0.01347944    -0.00953074    -0.00454350    -0.00220687     0.00029267    -0.00026485     0.00089509     0.00091556     0.00083925    -0.00054867    -0.00129703
     1.00000000     0.61342800     0.33819303     0.16362973     0.06644326     0.02811621     0.02359070     0.01832329     0.01347177     0.00785770     0.00544212     0.00384586     0.00397155     0.00295524     0.00394690     0.00431334     0.00382143     0.00434895
     0.81826794     0.48242325     0.25185809     0.11062737     0.03720523     0.00886743    -0.00042496    -0.00168080    -0.00162034    -0.00056456     0.00000738     0.00014465    -0.00149050    -0.00247836    -0.00228036    -0.00328567    -0.00267993    -0.00387340
     0.08102317     0.09075539     0.05801967     0.02294260    -0.00381707    -0.01379819    -0.01589154    -0.01101593    -0.00782997    -0.00376313    -0.00347343    -0.00175215    -0.00134934     0.00116467     0.00259232     0.00345345     0.00219487     0.00100407
     1.00000000     0.59694999     0.31432733     0.13743608     0.04564473     0.02069962     0.01963078     0.01388086     0.00993271     0.00544046     0.00589117     0.00356811     0.00421395     0.00514885     0.00588010     0.00639698     0.00537738     0.00605780
     0.81924069     0.46980959     0.23120290     0.08750631     0.01737608    -0.00893899    -0.01335227    -0.00963185    -0.00694603    -0.00406407    -0.00526785    -0.00406127    -0.00485538    -0.00446436    -0.00505833    -0.00657725    -0.00536556    -0.00336896
     0.02150344     0.01817286     0.00098939    -0.00739998    -0.01227725    -0.01094123    -0.00887240    -0.00322379    -0.00236060     0.00146528     0.00183528     0.00315588     0.00224458     0.00388784     0.00395820     0.00545786     0.00515183     0.00641904
     1.00000000     0.57365447     0.28210890     0.10724531     0.02643644     0.01790391     0.01996228     0.01279168     0.00982007     0.00614206     0.00753127     0.00714968     0.00739533     0.00794946     0.00878430     0.01125622     0.00977677     0.00986923
     0.81758463     0.45273590     0.20745407     0.07047226     0.01073601    -0.00656543    -0.00914298    -0.00703385    -0.00369433    -0.00298510    -0.00583553    -0.00340880    -0.00615318    -0.00687335    -0.00730455    -0.00807944    -0.00693665    -0.00544681
     0.07328214     0.07526994     0.04385545     0.01409781    -0.00563867    -0.01187550    -0.01065354    -0.00532695    -0.00331404    -0.00075778    -0.00217636     0.00132008     0.00280756     0.00397609     0.00228470     0.00259732     0.00049280    -0.00239053
     1.00000000     0.55911022     0.25834230     0.08764290     0.01562903     0.01749478     0.01731593     0.01129888     0.00740169     0.00489176     0.00854611     0.00562183     0.00904624     0.01072982     0.01014892     0.01137023     0.00931065     0.00785489
   1.560  -0.044  400    2    0    0    0  0.000 18.000
