                 MRH
   12    6 2015
      18.25       NaN       NaN       NaN       NaN    997.47     24.52    630.0   1800
      18.75     27.14      4.98       NaN       NaN    972.92     21.80    630.0   1800
      19.25     42.83     11.67       NaN       NaN    848.51     43.07    630.0   1800
      19.75     74.19     18.74       NaN       NaN    809.61     58.59    630.0   1800
      20.25    105.50      8.37       NaN       NaN    737.54     20.99    630.0   1800
      20.75     89.45      4.10       NaN       NaN    909.07     26.28    630.0   1800
      21.25     98.14      4.57       NaN       NaN    943.71     17.42    630.0   1800
      21.75     66.33      6.43       NaN       NaN    904.69     18.00    630.0   1800
      22.25     12.27      1.72       NaN       NaN    705.03      5.47    630.0   1800
      22.75    110.48      4.72       NaN       NaN    871.09     10.74    630.0   1800
      23.25    115.05      4.96       NaN       NaN    850.31     10.05    630.0   1800
      23.75     81.13      5.24       NaN       NaN    837.57     15.92    630.0   1800
      24.25     82.16      5.02       NaN       NaN    831.63     14.09    630.0   1800
      24.75       NaN       NaN       NaN       NaN    956.79     22.74    630.0   1800
      25.25     73.23      6.23       NaN       NaN    809.85     18.37    630.0   1800
      25.75     -1.34      4.66       NaN       NaN    838.89     23.69    630.0   1800
      26.25     18.20     15.15       NaN       NaN    801.08     54.71    630.0   1800
      26.75     39.18     18.79       NaN       NaN    702.25     42.91    630.0   1800
      27.25    -54.78      8.18       NaN       NaN    541.46     17.55    630.0   1800
      27.75     86.31     17.03       NaN       NaN    723.23     50.03    630.0   1800
      28.25     57.87     10.55       NaN       NaN    762.74     29.85    630.0   1800
      28.75    -19.73     15.56       NaN       NaN    748.50     34.44    630.0   1800
      29.25    -25.32      3.92       NaN       NaN    687.54     28.56    630.0   1800
