                 MRH
   12    6 2015
    18.4499       6.81       4.33     997.47      24.52    1278.34      13.02  102.6    0.0  630.0  180.0
    18.9883      16.91       7.14     929.14      38.69     451.09       7.34  102.6    0.0  630.0  180.0
    19.5269      -1.42      18.16     836.21      96.08     255.56      11.59  102.6    0.0  630.0  180.0
    20.0650       5.25       5.77     649.12      22.93     288.10       2.99  102.6    0.0  630.0  180.0
    20.6035      -9.22       9.20     917.08      51.12     498.98      11.26  102.6    0.0  630.0  180.0
    21.1418       8.51       5.65     902.80      30.15     807.19      10.61  102.6    0.0  630.0  180.0
    21.6800       8.36       4.49     926.73      26.66    1016.64      12.99  102.6    0.0  630.0  180.0
    22.2183       3.78       1.29     717.71       7.72     901.44       3.75  102.6    0.0  630.0  180.0
    22.7566      -4.55       2.82     894.26      13.29    1162.98       6.07  102.6    0.0  630.0  180.0
    23.2951      -9.20       1.26     848.85       9.57     981.77       4.64  102.6    0.0  630.0  180.0
    23.8336       4.23       5.10     823.57      25.65     937.71      10.89  102.6    0.0  630.0  180.0
    24.3720      11.29       4.39     825.09      21.82    1030.67      10.07  102.6    0.0  630.0  180.0
    24.9105       3.90       4.16     956.79      22.74     941.68       8.84  102.6    0.0  630.0  180.0
    25.4491       2.36       5.93     776.88      29.02     781.20      10.58  102.6    0.0  630.0  180.0
    25.9873     -14.72       8.31     828.35      43.00     503.49       9.93  102.6    0.0  630.0  180.0
    26.5256      -0.96      12.52     755.20      61.70     338.10      10.11  102.6    0.0  630.0  180.0
    27.0639       5.59       7.00     418.79      23.97     221.24       3.12  102.6    0.0  630.0  180.0
    27.6025     -16.68      16.73     750.14      82.47     255.25      10.32  102.6    0.0  630.0  180.0
    28.1409     -10.36       9.55     771.14      47.35     465.86      10.53  102.6    0.0  630.0  180.0
    28.6793       4.80       8.87     751.67      43.04     511.06      10.61  102.6    0.0  630.0  180.0
    29.2177      12.68      10.20     803.83      54.60     334.62       9.12  102.6    0.0  630.0  180.0
    18.3444      36.91       5.26    1023.41      30.95    1912.04      24.88   12.7  -50.1  630.0  180.0
    18.8300      47.84       5.73     962.08      31.36     757.51       9.97   12.7  -50.1  630.0  180.0
    19.3685      64.86       7.22     893.21      38.07     696.78      11.80   12.7  -50.1  630.0  180.0
    19.9068      32.39       3.72     934.57      19.06     944.95       7.24   12.7  -50.1  630.0  180.0
    20.4452      -0.99       4.76     998.36      27.63    1257.60      14.40   12.7  -50.1  630.0  180.0
    20.9835      -2.60       4.36     969.26      24.59    1399.84      14.50   12.7  -50.1  630.0  180.0
    21.5218      -3.14       4.32    1000.55      25.07    1447.28      15.14   12.7  -50.1  630.0  180.0
    22.0601      -2.34       5.80     853.04      30.21     871.59      11.88   12.7  -50.1  630.0  180.0
    22.5983      -5.27       4.13     915.40      22.28    1336.43      12.77   12.7  -50.1  630.0  180.0
    23.1368      -0.89       3.99     916.23      21.77    1505.01      14.11   12.7  -50.1  630.0  180.0
    23.6753      -3.13       4.06     938.35      22.32    1523.05      14.57   12.7  -50.1  630.0  180.0
    24.2138      15.20       2.56     917.45      15.86    1574.15      13.31   12.7  -50.1  630.0  180.0
    24.7522       1.03       2.72     876.80      16.19    1404.96      11.78   12.7  -50.1  630.0  180.0
    25.2907     -11.66       3.33     836.94      19.10     914.42       9.31   12.7  -50.1  630.0  180.0
    25.8291       7.02       6.44     836.04      32.80     498.06       7.26   12.7  -50.1  630.0  180.0
    26.3673     -22.85       5.71     749.81      26.40     385.41       4.56   12.7  -50.1  630.0  180.0
    26.9057      -3.95      12.93     737.34      62.48     335.51      10.39   12.7  -50.1  630.0  180.0
    27.4442     -18.06      12.85     807.90      66.47     283.53       8.90   12.7  -50.1  630.0  180.0
    27.9826      -2.46       7.75     698.73      35.65     545.62       9.73   12.7  -50.1  630.0  180.0
    28.5211      -5.39       1.66     700.83      10.46     520.73       2.88   12.7  -50.1  630.0  180.0
    29.0594       8.78      17.76     821.92      93.70     238.51      10.53   12.7  -50.1  630.0  180.0
    29.5978      -4.12       1.47     877.33      19.97     502.80       4.95   12.7  -50.1  630.0  180.0
    18.3973      31.43       6.14    1051.91      36.88    1166.92      17.74  102.6   50.2  630.0  180.0
    18.9357      73.87       5.69     949.41      29.72     449.94       5.33  102.6   50.2  630.0  180.0
    19.4742      74.51      16.49     750.66      79.13     260.15       9.98  102.6   50.2  630.0  180.0
    20.0126      94.10       2.50     956.48      23.46     300.57       3.53  102.6   50.2  630.0  180.0
    20.5509      69.27       6.71     911.30      35.91     765.05      11.87  102.6   50.2  630.0  180.0
    21.0892      84.79       2.20     975.51      14.95        NaN        NaN  102.6   50.2  630.0  180.0
    21.6275      66.05       1.18     826.06       8.55    1035.75       4.49  102.6   50.2  630.0  180.0
    22.1657      21.80       1.55    1031.66      17.08     741.69       6.23  102.6   50.2  630.0  180.0
    22.7041      93.09       1.19     765.85       6.91    1271.72       4.26  102.6   50.2  630.0  180.0
    23.2425      84.75       1.21     656.03       6.47    1113.54       3.77  102.6   50.2  630.0  180.0
    23.7810      85.31       4.70     903.12      24.82    1195.46      12.84  102.6   50.2  630.0  180.0
    24.3195      70.38       3.60     862.36      20.26    1212.35      12.42  102.6   50.2  630.0  180.0
    24.8579      57.10       3.48     872.51      20.05    1090.42      11.14  102.6   50.2  630.0  180.0
    25.3964      26.73       6.73     810.64      33.74     689.95      10.73  102.6   50.2  630.0  180.0
    25.9347     -22.04       6.67     784.87      32.77     417.70       6.29  102.6   50.2  630.0  180.0
    26.4730       3.56       5.65     586.26      22.50     327.39       3.63  102.6   50.2  630.0  180.0
    27.0115      40.38      18.28     595.76      77.93     212.89       9.08  102.6   50.2  630.0  180.0
    27.5499      30.62      17.64     692.73      82.32     202.27       8.45  102.6   50.2  630.0  180.0
    28.0884      37.44       9.67     784.64      48.12     453.86      10.20  102.6   50.2  630.0  180.0
    28.6268      13.16       9.72     781.91      48.28     427.98       9.90  102.6   50.2  630.0  180.0
    29.1652       2.40      17.47     781.57      88.69     234.44      10.06  102.6   50.2  630.0  180.0
    29.7036      -2.53       5.72     802.12      28.50     755.05       9.88  102.6   50.2  630.0  180.0
    18.5026      14.07       3.84     994.55      21.54    1457.49      12.83   45.0  -45.0  630.0  180.0
    19.0410      24.54       6.67     911.82      35.77     686.15      10.66   45.0  -45.0  630.0  180.0
    19.5794       7.57       8.13     917.88      44.81     666.02      13.20   45.0  -45.0  630.0  180.0
    20.1178      -2.95       3.95        NaN        NaN     695.28       9.18   45.0  -45.0  630.0  180.0
    20.6561     -41.34       5.33     936.20      29.64    1014.91      12.93   45.0  -45.0  630.0  180.0
    21.1945     -41.36       4.34     906.21      23.47    1250.44      12.65   45.0  -45.0  630.0  180.0
    21.7328     -19.91       3.40     958.65      18.22    1208.41       8.89   45.0  -45.0  630.0  180.0
    22.2710     -25.51       2.78     904.27      12.79    1023.94       4.84   45.0  -45.0  630.0  180.0
    22.8093     -45.96       3.95     951.65      22.25    1509.03      14.24   45.0  -45.0  630.0  180.0
    23.3479     -41.95       3.80     851.39      19.29    1329.23      11.24   45.0  -45.0  630.0  180.0
    23.8863     -42.58       1.26     945.10      11.55    1427.57       8.82   45.0  -45.0  630.0  180.0
    24.4248     -29.12       3.06     874.62      18.06    1359.23      12.40   45.0  -45.0  630.0  180.0
    24.9632     -32.82       2.95     927.15      18.31    1241.12      11.53   45.0  -45.0  630.0  180.0
    25.5016      -8.94       6.82     806.64      34.52     698.46      11.18   45.0  -45.0  630.0  180.0
    26.0399     -16.67       6.09     816.47      30.54     521.72       7.08   45.0  -45.0  630.0  180.0
    26.5783     -17.84       8.79     933.82      49.51     375.29       7.97   45.0  -45.0  630.0  180.0
    27.1167     -45.10      14.81     654.93      67.41     280.48       9.89   45.0  -45.0  630.0  180.0
    27.6552     -36.10       9.72     737.56      47.24     325.10       7.56   45.0  -45.0  630.0  180.0
    28.1936     -22.17       7.76     792.80      39.12     627.25      11.53   45.0  -45.0  630.0  180.0
    28.7321       9.29       8.92     814.25      45.56     409.60       8.56   45.0  -45.0  630.0  180.0
    29.2704       5.60      15.37     823.13      80.50     270.81      10.24   45.0  -45.0  630.0  180.0
    18.5551     -19.19       3.52    1016.69      20.09    1525.87      12.34   90.0  -45.0  630.0  180.0
    19.0935     -30.28       8.25     848.51      43.07     544.11      10.63   90.0  -45.0  630.0  180.0
    19.6321     -52.46      13.25     783.01      67.10     352.26      11.26   90.0  -45.0  630.0  180.0
    20.1705     -74.60       5.92     825.95      35.16     397.97       7.20   90.0  -45.0  630.0  180.0
    20.7087     -63.25       2.90     901.05      12.17     684.32       2.88   90.0  -45.0  630.0  180.0
    21.2470     -69.40       3.23     984.62      17.46    1108.48       7.51   90.0  -45.0  630.0  180.0
    21.7855     -46.90       4.54     882.66      24.17    1141.29      12.09   90.0  -45.0  630.0  180.0
    22.3235      -8.67       1.22     692.34       7.74     785.32       3.37   90.0  -45.0  630.0  180.0
    22.8618     -78.12       3.34     847.92      16.88    1318.24       9.59   90.0  -45.0  630.0  180.0
    23.4003     -81.35       3.50     851.77      17.66    1161.10       8.82   90.0  -45.0  630.0  180.0
    23.9388     -57.37       3.71     851.58      18.85    1311.60      10.83   90.0  -45.0  630.0  180.0
    24.4773     -58.10       3.55     838.18      17.84    1298.62      10.17   90.0  -45.0  630.0  180.0
    25.0157     -51.78       4.40     842.83      22.51    1083.10      10.79   90.0  -45.0  630.0  180.0
    25.5542       0.95       3.29     849.44      19.91     657.50       7.08   90.0  -45.0  630.0  180.0
    26.0925     -12.87      10.71     801.08      54.71     426.62      10.94   90.0  -45.0  630.0  180.0
    26.6310     -27.70      13.29     649.29      59.64     298.82       9.22   90.0  -45.0  630.0  180.0
    27.1692      38.74       5.78     664.13      25.65        NaN        NaN   90.0  -45.0  630.0  180.0
    27.7077     -61.03      12.04     696.32      56.66     363.91      10.50   90.0  -45.0  630.0  180.0
    28.2461     -40.92       7.46     754.34      36.37     629.42      11.02   90.0  -45.0  630.0  180.0
    28.7846      13.95      11.01     745.34      53.78     361.34       9.41   90.0  -45.0  630.0  180.0
    29.3230      17.91       2.77     571.24      16.78     225.83       2.11   90.0  -45.0  630.0  180.0
    18.6077     -29.31       2.61    1035.61      12.89    1231.89       5.63  135.0  -45.0  630.0  180.0
    18.6599     -27.93       4.66    1008.92      26.78     995.08      10.84  135.0  -45.0  630.0  180.0
    18.7121     -31.29       5.22     977.44      29.56     806.84       9.93  135.0  -45.0  630.0  180.0
    18.7644     -22.23       5.64    1062.89      34.08     682.66       9.22  135.0  -45.0  630.0  180.0
    19.1461     -55.88      11.47     881.00      62.61     417.61      11.75  135.0  -45.0  630.0  180.0
    19.1983     -46.86      10.42     859.92      55.44     384.89       9.74  135.0  -45.0  630.0  180.0
    19.2505     -37.54      13.30     817.71      69.15     348.21      11.33  135.0  -45.0  630.0  180.0
    19.3028     -52.29      14.00     899.30      78.07     323.66      11.43  135.0  -45.0  630.0  180.0
    19.6845     -62.15      18.62     696.94      87.79     239.74      10.64  135.0  -45.0  630.0  180.0
    19.7367     -94.65      13.15     822.18      71.33     250.23       8.43  135.0  -45.0  630.0  180.0
    19.7890     -85.36      16.62     739.66      84.71     227.69       9.39  135.0  -45.0  630.0  180.0
    19.8412     -87.01      20.15     851.01     109.57     225.84      11.55  135.0  -45.0  630.0  180.0
    20.2229    -110.35      18.93     792.97      98.76     236.67      11.22  135.0  -45.0  630.0  180.0
    20.2752     -84.49      11.80     897.07      67.32     273.63       8.30  135.0  -45.0  630.0  180.0
    20.3274     -75.19       6.63     577.40      26.47     254.14       3.37  135.0  -45.0  630.0  180.0
    20.3797     -30.64       3.03    1006.73      28.91     273.22       4.13  135.0  -45.0  630.0  180.0
    20.7612     -67.65      11.34     894.13      62.78     427.79      12.10  135.0  -45.0  630.0  180.0
    20.8135     -56.77       5.16     935.42      28.00     494.28       5.55  135.0  -45.0  630.0  180.0
    20.8657     -53.06       1.63     774.87      13.44     426.68       3.02  135.0  -45.0  630.0  180.0
    20.9179     -60.07       9.45     914.26      53.15     528.11      12.59  135.0  -45.0  630.0  180.0
    21.2996     -46.94       5.24     963.77      32.32     913.37      14.07  135.0  -45.0  630.0  180.0
    21.3518     -42.85       3.87    1006.43      21.72     964.43       8.26  135.0  -45.0  630.0  180.0
    21.4040     -47.08       5.49     918.81      30.22     939.58      12.35  135.0  -45.0  630.0  180.0
    21.4563     -38.03       1.29     989.17      15.26     940.35       6.83  135.0  -45.0  630.0  180.0
    21.8378     -19.64       5.04     878.12      26.49     923.22      10.80  135.0  -45.0  630.0  180.0
    21.8901      -4.57       5.60     929.71      30.89     950.13      12.66  135.0  -45.0  630.0  180.0
    21.9423      -0.28       2.99     865.59      13.62     916.03       4.84  135.0  -45.0  630.0  180.0
    21.9945      -6.93       1.30     760.24       9.50     745.97       3.75  135.0  -45.0  630.0  180.0
    22.3761     -12.84       6.28     882.22      33.57     796.13      11.91  135.0  -45.0  630.0  180.0
    22.4283     -27.68       2.96     851.18      13.54     905.14       4.80  135.0  -45.0  630.0  180.0
    22.4805     -48.71       2.94     936.07      14.84    1070.17       6.16  135.0  -45.0  630.0  180.0
    22.5328     -41.17       3.75     898.86      19.65    1092.34       9.00  135.0  -45.0  630.0  180.0
    22.9144     -57.45       1.07     805.71       8.15    1238.99       5.13  135.0  -45.0  630.0  180.0
    22.9666     -54.20       3.53     860.47      17.90    1287.47      10.00  135.0  -45.0  630.0  180.0
    23.0189     -58.67       4.40     931.52      24.56    1331.25      14.02  135.0  -45.0  630.0  180.0
    23.0712     -60.82       4.38     900.62      23.88    1300.28      13.61  135.0  -45.0  630.0  180.0
    23.4529     -61.43       4.28     817.01      21.56    1079.43      10.40  135.0  -45.0  630.0  180.0
    23.5051     -64.44       4.86     854.40      25.62    1104.68      12.72  135.0  -45.0  630.0  180.0
    23.5573     -63.87       4.96     894.59      27.02    1114.83      13.21  135.0  -45.0  630.0  180.0
    23.6096     -63.46       4.55     830.06      23.16    1063.91      11.16  135.0  -45.0  630.0  180.0
    23.9914     -56.84       3.58     884.72      20.97    1183.95      12.54  135.0  -45.0  630.0  180.0
    24.0436     -56.71       3.95     830.51      19.83    1143.66      10.04  135.0  -45.0  630.0  180.0
    24.0961     -54.52       2.89     907.80      17.78    1244.10      11.49  135.0  -45.0  630.0  180.0
    24.1481     -52.72       3.89     829.82      19.58    1210.99      10.60  135.0  -45.0  630.0  180.0
    24.5298     -60.37       1.05     925.61      10.40    1260.26       6.34  135.0  -45.0  630.0  180.0
    24.5821     -54.52       3.98     849.09      20.52    1259.43      11.45  135.0  -45.0  630.0  180.0
    24.6343     -43.61       1.87     895.55      16.88    1178.01      10.54  135.0  -45.0  630.0  180.0
    24.6865     -50.46       4.21     858.12      21.99    1222.42      11.81  135.0  -45.0  630.0  180.0
    25.0683     -45.65       2.63     896.90      16.30    1073.53       9.52  135.0  -45.0  630.0  180.0
    25.1205     -33.28       4.62     827.30      23.45    1047.54      11.05  135.0  -45.0  630.0  180.0
    25.1728     -41.33       1.63     723.82       7.77    1044.98       3.26  135.0  -45.0  630.0  180.0
    25.2251     -20.61       5.46     823.27      27.87     905.48      11.43  135.0  -45.0  630.0  180.0
    25.6067      -6.67       6.37     822.78      32.46     638.01       9.47  135.0  -45.0  630.0  180.0
    25.6589      -5.35       8.87     842.30      48.54     602.02      14.23  135.0  -45.0  630.0  180.0
    25.7112      -5.61       7.64     809.88      38.79     543.35       9.78  135.0  -45.0  630.0  180.0
    25.7634      20.36       1.51     830.53      12.16     535.65       3.26  135.0  -45.0  630.0  180.0
    26.1450       0.42       2.20     839.38      16.80     364.57       3.01  135.0  -45.0  630.0  180.0
    26.1973      -0.01      12.33     774.60      61.66     355.79      10.45  135.0  -45.0  630.0  180.0
    26.2495     -30.61       6.29     891.93      33.56     420.15       6.06  135.0  -45.0  630.0  180.0
    26.3018      -6.93      12.61     794.84      64.18     346.37      10.65  135.0  -45.0  630.0  180.0
    26.6834     -20.32       8.90     852.33      46.75     340.48       7.11  135.0  -45.0  630.0  180.0
    26.7356     -36.50      11.76     748.38      57.84     303.17       8.47  135.0  -45.0  630.0  180.0
    26.7878     -33.02      10.07     782.08      50.60     358.89       8.61  135.0  -45.0  630.0  180.0
    26.8401     -56.43       8.14     819.84      42.44     397.81       7.72  135.0  -45.0  630.0  180.0
    27.2218     -45.25      16.23     740.08      80.26     264.38      10.43  135.0  -45.0  630.0  180.0
    27.2740     -39.44       6.14     508.55      22.82     271.26       3.21  135.0  -45.0  630.0  180.0
    27.3262     -47.18      14.68     738.25      72.09     290.25      10.40  135.0  -45.0  630.0  180.0
    27.3785     -74.43      11.60     755.49      57.93     290.99       8.12  135.0  -45.0  630.0  180.0
    27.7603     -60.60       9.49     739.62      45.82     357.15       7.99  135.0  -45.0  630.0  180.0
    27.8125     -56.97      10.85     722.66      52.13     382.59       9.80  135.0  -45.0  630.0  180.0
    27.8650     -66.38       7.36     852.28      39.18     449.40       7.88  135.0  -45.0  630.0  180.0
    27.9172     -56.44       9.49     736.37      46.03     435.88       9.83  135.0  -45.0  630.0  180.0
    28.2987     -47.96       7.58     758.94      36.98     537.24       9.38  135.0  -45.0  630.0  180.0
    28.3509     -41.32       8.11     756.65      39.73     541.04      10.31  135.0  -45.0  630.0  180.0
    28.4031     -26.97       8.47     785.59      42.38     486.46       9.73  135.0  -45.0  630.0  180.0
    28.4554     -16.46       8.56     774.78      42.59     466.83       9.43  135.0  -45.0  630.0  180.0
    28.8372       5.43      13.08     762.34      64.79     329.68      10.33  135.0  -45.0  630.0  180.0
    28.8894      -4.12      12.74     738.65      61.88     308.29       9.32  135.0  -45.0  630.0  180.0
    28.9418       7.22      14.50     687.43      67.02     272.01       9.22  135.0  -45.0  630.0  180.0
    28.9939     -18.02       9.45     705.25      44.29     281.83       6.06  135.0  -45.0  630.0  180.0
    29.3755      -4.51      12.20     835.77      64.12     346.64      10.37  135.0  -45.0  630.0  180.0
    29.4278       0.23       7.80     883.05      45.71     276.56       6.30  135.0  -45.0  630.0  180.0
    29.4800      -4.73       7.89     832.74      40.76     461.21       8.56  135.0  -45.0  630.0  180.0
    29.5323       9.22       7.90     801.16      39.95     490.02       9.18  135.0  -45.0  630.0  180.0
    18.8832      73.39       1.75     906.36      13.49     518.83       3.36  147.5   39.9  630.0  180.0
    19.4216      95.07      11.23     816.48      56.41     413.48      10.83  147.5   39.9  630.0  180.0
    19.9600      69.44       7.28     902.41      38.43     523.97       8.73  147.5   39.9  630.0  180.0
    20.4983      47.66       4.88     891.36      25.35     954.62      10.48  147.5   39.9  630.0  180.0
    21.0369      54.45       3.47     932.63      18.00    1258.59       9.33  147.5   39.9  630.0  180.0
    21.5750      52.25       3.94     868.87      19.84    1201.75      10.30  147.5   39.9  630.0  180.0
    22.1132      10.99       4.93     869.05      25.30     811.41       8.97  147.5   39.9  630.0  180.0
    22.6515      44.00       2.98     890.21      17.55    1311.92      11.80  147.5   39.9  630.0  180.0
    23.1900      62.63       4.25     804.59      20.57    1180.01      10.99  147.5   39.9  630.0  180.0
    23.7285      56.06       4.60     931.54      24.94    1273.23      13.62  147.5   39.9  630.0  180.0
    24.2669      57.85       4.19     845.87      21.00    1209.17      11.30  147.5   39.9  630.0  180.0
    24.8054      33.01       4.16     841.44      20.81    1091.84      10.02  147.5   39.9  630.0  180.0
    25.3438      13.79       5.89     805.65      29.30     782.86      10.60  147.5   39.9  630.0  180.0
    25.8821       6.85       8.59     827.86      44.35     426.67       8.69  147.5   39.9  630.0  180.0
    26.4205      -3.98      12.90     762.27      64.13     343.04      10.73  147.5   39.9  630.0  180.0
    26.9588      27.95       5.98     469.97      19.56     235.87       1.67  147.5   39.9  630.0  180.0
    27.4973      19.84      17.71     673.56      81.21     227.99       9.53  147.5   39.9  630.0  180.0
    28.0358      33.63       8.49     790.23      42.30     537.40      10.65  147.5   39.9  630.0  180.0
    28.5742      22.72       8.89     770.69      43.59     494.92      10.26  147.5   39.9  630.0  180.0
    29.1126       3.10      18.72     742.82      97.41     248.48      12.23  147.5   39.9  630.0  180.0
    29.6510      -1.20       9.73     787.66      49.19     621.88      14.65  147.5   39.9  630.0  180.0
