                 MRH
   12    6 2015
    18.4499        NaN        NaN        NaN        NaN     997.47      24.52  102.6    0.0  630.0  180.0
    18.9883        NaN        NaN        NaN        NaN     929.14      38.69  102.6    0.0  630.0  180.0
    19.5269        NaN        NaN        NaN        NaN     836.21      96.08  102.6    0.0  630.0  180.0
    20.0650        NaN        NaN        NaN        NaN     649.12      22.93  102.6    0.0  630.0  180.0
    20.6035        NaN        NaN        NaN        NaN     917.08      51.12  102.6    0.0  630.0  180.0
    21.1418        NaN        NaN        NaN        NaN     902.80      30.15  102.6    0.0  630.0  180.0
    21.6800        NaN        NaN        NaN        NaN     926.73      26.66  102.6    0.0  630.0  180.0
    22.2183        NaN        NaN        NaN        NaN     717.71       7.72  102.6    0.0  630.0  180.0
    22.7566        NaN        NaN        NaN        NaN     894.26      13.29  102.6    0.0  630.0  180.0
    23.2951        NaN        NaN        NaN        NaN     848.85       9.57  102.6    0.0  630.0  180.0
    23.8336        NaN        NaN        NaN        NaN     823.57      25.65  102.6    0.0  630.0  180.0
    24.3720        NaN        NaN        NaN        NaN     825.09      21.82  102.6    0.0  630.0  180.0
    24.9105        NaN        NaN        NaN        NaN     956.79      22.74  102.6    0.0  630.0  180.0
    25.4491        NaN        NaN        NaN        NaN     776.88      29.02  102.6    0.0  630.0  180.0
    25.9873        NaN        NaN        NaN        NaN     828.35      43.00  102.6    0.0  630.0  180.0
    26.5256        NaN        NaN        NaN        NaN     755.20      61.70  102.6    0.0  630.0  180.0
    27.0639        NaN        NaN        NaN        NaN     418.79      23.97  102.6    0.0  630.0  180.0
    27.6025        NaN        NaN        NaN        NaN     750.14      82.47  102.6    0.0  630.0  180.0
    28.1409        NaN        NaN        NaN        NaN     771.14      47.35  102.6    0.0  630.0  180.0
    28.6793        NaN        NaN        NaN        NaN     751.67      43.04  102.6    0.0  630.0  180.0
    29.2177        NaN        NaN        NaN        NaN     803.83      54.60  102.6    0.0  630.0  180.0
    18.5551      27.14       4.98        NaN        NaN    1016.69      20.09   90.0  -45.0  630.0  180.0
    19.0935      42.83      11.67        NaN        NaN     848.51      43.07   90.0  -45.0  630.0  180.0
    19.6321      74.19      18.74        NaN        NaN     783.01      67.10   90.0  -45.0  630.0  180.0
    20.1705     105.50       8.37        NaN        NaN     825.95      35.16   90.0  -45.0  630.0  180.0
    20.7087      89.45       4.10        NaN        NaN     901.05      12.17   90.0  -45.0  630.0  180.0
    21.2470      98.14       4.57        NaN        NaN     984.62      17.46   90.0  -45.0  630.0  180.0
    21.7855      66.33       6.43        NaN        NaN     882.66      24.17   90.0  -45.0  630.0  180.0
    22.3235      12.27       1.72        NaN        NaN     692.34       7.74   90.0  -45.0  630.0  180.0
    22.8618     110.48       4.72        NaN        NaN     847.92      16.88   90.0  -45.0  630.0  180.0
    23.4003     115.05       4.96        NaN        NaN     851.77      17.66   90.0  -45.0  630.0  180.0
    23.9388      81.13       5.24        NaN        NaN     851.58      18.85   90.0  -45.0  630.0  180.0
    24.4773      82.16       5.02        NaN        NaN     838.18      17.84   90.0  -45.0  630.0  180.0
    25.0157      73.23       6.23        NaN        NaN     842.83      22.51   90.0  -45.0  630.0  180.0
    25.5542      -1.34       4.66        NaN        NaN     849.44      19.91   90.0  -45.0  630.0  180.0
    26.0925      18.20      15.15        NaN        NaN     801.08      54.71   90.0  -45.0  630.0  180.0
    26.6310      39.18      18.79        NaN        NaN     649.29      59.64   90.0  -45.0  630.0  180.0
    27.1692     -54.78       8.18        NaN        NaN     664.13      25.65   90.0  -45.0  630.0  180.0
    27.7077      86.31      17.03        NaN        NaN     696.32      56.66   90.0  -45.0  630.0  180.0
    28.2461      57.87      10.55        NaN        NaN     754.34      36.37   90.0  -45.0  630.0  180.0
    28.7846     -19.73      15.56        NaN        NaN     745.34      53.78   90.0  -45.0  630.0  180.0
    29.3230     -25.32       3.92        NaN        NaN     571.24      16.78   90.0  -45.0  630.0  180.0
