  Image    fringe1  fringe2  fringe3  fringe4  fringe5  fringe6  fringe7
-----------------------------------------------------------------------------
    1     0.716138 0.713831 0.712848 0.705988 0.702801 0.697205 0.695762
    2     0.716820 0.713523 0.712418 0.706889 0.704252 0.702201 0.696498
    3     0.720769 0.719653 0.719599 0.710483 0.705647 0.702448 0.702606
    4     0.720147 0.718712 0.714780 0.709666 0.708511 0.702227 0.700373
    5     0.726333 0.722946 0.721893 0.715084 0.711055 0.708723 0.706948
    6     0.726624 0.725904 0.723616 0.716385 0.714950 0.709892 0.705954
    7     0.728531 0.722199 0.723797 0.718597 0.712354 0.711000 0.706286
    8     0.727526 0.724588 0.720467 0.719135 0.714603 0.712337 0.711437
    9     0.725287 0.723035 0.721258 0.718080 0.716411 0.708911 0.707031
   10     0.715795 0.711780 0.708427 0.707032 0.704804 0.696213 0.697964
   11     0.711053 0.709531 0.707650 0.704352 0.698038 0.698128 0.694453
   12     0.708795 0.713028 0.702857 0.698770 0.700091 0.695957 0.693844
   13     0.718817 0.719181 0.716782 0.712886 0.707161 0.703501 0.698646
   14     0.718423 0.716731 0.715079 0.711071 0.706982 0.701776 0.700700
   15     0.726532 0.724165 0.722682 0.717182 0.714495 0.713812 0.714396
   16     0.733500 0.727195 0.726276 0.719257 0.720848 0.717003 0.718797
   17     0.731068 0.723544 0.726776 0.720611 0.714646 0.722130 0.712423
   18     0.731735 0.728633 0.725735 0.718656 0.711520 0.715291 0.707887
   19     0.729673 0.729794 0.726734 0.722314 0.715630 0.717305 0.716253
   20     0.712638 0.712812 0.706939 0.705376 0.699650 0.693684 0.694750
   21     0.713377 0.703039 0.700618 0.700504 0.690395 0.691087 0.694189
   22     0.713138 0.712336 0.701056 0.695853 0.700083 0.695004 0.698909
   23     0.724292 0.723845 0.713471 0.715872 0.708345 0.702144 0.715250
   24     0.720699 0.722043 0.718565 0.711149 0.709058 0.704631 0.706213
   25     0.737337 0.732203 0.730297 0.720342 0.719992 0.704538 0.715069
   26     0.730263 0.731229 0.731895 0.729190 0.718537 0.714486 0.717983
   27     0.730379 0.735073 0.734424 0.729910 0.737237 0.709199 0.732794
   28     0.738902 0.740452 0.738401 0.718358 0.717630 0.720696 0.726475
   29     0.734815 0.721133 0.741447 0.736276 0.728217 0.716417 0.727487
   30     0.721429 0.712951 0.716000 0.709885 0.705680 0.701552 0.698131
   31     0.709543 0.714507 0.708838 0.703135 0.702981 0.694050 0.697050
   32     0.705331 0.711694 0.709610 0.697283 0.691162 0.689971 0.698680
   33     0.717957 0.725457 0.719382 0.710345 0.718973 0.705622 0.710250
   34     0.725375 0.729477 0.718504 0.718562 0.712594 0.711854 0.711050
   35     0.725511 0.731986 0.736721 0.728246 0.724546 0.725730 0.723939
   36     0.741723 0.736817 0.737212 0.731799 0.729433 0.721331 0.737923
   37     0.743004 0.733019 0.737900 0.715937 0.727547 0.725699 0.721387
   38     0.738200 0.733456 0.732278 0.728825 0.723894 0.725742 0.714573
   39     0.728575 0.735802 0.727590 0.728723 0.714106 0.284047 0.727647
   40     0.725559 0.724189 0.720109 0.716243 0.711789 0.706536 0.706993
   41     0.718552 0.713980 0.712824 0.708010 0.705009 0.701621 0.697853
   42     0.717075 0.711867 0.710226 0.702513 0.701654 0.694625 0.697591
   43     0.727660 0.726191 0.724928 0.714885 0.712650 0.710832 0.706575
   44     0.733859 0.729231 0.727690 0.722918 0.719381 0.714810 0.711809
   45     0.736167 0.732120 0.729911 0.728205 0.723888 0.719615 0.719815
   46     0.735708 0.736966 0.730886 0.725134 0.724481 0.716929 0.721883
   47     0.732221 0.728831 0.730470 0.727160 0.715977 0.723503 0.717205
   48     0.740086 0.728142 0.726915 0.722998 0.727092 0.722481 0.716938
   49     0.737027 0.733585 0.730174 0.725743 0.721190 0.717291 0.720266
   50     0.726484 0.726514 0.722145 0.716886 0.714242 0.709232 0.706404
   51     0.718712 0.715524 0.712974 0.709702 0.704789 0.699774 0.697819
   52     0.714450 0.709264 0.708442 0.703265 0.699937******************
   53     0.725642 0.721801 0.719229 0.715816 0.714555 0.707684 0.708077
   54     0.733512 0.733072 0.726407 0.724498 0.721887 0.715087 0.714144
   55     0.739199 0.734583 0.732793 0.727679 0.725384 0.721968 0.715268
   56     0.736836 0.730371 0.687424********* 0.745015 0.716832 0.718757
   57     0.734010 0.730557 0.729698 0.724219 0.721317 0.719146 0.714053
   58     0.734343 0.733224 0.728197 0.724607 0.722443 0.720582 0.714084
   59     0.733412 0.733508 0.731129 0.722475 0.719929 0.719016 0.714821
   60     0.728616 0.726461 0.722849 0.719327 0.714006 0.709768 0.708313
   61     0.720754 0.715985 0.715265 0.709299 0.704896 0.702888 0.699076
   62     0.717461 0.715645 0.712412 0.707135 0.704782 0.698401 0.698120
   63     0.725407 0.722603 0.721329 0.716946 0.692693 0.708329 0.682207
   64     0.732218 0.729760 0.725185 0.721914 0.717980 0.713053 0.710860
   65     0.736554 0.732143 0.729734 0.725925 0.722517 0.717779 0.717923
   66     0.730629 0.727671 0.726957 0.721293 0.718361 0.714842 0.712277
   67     0.730202 0.725263 0.723974 0.718451 0.715784 0.713784 0.709203
   68     0.727811 0.724351 0.721150 0.721378 0.716147 0.710008 0.708097
   69     0.730927 0.726671 0.723418 0.720627 0.716016 0.713380 0.707800
   70     0.727287 0.727530 0.722449 0.719164 0.714808 0.711451 0.713148
   71     0.726306 0.726402 0.721216 0.716063 0.714928 0.710990 0.705818
   72     0.726404 0.726527 0.721090 0.713085 0.712894 0.712034 0.706622
   73     0.728707 0.727374 0.723894 0.721030 0.717862 0.711001 0.709007
   74     0.731736 0.732094 0.729031 0.720007 0.718889 0.715971 0.713691
   75     0.731250 0.729764 0.727647 0.720705 0.721066 0.713909 0.713071
   76     0.730856 0.730105 0.725703 0.720250 0.718534 0.713744 0.710982
   77     0.731290 0.732067 0.727042 0.723779 0.721038 0.714426 0.713206
   78     0.736287 0.735649 0.732416 0.726193 0.719514 0.718765 0.718840
   79     0.736359 0.732951 0.730018 0.724863 0.722857 0.718746 0.715998
   80     0.729132 0.728218 0.725152 0.720289 0.716777 0.713622 0.710732
   81     0.723616 0.719044 0.717200 0.711036 0.708412 0.704771 0.705858
   82     0.716062 0.713155 0.708653 0.706026 0.700314 0.699130 0.694380
   83     0.730680 0.726471 0.724140 0.718067 0.716512 0.711678 0.711071
   84     0.735952 0.734708 0.730887 0.726786 0.724861 0.719559 0.717960
   85     0.740564 0.741476 0.736313 0.733034 0.729354 0.724950 0.721004
   86     0.740905 0.735771 0.733173 0.731674 0.726944 0.722238 0.720678
   87     0.738957 0.736609 0.731638 0.729151 0.724544 0.721699 0.718088
   88     0.738352 0.738483 0.733564 0.726981 0.725865 0.722016 0.721327
   89     0.738023 0.734808 0.734377 0.730292 0.727428 0.724558 0.720144
   90     0.729374 0.729168 0.724914 0.719779 0.716048 0.711662 0.711268
   91     0.720055 0.717953 0.716128 0.709093 0.707517 0.702351 0.698300
   92     0.718186 0.715184 0.712440 0.708163 0.700520 0.700945 0.696069
   93     0.728295 0.728024 0.725640 0.720113 0.716325 0.716098 0.711907
   94     0.734248 0.734553 0.732516 0.726336 0.723746 0.720046 0.718672
   95     0.744067 0.742379 0.737142 0.731562 0.728110 0.726932 0.720763
   96     0.738960 0.736037 0.735366 0.731146 0.727231 0.722800 0.719912
   97     0.741320 0.738588 0.735782 0.729715 0.725957 0.723282 0.719885
   98     0.739817 0.738079 0.734511 0.731007 0.726592 0.721880 0.723191
   99     0.739533 0.737293 0.736139 0.730407 0.728158 0.723240 0.720141
  100     0.730162 0.728530 0.726635 0.721236 0.717572 0.713071 0.709844
  101     0.720814 0.718655 0.714731 0.713231 0.706423 0.706715 0.700766
  102     0.715472 0.711899 0.711967 0.708593 0.703149 0.700612 0.697788
  103     0.729569 0.726815 0.725333 0.720809 0.715788 0.710632 0.711590
  104     0.735384 0.735486 0.731416 0.726586 0.721898 0.718529 0.692133
  105     0.739979 0.736796 0.734621 0.729134 0.726183 0.721820 0.720267
  106     0.740297 0.734805 0.733292 0.728892 0.727665 0.723887 0.722087
  107     0.740085 0.738330 0.733526 0.728005 0.726430 0.722012 0.719553
  108     0.740224 0.737298 0.733085 0.729119 0.724352 0.722430 0.723637
  109     0.739250 0.738054 0.733574 0.729373 0.725518 0.720470 0.717875
  110     0.728055 0.725873 0.724240 0.717772 0.715082 0.710559 0.709083
  111     0.719859 0.719565 0.716098 0.712681 0.709231 0.703080 0.700859
  112     0.718061 0.717107 0.714437 0.709292 0.707187 0.703027 0.700386
  113     0.728088 0.725012 0.723159 0.719145 0.715659 0.713944 0.709969
  114     0.735250 0.732505 0.729946 0.725715 0.721835 0.716731 0.716633
  115     0.737569 0.737344 0.735298 0.731288 0.727508 0.721320 0.721502
  116     0.737650 0.738652 0.733264 0.727856 0.724121 0.723074 0.719671
  117     0.739248 0.736894 0.734659 0.729985 0.724977 0.723821 0.718733
  118     0.741052 0.735938 0.732737 0.727936***************************
  119     0.737451 0.737238 0.733653 0.729279 0.725120 0.722498 0.718756
  120     0.731017 0.727616 0.726059 0.721189 0.715591 0.716808 0.711638
  121     0.725051 0.723249 0.720956 0.716101 0.712456 0.708750 0.704859
  122     0.721417 0.718689 0.715742 0.712143 0.708018 0.704255 0.703445
  123     0.729991 0.730525 0.724908 0.717880 0.716831 0.711098 0.711123
  124     0.736194 0.733542 0.731585 0.726898 0.721174 0.718915 0.718334
  125     0.738854 0.737177 0.733032 0.730640 0.726797 0.720982 0.718621
  126     0.737584 0.736170 0.733025 0.727488 0.725437 0.723084 0.721987
  127     0.737335 0.733327 0.730927 0.725526 0.722862 0.719213 0.718065
  128     0.735067 0.735321 0.730745 0.727820 0.722541 0.718885 0.714712
  129     0.733939 0.733552 0.728840 0.724145 0.720807 0.717461 0.714329
  130     0.731843 0.732684 0.729263 0.722608 0.717972 0.717758 0.714691
  131     0.730428 0.727472 0.723537 0.720110 0.713766 0.707973 0.710716
  132     0.725853 0.722976 0.722978 0.717508 0.712592 0.711501 0.707696
  133     0.729231 0.729828 0.725332 0.719021 0.716483 0.715255 0.712951
  134     0.733921 0.731538 0.727926 0.722828 0.718501 0.711295 0.714349
  135     0.728141 0.729274 0.726787 0.720746 0.717865 0.709516 0.714057
  136     0.731674 0.730903 0.727767 0.722468 0.718991 0.715149 0.711439
  137     0.733119 0.728744 0.727838 0.721172 0.718024 0.715802 0.714708
  138     0.730304 0.733700 0.728925 0.719416 0.718202 0.713404 0.713059
  139     0.731297 0.725979 0.728131 0.718306 0.709411 0.712478 0.710561
  140     0.731956 0.727722 0.725406 0.718873 0.719255 0.716527 0.706151
  141     0.730380 0.730299 0.719704 0.719998 0.714008 0.717807 0.713110
  142     0.728907 0.732563 0.732361 0.726776 0.728629 0.716542 0.714929
  143     0.733339 0.730880 0.728821 0.724339 0.717891 0.717060 0.718480
  144     0.732394 0.734311 0.729879 0.726420 0.717415 0.714113 0.716218
  145     0.731324 0.731877 0.729567 0.723030 0.719233 0.717651 0.716615
  146     0.736040 0.728912 0.725935 0.726945 0.715770 0.715097 0.717025
  147     0.732815 0.729767 0.729290 0.717117 0.715455 0.712714 0.717249
  148     0.741922 0.732775 0.730103 0.725622 0.718334 0.720899 0.711384
  149     0.731065 0.732942 0.726290 0.725543 0.714946 0.712098 0.720724
  150     0.728507 0.734515 0.731612 0.727065 0.720328 0.718106 0.712459
  151     0.731499 0.732661 0.721781 0.724367 0.720419 0.713631 0.716450
  152     0.728548 0.722882 0.729735 0.719687 0.715299 0.716950 0.714337
  153     0.729395 0.731130 0.725418 0.720604 0.718797 0.714779 0.718370
  154     0.728050 0.735422 0.725835 0.725807 0.725216 0.720575 0.716859
  155     0.737085 0.730975 0.735879 0.722360 0.723737 0.717675 0.719133
  156     0.736494 0.728906 0.723512 0.726412 0.727596 0.716990 0.718243
  157     0.738034 0.730765 0.732547 0.730342 0.724593 0.716902 0.723985
  158     0.737643 0.733329 0.731351 0.721574 0.724874 0.724188 0.720457
  159     0.740628 0.737717 0.736342 0.730118 0.727293 0.725889 0.718782
  160     0.728754 0.727229 0.724529 0.720762 0.722001 0.720970 0.720269
  161     0.725949 0.724643 0.721904 0.720837 0.714435 0.704325 0.701680
  162     0.727565 0.717727 0.724980 0.712568 0.708452 0.705272 0.718193
  163     0.736151 0.729322 0.720439 0.715255 0.721938 0.712589 0.715074
  164     0.738932 0.736909 0.733707 0.732551 0.718371 0.714685 0.730288
  165     0.668392********* 0.735865 0.735964********* 2.116643 0.733514
  166     0.734103 0.734587 0.734688 0.726945 0.730043 0.722798 0.724731
  167     0.734762 0.737880 0.735041 0.719277 0.730164 0.723506 0.720799
  168     0.734083 0.735498 0.738052 0.731092 0.724378 0.722926 0.724069
  169     0.747984 0.739705 0.742319 0.730826 0.731759 0.717783 0.727760
  170     0.732769 0.728703 0.737264 0.721298 0.722465 0.711414 0.723978
  171     0.729670 0.732080 0.721315 0.717181 0.709341 0.713584 0.708590
  172     0.725408 0.719630 0.719845 0.716812 0.718320 0.706920 0.719885
  173     0.732127 0.723478 0.732876 0.720321 0.719486 0.722476 0.726716
  174     0.738324 0.735096 0.731447 0.733007 0.725036 0.719132 0.712898
  175     0.733356 0.741965 0.738019 0.729819 0.727952 0.723251 0.733093
  176     0.738208 0.737928 0.740093 0.730010 0.728383 0.719733 0.730462
  177     0.739994 0.740737 0.729996 0.730935 0.726364 0.725716 0.726983
  178     0.741345 0.738621 0.735905 0.732412 0.731146 0.726404 0.725624
  179     0.742157 0.736275 0.735736 0.730628 0.725104 0.721346 0.727804
  180     0.733462 0.728879 0.728154 0.721352 0.719041 0.712426 0.714040
  181     0.723809 0.724038 0.717546 0.716995 0.714606 0.709108 0.713556
  182     0.725083 0.722639 0.723405 0.714282 0.713322 0.705941 0.709421
  183     0.735148 0.729724 0.725867 0.725889 0.722114 0.715879 0.713776
  184     0.734106 0.734707 0.729463 0.725994 0.718793 0.719930 0.718524
  185     0.738890 0.731370 0.734772 0.729070 0.726649 0.721097 0.720805
  186     0.737031 0.738739 0.734361 0.729570 0.724604 0.721688 0.726113
  187     0.738314 0.733003 0.731085 0.726981 0.726913 0.722899 0.724675
  188     0.737464 0.732658 0.733549 0.726562 0.718890 0.719743 0.717140
  189     0.737232 0.730261 0.728719 0.726633 0.721267 0.714791 0.716431
  190     0.728508 0.726869 0.726384 0.723072 0.714164 0.715509 0.711986
  191     0.727545 0.724234 0.722181 0.718112 0.715878 0.713785 0.710816
  192     0.730646 0.722691 0.722526 0.714007 0.718634 0.715973 0.720296
  193     0.729640 0.726271 0.725099 0.720354 0.719967 0.712739 0.719316
  194     0.731111 0.725292 0.725413 0.722530 0.714692 0.714015 0.713145
  195     0.730973 0.723346 0.724887 0.717963 0.718111 0.712510 0.711278
  196     0.733865 0.727513 0.725593 0.721848 0.712893 0.711044 0.717494
  197     0.733810 0.730399 0.727122 0.722913 0.717732 0.714248 0.712852
  198     0.729970 0.729894 0.729570 0.720920 0.714663 0.709974 0.711462
  199     0.736706 0.730545 0.729520 0.717880 0.718576 0.721695 0.721649
  200     0.727265 0.728310 0.721460 0.713711 0.722836 0.716720 0.718970
  201     0.725425 0.735072 0.726525 0.711314 0.717407 0.714693 0.728301
  202     0.731065 0.734757 0.726729 0.721570 0.710480 0.717832 0.711559
  203     0.734419 0.726825 0.725524 0.716461 0.713486 0.710167 0.718217
  204     0.731615 0.730037 0.723071 0.717086 0.717414 0.713376 0.720583
  205     0.725872 0.733962 0.718377 0.720406 0.722743 0.712715 0.716188
  206     0.733596 0.730554 0.735204 0.720158 0.715929 0.710562 0.718176
  207     0.730450 0.726592 0.71711159.898182 0.720129 0.709845 0.718119
  208     0.727634 0.729792 0.734568 0.722215 0.717132 0.718275 0.713802
  209     0.728226 0.729593 0.727839 0.720446 0.719616 0.707646 0.714384
  210     0.736181 0.732142 0.723825 0.726930 0.717802 0.712925 0.714561
  211     0.731530 0.727858 0.727837 0.719735 0.719662 0.712976 0.721326
  212     0.729891 0.727447 0.729688 0.723142 0.716406 0.715026 0.719962
