   1.548  -0.198  18.833
   1.580  -0.192  19.367
   1.585  -0.183  19.917
   1.593  -0.164  20.450
   1.583  -0.171  20.983
   1.572  -0.195  21.533
   1.577  -0.160  22.067
   1.571  -0.155  22.600
   1.564  -0.154  23.133
   1.568  -0.156  23.683
   1.543  -0.145  24.217
   1.561  -0.129  24.750
   1.552  -0.163  25.300
   1.559  -0.115  25.833
   1.550  -0.105  26.367
   1.533  -0.110  26.917
   1.517  -0.140  27.450
   1.520  -0.087  27.983
   1.515  -0.105  28.517
   1.522  -0.085  29.067
   1.519  -0.101  29.600
   1.507  -0.084  29.767
   1.552  -0.141
