MRH 20150619
    23.33    69.83   116.29   162.79   209.24   255.71   302.19
    46.50    46.46    46.50    46.45    46.47    46.48    46.48
     0.84823447     0.57742137     0.37725967     0.23216398     0.13208976     0.06925332     0.03193780     0.01068426    -0.00135209    -0.00479588    -0.00430146    -0.00530133    -0.00407592    -0.00209913    -0.00237098    -0.00218198    -0.00124761    -0.00023017
    -0.02205754    -0.03119809    -0.03728208    -0.04366254    -0.04345382    -0.03965871    -0.03477639    -0.02730383    -0.01950112    -0.01214939    -0.00872025    -0.00492568    -0.00145228     0.00003577    -0.00053136    -0.00014321     0.00129989    -0.00043246
     1.00000000     0.68145311     0.44678125     0.27837390     0.16389129     0.09404205     0.05574940     0.03468400     0.02340149     0.01568103     0.01216391     0.00904688     0.00642619     0.00360370     0.00419922     0.00428532     0.00351380     0.00240996
     0.83821315     0.55039996     0.34106344     0.19437908     0.10323327     0.04857482     0.02063758     0.00629816     0.00029356    -0.00147932    -0.00085273    -0.00069156    -0.00026237     0.00017172     0.00112604     0.00078265     0.00126634     0.00141519
     0.03466531     0.04262174     0.02924862     0.00971026    -0.00702381    -0.01551565    -0.01797238    -0.01596300    -0.01169227    -0.00710683    -0.00477325    -0.00166072    -0.00052016     0.00020033     0.00032784     0.00052549     0.00038005    -0.00040385
     1.00000000     0.65801418     0.40803885     0.23198739     0.12339865     0.06093404     0.03275991     0.02079701     0.01430854     0.00898301     0.00659217     0.00331890     0.00278104     0.00281900     0.00320651     0.00292012     0.00315599     0.00281768
     0.83257514     0.52184784     0.29918408     0.15506591     0.07095151     0.02904512     0.00953318     0.00251619     0.00027427    -0.00032036    -0.00066809    -0.00203119    -0.00202545    -0.00183060    -0.00057580    -0.00020504     0.00101192     0.00158330
     0.08155309     0.09359230     0.06896115     0.03351816     0.00528649    -0.00942991    -0.01538499    -0.01369460    -0.00944474    -0.00473974    -0.00357290    -0.00144898     0.00031291     0.00131464     0.00276178     0.00299244     0.00223939     0.00049814
     1.00000000     0.63511831     0.36919585     0.19161458     0.08651572     0.03859535     0.02423264     0.01874472     0.01327470     0.00769100     0.00604971     0.00604099     0.00512655     0.00531833     0.00589768     0.00519921     0.00478322     0.00470648
     0.82976705     0.51002240     0.27949166     0.13196191     0.04778668     0.00913742    -0.00471070    -0.00675301    -0.00373711    -0.00194332    -0.00153924    -0.00132320    -0.00060155    -0.00058728     0.00030410     0.00000622     0.00056500     0.00068190
     0.02943041     0.02899680     0.01273626    -0.00394857    -0.01245244    -0.01521052    -0.01361339    -0.00880943    -0.00489755    -0.00259476    -0.00010374     0.00188462     0.00211096     0.00191735     0.00150364     0.00107849     0.00015557    -0.00014359
     1.00000000     0.61523110     0.33697277     0.15905938     0.05963335     0.02245889     0.01799932     0.01368186     0.00796594     0.00470833     0.00439356     0.00381046     0.00383329     0.00373706     0.00307844     0.00290918     0.00293069     0.00320042
     0.82096744     0.48168913     0.24446432     0.10342149     0.03064808     0.00248562    -0.00577653    -0.00594393    -0.00485090    -0.00289880    -0.00162447    -0.00139929    -0.00127012    -0.00298105    -0.00272544    -0.00286654    -0.00066184     0.00076204
     0.07550614     0.07959441     0.05215425     0.01927663    -0.00446123    -0.01470561    -0.01554460    -0.01150422    -0.00639944    -0.00152550    -0.00074251    -0.00035914    -0.00242049    -0.00270266     0.00032213     0.00125606     0.00191746     0.00029044
     1.00000000     0.59269941     0.30401978     0.12888616     0.03912675     0.02029486     0.02089957     0.01637000     0.01057304     0.00579669     0.00504661     0.00530042     0.00677001     0.00671250     0.00492517     0.00526140     0.00397979     0.00358174
     0.81747663     0.46796730     0.22366072     0.08034130     0.01061578    -0.01521417    -0.01639834    -0.01229030    -0.00509741    -0.00198434     0.00016097     0.00210710     0.00201610     0.00060408     0.00009597    -0.00072165    -0.00255431    -0.00390418
     0.02094705     0.01459589     0.00037615    -0.00814283    -0.01068997    -0.00840623    -0.00858076    -0.00398547    -0.00357737     0.00082590     0.00075736     0.00232480     0.00022446    -0.00178683    -0.00657102    -0.00947987    -0.00890658    -0.00479341
     1.00000000     0.57253486     0.27351731     0.09891301     0.02090599     0.02180217     0.02290829     0.01603617     0.00815603     0.00464220     0.00314564     0.00547310     0.00440103     0.00525793     0.00996403     0.01419717     0.01449219     0.01012364
     0.81518829     0.44746068     0.19695446     0.05989967     0.00103555    -0.01312471    -0.01056326    -0.00547842    -0.00192600    -0.00289567    -0.00142355    -0.00265168    -0.00079208    -0.00173370    -0.00055663    -0.00249636    -0.00268838    -0.00190282
     0.07030807     0.07229069     0.04051844     0.01239173    -0.00760811    -0.01172640    -0.01195527    -0.00742798    -0.00669085    -0.00266807    -0.00195046    -0.00186546    -0.00351669    -0.00397756    -0.00568737    -0.00744093    -0.00639432    -0.00405876
     1.00000000     0.55404079     0.24589813     0.07500738     0.01392680     0.02178974     0.01982946     0.01162947     0.00884228     0.00567216     0.00430031     0.00489077     0.00589821     0.00703427     0.00957422     0.01198260     0.01089312     0.00652257
   1.552  -0.141  400    2    0    0    0  0.000 18.000
