                 MRH
   19    6 2015
    18.4751      -3.11       1.49    1107.18      14.47        NaN        NaN  102.6   -0.0  630.0  180.0
    19.0134      -0.75      10.77     879.09      58.55     600.13      16.43  102.6   -0.0  630.0  180.0
    19.5515      -8.95      16.79     826.13      87.54     382.38      16.05  102.6   -0.0  630.0  180.0
    20.0897     -22.53      19.88     723.61      96.30     243.41      11.95  102.6   -0.0  630.0  180.0
    20.6279     -40.52       9.63    1099.42      60.66     320.82       7.77  102.6   -0.0  630.0  180.0
    21.1663     -15.56      13.27     799.31      66.50     384.45      12.12  102.6   -0.0  630.0  180.0
    21.7046     -10.19       7.68     873.45      40.36     761.83      13.82  102.6   -0.0  630.0  180.0
    22.2427     -13.49       2.99     914.15      19.03    1020.47      10.20  102.6   -0.0  630.0  180.0
    22.7809      -8.22       2.71     855.70      15.92    1320.62      11.66  102.6   -0.0  630.0  180.0
    23.3192      -7.10       1.77     537.63       7.22     776.57       2.67  102.6   -0.0  630.0  180.0
    23.8576      -5.80       5.51     848.22      27.84     691.08       8.41  102.6   -0.0  630.0  180.0
    24.3959      -7.00       8.93     831.85      46.01     636.01      13.62  102.6   -0.0  630.0  180.0
    24.9343      -2.76      14.86     703.47      69.54     414.57      14.57  102.6   -0.0  630.0  180.0
    25.4726      18.01      16.66     813.67      85.51     358.36      14.36  102.6   -0.0  630.0  180.0
    26.0109       8.21      12.19     722.97      57.46     335.89       9.50  102.6   -0.0  630.0  180.0
    26.5493      -8.87      11.83     744.89      56.97     365.34      10.22  102.6   -0.0  630.0  180.0
    27.0877     -25.36       8.19     643.66      35.66     341.50       6.14  102.6   -0.0  630.0  180.0
    27.6260     -16.20       8.26     598.62      33.05     271.80       5.62  102.6   -0.0  630.0  180.0
    28.1642       0.50      11.78     806.33      63.49     235.03       7.42  102.6   -0.0  630.0  180.0
    28.7025      -1.52      12.62     443.89      47.72     154.41       4.79  102.6   -0.0  630.0  180.0
    29.2408     -12.39      12.44     808.98      72.45     142.19       5.17  102.6   -0.0  630.0  180.0
    18.3697      44.69       2.42     946.69      11.89    2420.87      11.41   12.7  -50.2  630.0  180.0
    18.8551      55.76       2.97     876.04      16.86    1227.07      10.64   12.7  -50.2  630.0  180.0
    19.3933      34.06       4.05     848.43      22.51     797.04       9.11   12.7  -50.2  630.0  180.0
    19.9314      24.62       5.10     833.83      27.13        NaN        NaN   12.7  -50.2  630.0  180.0
    20.4696      43.04       1.78     719.72      10.99     499.43       2.84   12.7  -50.2  630.0  180.0
    21.0079     -31.26       8.96     841.18      46.41     819.78      17.61   12.7  -50.2  630.0  180.0
    21.5462     -23.13       4.92     789.93      24.05    1390.11      15.59   12.7  -50.2  630.0  180.0
    22.0845     -27.05       2.18     767.88       8.74    1531.62       5.53   12.7  -50.2  630.0  180.0
    22.6227     -30.60       1.39    1064.44      13.01    1480.11      10.01   12.7  -50.2  630.0  180.0
    23.1610      -5.10       1.20     771.94       8.36     960.92       4.02   12.7  -50.2  630.0  180.0
    23.6994      -6.59       4.45     858.11      22.14     848.84       8.21   12.7  -50.2  630.0  180.0
    24.2377     -13.90       6.12     755.08      29.13     814.87      11.30   12.7  -50.2  630.0  180.0
    24.7760     -29.53      11.57     710.80      54.41     535.65      14.67   12.7  -50.2  630.0  180.0
    25.3143     -33.65      13.14     674.76      60.03     485.89      15.09   12.7  -50.2  630.0  180.0
    25.8526     -33.15      13.29     783.41      66.94     408.99      13.23   12.7  -50.2  630.0  180.0
    26.3911     -19.33      10.98     720.21      51.97     355.55       8.96   12.7  -50.2  630.0  180.0
    26.9295     -16.60       7.46     822.85      37.93     466.41       7.96   12.7  -50.2  630.0  180.0
    27.4677      11.19       3.83    1016.43      26.67     479.06       6.50   12.7  -50.2  630.0  180.0
    28.0060      28.90       5.12     758.80      25.26     429.62       6.22   12.7  -50.2  630.0  180.0
    28.5443      31.03       7.10     474.59      29.14     242.39       4.52   12.7  -50.2  630.0  180.0
    29.0826       0.75       8.34     581.72      38.39     144.78       3.38   12.7  -50.2  630.0  180.0
    29.6209      -9.20      10.15     743.18      49.24     497.48      11.93   12.7  -50.2  630.0  180.0
    18.4226      60.00       1.13     869.66       9.01    1116.26       4.82  102.6   50.2  630.0  180.0
    18.9608      58.32       8.21     889.51      44.49     703.14      14.65  102.6   50.2  630.0  180.0
    19.4990      78.30      11.29     860.55      59.32     561.14      15.56  102.6   50.2  630.0  180.0
    20.0371      41.99       8.50     759.40      42.69     383.50       8.50  102.6   50.2  630.0  180.0
    20.5753      49.40       3.21     773.10      15.91     331.59       2.25  102.6   50.2  630.0  180.0
    21.1136      87.37       9.83     778.45      46.95     523.66      11.54  102.6   50.2  630.0  180.0
    21.6519      76.71       7.00     851.71      35.12     901.44      14.31  102.6   50.2  630.0  180.0
    22.1902      79.67       0.99     908.19       9.96    1203.61       5.78  102.6   50.2  630.0  180.0
    22.7284      96.07       1.79        NaN        NaN        NaN        NaN  102.6   50.2  630.0  180.0
    23.2668      77.37       1.37     552.31       6.69     762.99       3.00  102.6   50.2  630.0  180.0
    23.8051      58.22       4.10     774.46      18.42     740.89       5.97  102.6   50.2  630.0  180.0
    24.3434      60.38       8.03     753.62      37.84     600.37      10.88  102.6   50.2  630.0  180.0
    24.8817      69.04      13.37     681.25      60.28     455.86      13.99  102.6   50.2  630.0  180.0
    25.4201      61.12      16.67     709.80      77.37     364.69      14.14  102.6   50.2  630.0  180.0
    25.9583      50.95      12.38     721.75      58.09     373.47      10.67  102.6   50.2  630.0  180.0
    26.4968      49.59       6.91     877.01      35.57     443.64       6.85  102.6   50.2  630.0  180.0
    27.0351      46.42       4.87     651.99      19.57     395.04       3.60  102.6   50.2  630.0  180.0
    27.5734      64.70       6.35     880.10      37.04     340.84       6.43  102.6   50.2  630.0  180.0
    28.1117      55.76       9.81     913.88      56.93     291.70       7.88  102.6   50.2  630.0  180.0
    28.6500      42.27      14.20     604.08      63.61     154.99       5.46  102.6   50.2  630.0  180.0
    29.1882      16.72       8.29     601.49      38.52     163.35       3.78  102.6   50.2  630.0  180.0
    29.7266      15.14       5.71     684.01      26.24    2472.85      32.96  102.6   50.2  630.0  180.0
    18.5278      15.44       1.02    1062.65      10.85    1737.71       8.83   45.0  -45.0  630.0  180.0
    19.0660      20.25       6.47     892.98      35.62     874.90      14.76   45.0  -45.0  630.0  180.0
    19.6042      -3.20       9.56     862.03      51.55     589.78      14.45   45.0  -45.0  630.0  180.0
    20.1423     -28.07       8.20     851.85      44.73     500.56      10.82   45.0  -45.0  630.0  180.0
    20.6808     -47.98       7.32     858.25      37.65     593.05      10.07   45.0  -45.0  630.0  180.0
    21.2188     -57.15       7.06     843.13      36.67     927.68      15.67   45.0  -45.0  630.0  180.0
    21.7572     -57.10       4.83     867.83      25.10    1319.77      14.84   45.0  -45.0  630.0  180.0
    22.2954     -77.16       1.80     610.29       6.09    1153.52       3.05   45.0  -45.0  630.0  180.0
    22.8336     -70.85       1.11    1083.12      13.33    1353.41       8.74   45.0  -45.0  630.0  180.0
    23.3719     -55.45       3.34     875.45      16.05    1000.28       6.56   45.0  -45.0  630.0  180.0
    23.9103     -50.34       5.15     763.64      24.55     824.50       9.38   45.0  -45.0  630.0  180.0
    24.4486     -51.49       7.97     812.42      40.75     737.40      14.08   45.0  -45.0  630.0  180.0
    24.9872     -35.34      11.67     730.91      56.00     560.66      15.55   45.0  -45.0  630.0  180.0
    25.5253     -48.37      13.64     746.14      66.56     437.92      14.29   45.0  -45.0  630.0  180.0
    26.0637     -50.58       9.56     771.14      47.14     409.58       9.25   45.0  -45.0  630.0  180.0
    26.6020     -52.90       8.80     866.85      46.85     416.59       8.79   45.0  -45.0  630.0  180.0
    27.1404     -29.58       2.29     887.10      15.78     444.04       3.24   45.0  -45.0  630.0  180.0
    27.6787     -38.66       4.11    1047.46      31.12     479.21       7.69   45.0  -45.0  630.0  180.0
    28.2169      -0.64       6.28     498.45      26.79     282.22       4.69   45.0  -45.0  630.0  180.0
    28.7552     -18.16       8.30    1112.39      59.32     263.65       6.96   45.0  -45.0  630.0  180.0
    29.2934      -4.25       3.94     497.30      16.88        NaN        NaN   45.0  -45.0  630.0  180.0
    18.5804     -35.50       1.03    1155.19      12.10    1777.44       9.77   89.9  -45.0  630.0  180.0
    19.1186     -65.73       8.61     940.27      50.24     713.33      16.49   89.9  -45.0  630.0  180.0
    19.6568     -78.01      15.41     759.79      78.37     357.83      14.01   89.9  -45.0  630.0  180.0
    20.1949    -132.52       9.09     767.20      44.51     342.60       7.19   89.9  -45.0  630.0  180.0
    20.7331    -108.59      10.25     799.51      51.85     362.42       8.79   89.9  -45.0  630.0  180.0
    21.2714     -97.01      10.08     898.21      55.64     612.71      15.35   89.9  -45.0  630.0  180.0
    21.8097     -85.84       5.76     879.21      30.69    1042.76      14.27   89.9  -45.0  630.0  180.0
    22.3480     -90.98       1.21     750.61       7.66    1045.50       4.19   89.9  -45.0  630.0  180.0
    22.8862     -79.57       1.10    1021.56      11.74    1484.22       8.57   89.9  -45.0  630.0  180.0
    23.4245     -50.15       4.56     783.94      21.65     840.21       8.26   89.9  -45.0  630.0  180.0
    23.9628     -68.84       4.75     809.74      23.28     847.90       8.90   89.9  -45.0  630.0  180.0
    24.5012     -65.37       8.27     744.39      40.07     742.21      14.46   89.9  -45.0  630.0  180.0
    25.0395     -65.02      11.54     694.09      53.77     544.72      14.92   89.9  -45.0  630.0  180.0
    25.5778     -61.82      12.67     775.18      63.60     485.58      14.97   89.9  -45.0  630.0  180.0
    26.1162     -54.35       9.48     745.28      46.11     469.42      10.48   89.9  -45.0  630.0  180.0
    26.6546     -55.45       6.30     829.63      31.91     505.70       7.23   89.9  -45.0  630.0  180.0
    27.1929     -38.61       4.30     741.02      18.98     492.96       4.08   89.9  -45.0  630.0  180.0
    27.7312     -37.78       5.36     942.93      34.81     394.25       6.92   89.9  -45.0  630.0  180.0
    28.2697     -45.97       9.15     528.48      38.24     225.01       5.34   89.9  -45.0  630.0  180.0
    28.8078     -32.25       9.73     756.75      44.53        NaN        NaN   89.9  -45.0  630.0  180.0
    29.3460     -34.90       7.21     563.92      26.06     143.76       1.82   89.9  -45.0  630.0  180.0
    18.6329     -45.85       3.20    1341.66      11.53     856.48       9.13  135.0  -45.0  630.0  180.0
    18.6852     -35.04       2.76        NaN        NaN        NaN        NaN  135.0  -45.0  630.0  180.0
    18.7374     -65.47       3.61     942.46      21.87    1179.43      12.54  135.0  -45.0  630.0  180.0
    18.7896     -65.41       4.82     898.96      27.63    1011.01      13.49  135.0  -45.0  630.0  180.0
    19.1711     -94.01      11.36     915.76      65.09     579.50      17.58  135.0  -45.0  630.0  180.0
    19.2233     -90.29      12.28     882.89      68.65     530.81      17.13  135.0  -45.0  630.0  180.0
    19.2756     -90.17      13.07     954.41      77.19     518.36      18.16  135.0  -45.0  630.0  180.0
    19.3278     -93.47      13.74     813.20      72.31     462.17      16.24  135.0  -45.0  630.0  180.0
    19.7093    -114.89      22.14     786.35     118.37     267.64      15.42  135.0  -45.0  630.0  180.0
    19.7615    -103.25      20.83     812.08     109.87     253.66      13.53  135.0  -45.0  630.0  180.0
    19.8137     -83.70      17.92     759.92      92.38     266.42      12.54  135.0  -45.0  630.0  180.0
    19.8659     -88.30      16.81     810.50      88.73     266.74      11.64  135.0  -45.0  630.0  180.0
    20.2474     -62.34       7.06     566.96      27.39     205.12       2.87  135.0  -45.0  630.0  180.0
    20.2996     -79.64       9.25    1023.31      67.72     258.12       6.28  135.0  -45.0  630.0  180.0
    20.3519    -117.15       7.89     456.93      28.28     189.35       2.96  135.0  -45.0  630.0  180.0
    20.4041    -116.90       8.09     325.52      25.33     170.19       2.76  135.0  -45.0  630.0  180.0
    20.7857    -116.65      15.11     776.98      77.61     212.70       7.85  135.0  -45.0  630.0  180.0
    20.8379    -129.13      17.91     694.40      84.11     188.98       8.07  135.0  -45.0  630.0  180.0
    20.8901     -92.44      16.39     673.15      78.25     196.30       7.92  135.0  -45.0  630.0  180.0
    20.9423     -80.22      18.91     655.42      85.20     188.00       8.34  135.0  -45.0  630.0  180.0
    21.3240     -82.72      15.43     815.68      80.29     370.50      14.01  135.0  -45.0  630.0  180.0
    21.3762     -84.35      15.43     850.97      82.34     390.65      14.92  135.0  -45.0  630.0  180.0
    21.4285     -74.24      14.26     851.95      75.80     423.53      14.88  135.0  -45.0  630.0  180.0
    21.4808     -82.87      13.70     839.70      72.51     443.91      14.90  135.0  -45.0  630.0  180.0
    21.8623     -66.26       7.65     885.79      41.24     786.93      14.56  135.0  -45.0  630.0  180.0
    21.9145     -62.66       6.08     840.02      31.19     846.83      11.94  135.0  -45.0  630.0  180.0
    21.9667     -70.69       4.91     795.80      23.74     842.86       9.15  135.0  -45.0  630.0  180.0
    22.0191     -75.48       3.88     872.45      19.32     914.97       7.47  135.0  -45.0  630.0  180.0
    22.4005     -55.01       2.94        NaN        NaN        NaN        NaN  135.0  -45.0  630.0  180.0
    22.4528     -65.62       2.92     882.87      16.31        NaN        NaN  135.0  -45.0  630.0  180.0
    22.5050     -63.07       2.72     913.15      18.40        NaN        NaN  135.0  -45.0  630.0  180.0
    22.5573     -68.58       2.50        NaN        NaN        NaN        NaN  135.0  -45.0  630.0  180.0
    22.9387     -58.99       1.01    1022.77      12.18    1465.56       8.95  135.0  -45.0  630.0  180.0
    22.9910     -56.78       1.20    1002.37      11.62    1434.96       8.19  135.0  -45.0  630.0  180.0
    23.0432     -54.36       1.03     997.43      11.29    1409.11       7.63  135.0  -45.0  630.0  180.0
    23.0954     -50.42       0.95     960.74      10.87    1329.56       6.96  135.0  -45.0  630.0  180.0
    23.4770     -45.34       2.41     679.07       8.17     903.28       3.05  135.0  -45.0  630.0  180.0
    23.5293     -55.78       1.38     573.79       6.97     783.96       3.07  135.0  -45.0  630.0  180.0
    23.5815     -66.51       1.84     502.85       6.78     793.49       2.76  135.0  -45.0  630.0  180.0
    23.6337     -42.33       1.67     641.86       8.01     770.40       3.22  135.0  -45.0  630.0  180.0
    24.0154     -49.12       5.49     731.16      25.56     787.20       9.59  135.0  -45.0  630.0  180.0
    24.0676     -43.52       5.48     746.05      25.80     777.09       9.49  135.0  -45.0  630.0  180.0
    24.1198     -44.19       5.70     743.87      26.90     789.35      10.07  135.0  -45.0  630.0  180.0
    24.1721     -45.23       5.85     747.43      27.78     788.88      10.37  135.0  -45.0  630.0  180.0
    24.5537     -43.25       7.74     827.57      40.01     766.69      14.10  135.0  -45.0  630.0  180.0
    24.6059     -38.69       8.75     772.08      43.25     706.59      14.63  135.0  -45.0  630.0  180.0
    24.6582     -40.75       8.64     685.15      39.58     726.97      14.61  135.0  -45.0  630.0  180.0
    24.7104     -39.02       8.85     705.94      41.47     692.25      14.35  135.0  -45.0  630.0  180.0
    25.0921     -40.71      11.73     721.07      55.94     548.66      15.30  135.0  -45.0  630.0  180.0
    25.1443     -43.19      11.94     686.88      55.49     530.04      14.84  135.0  -45.0  630.0  180.0
    25.1965     -42.53      12.15     708.68      57.26     537.16      15.51  135.0  -45.0  630.0  180.0
    25.2487     -40.81      12.51     651.66      56.20     502.96      14.73  135.0  -45.0  630.0  180.0
    25.6304     -46.11      11.89     817.65      61.50     483.34      13.96  135.0  -45.0  630.0  180.0
    25.6826     -45.20      13.84     781.80      69.68     437.79      14.65  135.0  -45.0  630.0  180.0
    25.7348     -34.13      10.78     761.77      53.06     485.98      12.46  135.0  -45.0  630.0  180.0
    25.7871     -31.86      12.31     809.53      63.07     471.15      14.08  135.0  -45.0  630.0  180.0
    26.1688     -44.09       7.22     858.32      37.72     488.73       8.18  135.0  -45.0  630.0  180.0
    26.2210     -54.85       7.02     777.90      34.21     463.22       7.40  135.0  -45.0  630.0  180.0
    26.2732     -50.49       9.30     773.07      46.17     427.13       9.32  135.0  -45.0  630.0  180.0
    26.3255     -35.64       8.99     768.86      44.02     434.47       9.03  135.0  -45.0  630.0  180.0
    26.7071     -11.75       6.57     723.17      30.47     472.74       6.73  135.0  -45.0  630.0  180.0
    26.7593     -29.28       5.46     652.85      23.12     469.96       5.30  135.0  -45.0  630.0  180.0
    26.8116     -29.10       5.60     719.35      25.54     486.85       5.82  135.0  -45.0  630.0  180.0
    26.8638     -34.48       5.51     614.52      22.75     449.60       5.11  135.0  -45.0  630.0  180.0
    27.2455     -54.09       2.57     988.21      20.36     362.57       3.25  135.0  -45.0  630.0  180.0
    27.2977     -90.95       2.77     723.77      20.06     296.75       2.92  135.0  -45.0  630.0  180.0
    27.3499     -31.77       2.56     506.67      15.71     282.39       2.93  135.0  -45.0  630.0  180.0
    27.4022     -37.44       4.90     876.25      33.70     372.54       6.62  135.0  -45.0  630.0  180.0
    27.7837     -36.75       6.40     581.25      30.21     287.02       5.08  135.0  -45.0  630.0  180.0
    27.8360     -28.28       8.36     801.87      46.11     306.81       7.34  135.0  -45.0  630.0  180.0
    27.8882     -38.65       8.93     706.73      45.62     293.15       7.21  135.0  -45.0  630.0  180.0
    27.9405     -30.99       9.09     969.12      56.36     312.90       8.23  135.0  -45.0  630.0  180.0
    28.3220     -32.71      11.34     948.02      69.19     251.21       8.12  135.0  -45.0  630.0  180.0
    28.3742     -51.84      11.64     616.00      54.03     194.33       6.02  135.0  -45.0  630.0  180.0
    28.4265     -52.78      10.51     481.20      42.27     189.56       5.01  135.0  -45.0  630.0  180.0
    28.4787     -49.26      12.42     729.32      64.13     196.17       6.65  135.0  -45.0  630.0  180.0
    28.8603     -42.56       8.69     555.21      39.33     203.28       4.69  135.0  -45.0  630.0  180.0
    28.9125     -73.34      10.14     379.57      38.58     177.66       4.59  135.0  -45.0  630.0  180.0
    28.9649     -78.96      11.42     527.75      47.81     176.46       5.12  135.0  -45.0  630.0  180.0
    29.0171     -27.74       9.16     994.49      60.51     234.39       6.62  135.0  -45.0  630.0  180.0
    29.3985     -33.32       6.42     932.88      34.80     347.85       4.99  135.0  -45.0  630.0  180.0
    29.4508     -25.92       7.52     527.96      29.27     290.05       4.55  135.0  -45.0  630.0  180.0
    29.5030      -6.88       8.70     642.21      38.22     332.00       6.40  135.0  -45.0  630.0  180.0
    29.5552     -26.40       9.22     724.39      43.87     372.30       7.90  135.0  -45.0  630.0  180.0
    18.9083      76.44       6.73     894.99      36.55     860.93      14.76  147.5   39.9  630.0  180.0
    19.4464      79.42       8.99     877.24      48.04     646.74      14.55  147.5   39.9  630.0  180.0
    19.9846      64.22       9.91     845.69      51.92     536.67      13.39  147.5   39.9  630.0  180.0
    20.5229      49.55       4.54    1118.48      34.69        NaN        NaN  147.5   39.9  630.0  180.0
    21.0611      33.64       8.99     860.51      46.35     654.41      13.76  147.5   39.9  630.0  180.0
    21.5994      40.41       5.97     796.25      29.03    1074.14      14.50  147.5   39.9  630.0  180.0
    22.1376      41.96       1.15     751.42       7.65    1065.01       4.21  147.5   39.9  630.0  180.0
    22.6759      32.39       2.21        NaN        NaN        NaN        NaN  147.5   39.9  630.0  180.0
    23.2141      57.87       1.19     979.79      13.61     977.06       6.24  147.5   39.9  630.0  180.0
    23.7526      23.09       3.71     772.13      16.24     748.21       5.18  147.5   39.9  630.0  180.0
    24.2910      29.75       7.35     734.62      34.17     651.10      10.71  147.5   39.9  630.0  180.0
    24.8292      27.80      13.54     727.95      64.27     459.84      14.65  147.5   39.9  630.0  180.0
    25.3675      30.90      16.75     684.11      76.32     357.38      13.96  147.5   39.9  630.0  180.0
    25.9058      10.07       9.49     835.57      48.57     369.86       8.10  147.5   39.9  630.0  180.0
    26.4442      30.91       6.95     665.44      30.12     363.39       5.29  147.5   39.9  630.0  180.0
    26.9826      42.90       5.39     893.86      26.95     468.05       5.17  147.5   39.9  630.0  180.0
    27.5209      34.49       5.66     561.06      25.56     328.67       5.04  147.5   39.9  630.0  180.0
    28.0593      34.06       8.49     918.85      50.28     336.38       7.99  147.5   39.9  630.0  180.0
    28.5974      20.92      13.42     567.68      59.91     161.61       5.47  147.5   39.9  630.0  180.0
    29.1357      -2.64      10.10     684.76      51.21     190.74       5.16  147.5   39.9  630.0  180.0
    29.6741      11.94       6.73     760.37      32.76    1068.49      16.89  147.5   39.9  630.0  180.0
