                 MRH
   19    6 2015
    18.4751        NaN        NaN        NaN        NaN    1107.18      14.47  102.6   -0.0  630.0  180.0
    19.0134        NaN        NaN        NaN        NaN     879.09      58.55  102.6   -0.0  630.0  180.0
    19.5515        NaN        NaN        NaN        NaN     826.13      87.54  102.6   -0.0  630.0  180.0
    20.0897        NaN        NaN        NaN        NaN     723.61      96.30  102.6   -0.0  630.0  180.0
    20.6279        NaN        NaN        NaN        NaN    1099.42      60.66  102.6   -0.0  630.0  180.0
    21.1663        NaN        NaN        NaN        NaN     799.31      66.50  102.6   -0.0  630.0  180.0
    21.7046        NaN        NaN        NaN        NaN     873.45      40.36  102.6   -0.0  630.0  180.0
    22.2427        NaN        NaN        NaN        NaN     914.15      19.03  102.6   -0.0  630.0  180.0
    22.7809        NaN        NaN        NaN        NaN     855.70      15.92  102.6   -0.0  630.0  180.0
    23.3192        NaN        NaN        NaN        NaN     537.63       7.22  102.6   -0.0  630.0  180.0
    23.8576        NaN        NaN        NaN        NaN     848.22      27.84  102.6   -0.0  630.0  180.0
    24.3959        NaN        NaN        NaN        NaN     831.85      46.01  102.6   -0.0  630.0  180.0
    24.9343        NaN        NaN        NaN        NaN     703.47      69.54  102.6   -0.0  630.0  180.0
    25.4726        NaN        NaN        NaN        NaN     813.67      85.51  102.6   -0.0  630.0  180.0
    26.0109        NaN        NaN        NaN        NaN     722.97      57.46  102.6   -0.0  630.0  180.0
    26.5493        NaN        NaN        NaN        NaN     744.89      56.97  102.6   -0.0  630.0  180.0
    27.0877        NaN        NaN        NaN        NaN     643.66      35.66  102.6   -0.0  630.0  180.0
    27.6260        NaN        NaN        NaN        NaN     598.62      33.05  102.6   -0.0  630.0  180.0
    28.1642        NaN        NaN        NaN        NaN     806.33      63.49  102.6   -0.0  630.0  180.0
    28.7025        NaN        NaN        NaN        NaN     443.89      47.72  102.6   -0.0  630.0  180.0
    29.2408        NaN        NaN        NaN        NaN     808.98      72.45  102.6   -0.0  630.0  180.0
    18.5804      50.21       1.46        NaN        NaN    1155.19      12.10   89.9  -45.0  630.0  180.0
    19.1186      92.96      12.17        NaN        NaN     940.27      50.24   89.9  -45.0  630.0  180.0
    19.6568     110.32      21.80        NaN        NaN     759.79      78.37   89.9  -45.0  630.0  180.0
    20.1949     187.40      12.85        NaN        NaN     767.20      44.51   89.9  -45.0  630.0  180.0
    20.7331     153.57      14.49        NaN        NaN     799.51      51.85   89.9  -45.0  630.0  180.0
    21.2714     137.19      14.25        NaN        NaN     898.21      55.64   89.9  -45.0  630.0  180.0
    21.8097     121.40       8.15        NaN        NaN     879.21      30.69   89.9  -45.0  630.0  180.0
    22.3480     128.66       1.72        NaN        NaN     750.61       7.66   89.9  -45.0  630.0  180.0
    22.8862     112.53       1.55        NaN        NaN    1021.56      11.74   89.9  -45.0  630.0  180.0
    23.4245      70.93       6.44        NaN        NaN     783.94      21.65   89.9  -45.0  630.0  180.0
    23.9628      97.35       6.72        NaN        NaN     809.74      23.28   89.9  -45.0  630.0  180.0
    24.5012      92.44      11.70        NaN        NaN     744.39      40.07   89.9  -45.0  630.0  180.0
    25.0395      91.95      16.32        NaN        NaN     694.09      53.77   89.9  -45.0  630.0  180.0
    25.5778      87.43      17.92        NaN        NaN     775.18      63.60   89.9  -45.0  630.0  180.0
    26.1162      76.86      13.41        NaN        NaN     745.28      46.11   89.9  -45.0  630.0  180.0
    26.6546      78.41       8.92        NaN        NaN     829.63      31.91   89.9  -45.0  630.0  180.0
    27.1929      54.60       6.08        NaN        NaN     741.02      18.98   89.9  -45.0  630.0  180.0
    27.7312      53.44       7.58        NaN        NaN     942.93      34.81   89.9  -45.0  630.0  180.0
    28.2697      65.01      12.93        NaN        NaN     528.48      38.24   89.9  -45.0  630.0  180.0
    28.8078      45.62      13.76        NaN        NaN     756.75      44.53   89.9  -45.0  630.0  180.0
    29.3460      49.35      10.20        NaN        NaN     563.92      26.06   89.9  -45.0  630.0  180.0
