                 MRH
   19    6 2015
      18.25       NaN       NaN       NaN       NaN   1107.18     14.47    630.0   1800
      18.75     50.21      1.46       NaN       NaN   1155.19     12.10    630.0   1800
      19.25     92.96     12.17       NaN       NaN    909.68     38.58    630.0   1800
      19.75    110.32     21.80       NaN       NaN    792.96     58.75    630.0   1800
      20.25    187.40     12.85       NaN       NaN    745.41     53.04    630.0   1800
      20.75    153.57     14.49       NaN       NaN    949.46     39.90    630.0   1800
      21.25    137.19     14.25       NaN       NaN    848.76     43.35    630.0   1800
      21.75    121.40      8.15       NaN       NaN    876.33     25.35    630.0   1800
      22.25    128.66      1.72       NaN       NaN    832.38     10.26    630.0   1800
      22.75    112.53      1.55       NaN       NaN    938.63      9.89    630.0   1800
      23.25     70.93      6.44       NaN       NaN    660.79     11.41    630.0   1800
      23.75     97.35      6.72       NaN       NaN    828.98     18.15    630.0   1800
      24.25       NaN       NaN       NaN       NaN    831.85     46.01    630.0   1800
      24.75     92.44     11.70       NaN       NaN    723.93     40.13    630.0   1800
      25.25     91.95     16.32       NaN       NaN    753.88     50.51    630.0   1800
      25.75     87.43     17.92       NaN       NaN    775.18     63.60    630.0   1800
      26.25     76.86     13.41       NaN       NaN    734.12     36.84    630.0   1800
      26.75     78.41      8.92       NaN       NaN    787.26     32.65    630.0   1800
      27.25     54.60      6.08       NaN       NaN    692.34     20.20    630.0   1800
      27.75     53.44      7.58       NaN       NaN    770.77     24.00    630.0   1800
      28.25     65.01     12.93       NaN       NaN    667.40     37.06    630.0   1800
      28.75     45.62     13.76       NaN       NaN    600.32     32.64    630.0   1800
      29.25     49.35     10.20       NaN       NaN    686.45     38.50    630.0   1800
