  Image    fringe1  fringe2  fringe3  fringe4  fringe5  fringe6  fringe7
-----------------------------------------------------------------------------
    1     0.712288 0.709849 0.706973 0.703218 0.698528 0.694397 0.690800
    2     0.714272 0.710029 0.708510 0.700139 0.698261 0.693839 0.693126
    3     0.719373 0.717117 0.715475 0.709186 0.706650 0.702684*********
    4     0.716921 0.714757 0.711934 0.707363 0.704937 0.699814 0.696841
    5     0.723861 0.722970 0.721128 0.717074 0.713463 0.710000 0.707390
    6     0.728934*********-3.054379 0.338055******************14.443206
    7     0.730168********* 0.214196****************** 0.712073 0.710185
    8     0.731094 0.726800 0.724720 0.722593 0.716276 0.711779 0.713078
    9     0.723238 0.731041 0.725058 0.719497 0.717632 0.715080 0.712395
   10     0.711329 0.710288 0.704745 0.701635 0.698988 0.692684 0.692059
   11     0.707858 0.704370 0.700669 0.697238 0.696532 0.692541 0.692985
   12     0.709564 0.708279 0.703889 0.700592 0.695799 0.695268 0.701082
   13     0.719606 0.717125 0.714174 0.710603 0.705566 0.704874 0.709199
   14     0.718014 0.713918 0.712609 0.706567 0.704620 0.699367 0.701293
   15     0.728031 0.730961 0.725838 0.721359 0.718359 0.712643 0.717816
   16     0.734583 0.734840 0.729869 0.726918 0.718595 0.720550 0.721293
   17     0.734396 0.732354 0.724749 0.725414 0.718799 0.722817 0.727547
   18     0.736118 0.730777 0.732821 0.723105 0.716059 0.719272 0.727949
   19     0.731939 0.730244 0.736774 0.722653 0.721183 0.721649 0.727548
   20     0.715343 0.711733 0.712239 0.704552 0.702214 0.699171 0.699285
   21     0.708057 0.704934 0.702446 0.697837 0.695802 0.695242 0.692617
   22     0.705929 0.707982 0.703032 0.696446 0.694321 0.696890 0.695168
   23     0.717896 0.719960 0.720077 0.712930 0.711513 0.707401 0.708432
   24     0.718906 0.720593 0.716277 0.713695 0.710319 0.705861 0.707018
   25     0.730078 0.728686 0.734074 0.727479 0.723076 0.716314 0.716764
   26     0.733677 0.738153 0.733537 0.723165 0.721064 0.727174 0.746602
   27     0.728389 0.729378 0.736879 0.720912 0.731568 0.722441 0.740445
   28     0.728370 0.730015 0.733532 0.729155 0.719445 0.715422 0.732380
   29     0.730269 0.728700 0.734801 0.729146 0.723072 0.718020 0.732921
   30     0.718853 0.753207 0.715708 0.707125 0.706123********* 0.701227
   31     0.713709 0.709450 0.706022 0.705064 0.696175 0.695364 0.693429
   32     0.712618 0.710152 0.710229 0.703666 0.711863 0.699170 0.702086
   33     0.722494 0.720973 0.712335 0.719923 0.717662 0.712485 0.722906
   34     0.723683 0.726025 0.727047 0.715962 0.713057 0.709540 0.712405
   35     0.734937 0.745834 0.740748 0.739838 0.724913 0.732821 0.731368
   36     0.726179 0.714148 0.737393 0.722178 0.729961 0.707185 0.733596
   37     0.734426 0.727139 0.745954 0.729722 0.712098 0.714102 0.722440
   38     0.723989 0.740888 0.732002 0.738962 0.741510 0.726184 0.720571
   39     0.741855 0.741072 0.730014 0.739096 0.721507 0.726731 0.719473
   40     0.722422 0.715915 0.715122 0.715531 0.716511 0.703739 0.702215
   41    ********* 0.715672 0.713446 0.701685 0.700988 0.700193 0.699344
   42     0.709779 0.707958 0.714491 0.704157 0.698820 0.698453 0.696159
   43     0.731169 0.723594 0.720439 0.727569 0.717621 0.716614 0.707137
   44     0.728959 0.725514 0.728678 0.720743 0.719580 0.715925 0.717915
   45     0.734494 0.740411 0.739262 0.732877 0.728921 0.725315 0.724186
   46     0.747274 0.734616 0.733274 0.732742 0.725950 0.722520 0.736973
   47     0.737491 0.734778 0.743828 0.727121 0.751691 0.721773 0.740352
   48     0.730028 0.739016 0.729556 0.722676 0.735965 0.727143 0.729691
   49     0.732711 0.735614 0.736106 0.730559 0.718145 0.724573 0.721693
   50     0.724818 0.725292 0.727705 0.719803 0.716213 0.716691 0.712941
   51     0.716242 0.716593 0.712912 0.708491 0.708353 0.705535 0.702686
   52     0.708180 0.709217 0.702492 0.698722 0.701529 0.696876 0.694195
   53     0.723387 0.723399 0.719646 0.721496 0.711534 0.714295 0.715492
   54     0.732764 0.733457 0.727195 0.725412 0.720842 0.718508 0.715346
   55     0.737450 0.737059 0.734823 0.729503 0.728050 0.726146 0.728106
   56     0.735506 0.735017 0.734991 0.727674 0.723802 0.720636 0.726964
   57     0.736949 0.734447 0.733920 0.727727 0.723124 0.726430 0.725981
   58     0.736464 0.733785 0.732802 0.720471 0.726224 0.724284 0.723325
   59     0.742283 0.736327 0.729076 0.727520 0.724407 0.723994 0.722779
   60     0.729809 0.727725 0.723215 0.719987 0.716848 0.711914 0.710681
   61     0.720503 0.716084 0.713619 0.709842 0.706023 0.702925 0.700553
   62     0.713175 0.710921 0.708621 0.703785 0.700048 0.697016 0.697015
   63     0.728952 0.725222 0.722991 0.715286 0.715420 0.709124 0.710540
   64     0.735428 0.733191 0.729461 0.727526 0.721590 0.717105 0.716569
   65     0.738213 0.735697 0.734381 0.729714 0.728458 0.725251 0.723309
   66     0.734438 0.731924 0.732758 0.726261 0.725365 0.722805 0.720499
   67     0.736287 0.733581 0.732589 0.727089 0.722981 0.718755 0.717745
   68     0.739510 0.733993 0.732043 0.730782 0.721646 0.720968 0.719555
   69     0.737277 0.738354 0.737663 0.727002 0.725842 0.718630 0.718722
   70     0.729427 0.728371 0.725769 0.720777 0.718521 0.715147 0.711154
   71     0.722731 0.721647 0.716398 0.711013 0.708069 0.703236 0.701910
   72     0.713103 0.712080 0.705947 0.707584 0.700644 0.697757 0.694447
   73     0.728111 0.727084 0.721569 0.638175 0.715057 0.711963 0.711283
   74     0.736788 0.734850 0.733274 0.727508 0.724052 0.722041 0.717532
   75     0.740215 0.740843 0.735654 0.731370 0.728287 0.724715 0.724115
   76     0.738950****************** 0.729074********* 0.720534 0.720142
   77    ********* 0.736506 0.733927 0.729824 0.726895 0.721363 0.719995
   78    ****************** 0.729694 0.729148 0.726261 0.722398 0.718711
   79    ********* 0.742967 0.734785 0.729676 0.725867 0.722126 0.721432
   80     0.731450 0.730441 0.728176 0.723441 0.719395 7.216866*********
   81     0.725577 0.721929 0.718397 0.712945 0.709414********* 0.702616
   82     0.714823 0.712362 0.709142 0.704889 0.703094********* 1.931069
   83     0.728053 0.727301 0.723107 0.718237 0.716961 0.712175 0.708348
   84     0.736726 0.735377 0.735568 0.729495 0.726550 0.724876 0.721501
   85     0.740671 0.739653 0.738029 0.732775 0.728066 0.723920 0.722437
   86     0.739213 0.737777 0.731634 0.730210 0.724567 0.721050 0.619316
   87     0.737153 0.736230 0.733244 0.727311 0.725458 0.720552 0.716946
   88     0.737738 0.733521 0.733420 0.729232 0.724526 0.721552 0.718441
   89     0.737810 0.736420 0.731090 0.727975 0.724424 0.721472 0.717296
   90     0.731314 0.730388 0.724633 0.721321 0.717919 0.712060 0.713106
   91     0.723345 0.719076 0.716192 0.711465 0.708396 0.704309 0.702343
   92     0.716777 0.717370 0.715034 0.713782 0.707894 0.705259 0.698986
   93     0.730028 0.726768 0.725836 0.720155 0.716003 0.713852 0.714346
   94     0.737427 0.733542 0.734836 0.727136 0.724869 0.721493 0.721430
   95     0.733907 0.735720 0.732687 0.728729 0.726995 0.722079 0.716497
   96     0.736472 0.735841 0.731967 0.727622 0.724373 0.718816 0.713742
   97     0.733960 0.738681 0.733682 0.728902 0.724976 0.719292 0.718251
   98     0.737391 0.736380 0.733570 0.727453 0.725197 0.722705 0.720313
   99     0.733398 0.733312 0.734175 0.732938 0.725351 0.726605 0.719996
  100     0.731091 0.729355 0.727379 0.720782 0.719275 0.714401 0.711679
  101     0.725288 0.725033 0.722581 0.719152 0.714084 0.709871 0.703931
  102     0.721133 0.717546 0.715176 0.712374 0.710825 0.703501 0.700969
  103     0.730948 0.730954 0.725155 0.723334 0.717673 0.713684 0.712245
  104     0.737216 0.735603 0.734157 0.729286 0.726835 0.722305 0.720274
  105     0.742133 0.740419 0.734051 0.732810 0.727925 0.725202 0.723601
  106     0.738415 0.735103 0.733183 0.728564 0.726252 0.722222 0.721468
  107     0.735941 0.736930 0.733946 0.726846 0.723927 0.723469 0.716881
  108     0.739060 0.734741 0.732048 0.728926 0.724287 0.723543 0.716822
  109     0.740132 0.735082 0.734737 0.727302 0.724802 0.721447 0.717252
  110     0.733785 0.728845 0.729363 0.723730 0.719523 0.715926 0.716329
  111     0.726700 0.722697 0.719774 0.717595 0.714756 0.709815 0.708019
  112     0.721419 0.718702 0.717109 0.710465 0.709516 0.703405 0.704010
  113     0.733995 0.732077 0.726627 0.724011 0.715726 0.715390 0.712802
  114     0.739778 0.739190 0.733011 0.728774 0.726068 0.722790 0.721888
  115     0.741576 0.739471 0.737419 0.731585 0.728857 0.724747 0.723853
  116     0.737644 0.737677 0.732707 0.729976 0.726044 0.719996 0.719395
  117     0.737372 0.732437 0.732379 0.728177 0.727092 0.719935 0.721867
  118     0.739209 0.734026 0.733184 0.730260 0.724275 0.719377 0.720792
  119     0.740530 0.736989 0.730831 0.727257 0.723584 0.718332 0.721887
  120     0.737042 0.734236 0.727688 0.728768 0.723918 0.717596 0.721285
  121     0.724234 0.727540 0.724151 0.718431 0.714212 0.706025 0.711785
  122     0.723933 0.721587 0.710688 0.710262 0.707303 0.702316 0.703959
  123     0.733133 0.728643 0.729288 0.716847 0.718471 0.712660 0.723776
  124     0.736222 0.734729 0.733263 0.726235 0.724990 0.725488 0.719224
  125     0.740194 0.740476 0.737403 0.730848 0.730862 0.727596 0.726741
  126     0.738356 0.736604 0.734245 0.726316 0.725205 0.723200 0.722598
  127     0.738441 0.740783 0.734559 0.727638 0.724024 0.720912 0.722400
  128     0.738350 0.739105 0.732747 0.729198 0.726244 0.721586 0.721731
  129     0.739674 0.736129 0.733598 0.726614 0.724929 0.720104 0.728283
  130     0.737281 0.735514 0.730009 0.729056 0.722997 0.721454 0.725818
  131     0.726610 0.723733 0.720604 0.718986 0.714362 0.710808 0.716961
  132     0.715681 0.721333 0.717583 0.713378 0.709511 0.711759 0.710263
  133     0.732643 0.723243 0.724970 0.722285 0.716177 0.709442 0.716566
  134     0.740305 0.735912 0.738790 0.729404 0.727057 0.723841 0.726056
  135     0.742762 0.739388 0.735852 0.733102 0.732076 0.725133 0.728753
  136     0.737544 0.736191 0.736843 0.731971 0.725992 0.725157 0.726041
  137     0.739824 0.737210 0.734586 0.733310 0.727858 0.722299 0.724587
  138     0.737034 0.737937 0.735395 0.727711 0.727246 0.719998 0.720942
  139     0.738617 0.733570 0.734329 0.729970 0.724298 0.719886 0.725289
  140     0.740201 0.737736 0.735757 0.725493 0.726260 0.721008 0.720729
  141     0.732413 0.726652 0.722450 0.728262 0.724951 0.710449 0.714872
  142     0.727258 0.718980 0.718828 0.716308 0.712423 0.706925 0.714661
  143     0.731152 0.731786 0.724298 0.719845 0.722385 0.716824 0.718287
  144     0.743098 0.736818 0.738423 0.731240 0.727965 0.726490 0.726801
  145     0.743837 0.742194 0.734123 0.734098 0.728473 0.725662 0.727087
  146     0.735752 0.738650 0.736788 0.733293 0.729176 0.722916 0.728562
  147     0.740751 0.737001 0.737722 0.732908 0.735141 0.727894 0.725499
  148     0.741329 0.742561 0.739126 0.735162 0.727864 0.726609 0.719089
  149     0.736309 0.741400 0.735754 0.728742 0.730187 0.723993 0.721523
  150     0.738853 0.730803 0.731703 0.728470 0.723713 0.722172 0.725033
  151     0.725849 0.729070 0.724442 0.725923 0.717029 0.717124 0.703032
  152     0.727279 0.720926 0.719770 0.718166 0.713637 0.710549 0.713857
  153     0.737438 0.731691 0.733543 0.727203 0.719310 0.717800 0.723124
  154     0.738524 0.741786 0.739959 0.730186 0.730425 0.729558 0.731058
  155     0.744099 0.740718 0.735680 0.732780 0.733299 0.727019 0.729058
  156     0.733852 0.738880 0.733976 0.727551 0.727766 0.714802 0.719389
  157     0.734890 0.736489 0.733272 0.731061 0.729583 0.724168 0.727505
  158     0.741544 0.739872 0.727923 0.727595 0.725254 0.723783 0.728678
  159     0.741290 0.735668 0.735903 0.730842 0.732452 0.726183 0.720359
  160     0.738978 0.733521 0.733686 0.728283 0.726721 0.722315 0.720975
  161     0.724349 0.730302 0.725742 0.719161 0.718984 0.712022 0.709581
  162     0.727090 0.720769 0.731518 0.713899 0.715981 0.708690 0.710778
  163     0.740079 0.732120 0.736669 0.728664 0.728843 0.723621 0.724337
  164     0.739075 0.737781 0.730089 0.728858 0.733415 0.724390 0.717762
  165     0.741988 0.736620 0.739339 0.735772 0.727518 0.724579 0.724420
  166     0.746841 0.740205 0.736846 0.734726 0.733374 0.731559 0.720064
  167     0.744828 0.742443 0.738313 0.735110 0.732301 0.733356 0.729348
  168     0.737845 0.740498 0.739772 0.736553 0.732416 0.725900 0.721140
  169     1.574263 0.745854 0.738444 0.736536 0.733249 0.730933 0.726794
  170     0.735571 0.733265 0.732434 0.724262 0.725307 0.721040 0.712536
  171     0.731748 0.728540 0.724616 0.725486 0.714583 0.711829 0.716179
  172     0.727358 0.717013 0.717405 0.719205 0.716656 0.712938 0.714661
  173     0.742487 0.75072911.833991 0.727092 0.709159 0.723576 0.728140
  174     0.740079 0.735537 0.735190 0.727239 0.726927 0.723140 0.725957
  175     0.744687 0.736655 0.735396 0.730350 0.734050 0.730697 0.731331
  176     0.737948 0.741432 0.738362 0.734537 0.730629 0.727131 0.724662
  177     0.743279 0.734834 0.735225 0.729684 0.733060 0.728834 0.729129
  178     0.741705********* 0.667890 0.775636 0.727564 0.728030 0.728101
  179     0.745937 0.736355 0.742301 0.737774 0.418080 0.720390 0.723583
  180     0.732930 0.731965 0.730096 0.725689 0.719504 0.716426 0.712742
  181     0.726742 0.729296 0.726756 0.727984 0.716568 0.717039 0.718556
  182     0.726476 0.725800 0.728437 0.718190 0.712682 0.711959 0.714913
  183     0.730426 0.742931 0.725450 0.730766 0.724821 0.718482 0.723886
  184     0.739010 0.734945 0.733037 0.725572 0.723122 0.722984 0.719238
  185     0.742163 0.740931 0.738474 0.734383 0.728769 0.733451 0.740889
  186     0.745966 0.740516 0.732945 0.726471 0.735656 0.729419 0.729335
  187     0.743168 0.747203 0.738681 0.741078 0.732760 0.724874 0.735923
  188     0.743058 0.744877 0.743289 0.739680 0.728921 0.722809 0.726787
  189     0.742631 0.742618 0.749228 0.733493 0.731564 0.728255 0.732038
  190     0.728889 0.732343 0.733612 0.727609 0.720183 0.733473 0.712040
  191     0.732190 0.730763 0.724140 0.724470 0.724350 0.716849 0.733715
  192     0.727764 0.729814 0.728265 0.716646 0.723440 0.712287 0.720909
  193     0.736071 0.735959 0.729293 0.723630 0.733952 0.718121 0.731148
  194     0.745777 0.736431 0.742436 0.736916 0.728357 0.711277 0.718928
  195     0.734613 0.735386 0.742520 0.733248 0.735447******************
  196     0.699124 0.713470 0.737365 0.736841 0.724117 0.730646 0.727579
  197     0.746005 0.749524 0.731428 0.741911 0.738001 0.725482 0.742441
  198     0.752521 0.740655 0.747394 0.744879 0.739883 0.722721 0.728648
  199     0.740545 0.743215 0.678135 0.732430 0.727887 0.731935 0.726855
  200     0.738939 0.733315 0.736469 0.728319 0.724237 0.725888 0.721512
  201     0.735741 0.736385 0.756880 0.736249 0.719298 0.723966 0.726746
  202     0.732094 0.738762 0.728954 0.723221 0.727733 0.717547 0.724637
  203     0.742647 0.735240 0.732030 0.735850 0.706144 0.724123 0.729033
  204     0.742128 0.736116 0.742404********* 3.844065 0.720284 0.725277
  205     0.732475 0.739823 0.741212 0.733262 0.731268 0.723162 0.732023
  206     0.747834 0.730846 0.731419 0.735879 0.733625 0.728650 0.734744
  207     0.737640 0.737702 0.736809 0.728594 0.736627 0.728980 0.731109
  208     0.738010 0.738405 0.739665 0.726534 0.729643 0.721781 0.722869
  209     0.739489 0.734329 0.743637 0.735562 0.729622 0.725776 0.732110
  210     0.738299 0.738112 0.738610 0.730374 0.728066 0.722748 0.724318
  211     0.737726 0.736283 0.732434 0.727094 0.725661 0.719939 0.717913
  212     0.733701 0.734540 0.734552 0.726818 0.724654 0.722185 0.718198
