   1.390   0.112  18.783
   1.411   0.131  19.333
   1.406   0.146  19.867
   1.432   0.164  20.400
   1.449   0.161  20.950
   1.439   0.161  21.483
   1.455   0.190  22.017
   1.385   0.176  22.567
   1.412   0.173  23.100
   1.383   0.201  23.633
   1.423   0.193  24.183
   1.411   0.169  24.717
   1.409   0.187  25.250
   1.390   0.180  25.783
   1.420   0.218  26.333
   1.392   0.202  26.867
   1.365   0.190  27.400
   1.394   0.185  27.950
   1.406   0.191  28.483
   1.366   0.192  29.017
   1.374   0.184  29.567
   1.380   0.204  29.683
   1.404   0.178
