MRH 20150601
    23.94    70.43   116.93   163.43   209.90   256.41   302.89
    46.49    46.50    46.50    46.46    46.51    46.49    46.49
     0.84103364     0.56802320     0.36751905     0.22436377     0.12877470     0.06842751     0.02973678     0.00557747    -0.00479142    -0.00859673    -0.00624461    -0.00445264    -0.00362753    -0.00386048    -0.00319558    -0.00216531    -0.00080555     0.00159076
    -0.02004868    -0.02607893    -0.03755173    -0.04438925    -0.04681671    -0.04195056    -0.03436974    -0.02527055    -0.01874803    -0.01594320    -0.01150086    -0.00678162    -0.00226436    -0.00006733     0.00042805    -0.00060103    -0.00028406     0.00070172
     1.00000000     0.67581254     0.43909687     0.27248096     0.16334885     0.09557481     0.05550308     0.03375537     0.02543804     0.02232877     0.01701724     0.01250064     0.00918129     0.00746905     0.00645681     0.00552733     0.00531849     0.00467895
     0.84167153     0.55795991     0.35055345     0.20477165     0.11284807     0.05731372     0.02574714     0.01135757     0.00236075     0.00209057     0.00146627    -0.00041877    -0.00125585    -0.00085132     0.00041915     0.00000130     0.00089836     0.00187007
     0.03914502     0.04676900     0.03468549     0.01296395    -0.00427982    -0.01372178    -0.01843900    -0.01780187    -0.01450873    -0.01047969    -0.00632965    -0.00356776    -0.00146121     0.00015936     0.00064359     0.00134245     0.00159455     0.00177921
     1.00000000     0.66447365     0.41810381     0.24357019     0.13413425     0.07009802     0.03787861     0.02538827     0.01808255     0.01325195     0.00822342     0.00530299     0.00507049     0.00420171     0.00379723     0.00346080     0.00425446     0.00472006
     0.83598530     0.53651851     0.31837288     0.17629179     0.08833605     0.04044516     0.01641491     0.00685588     0.00133460     0.00011888    -0.00076570    -0.00176224    -0.00123927    -0.00113479    -0.00164015    -0.00105594    -0.00058518    -0.00049031
     0.05465480     0.06074225     0.04351268     0.01875287     0.00045194    -0.01071093    -0.01313427    -0.01147622    -0.00859796    -0.00439142    -0.00341967    -0.00232578    -0.00107268    -0.00039481    -0.00006020    -0.00057507    -0.00085716     0.00002275
     1.00000000     0.64859247     0.38981557     0.21835241     0.11117675     0.05373348     0.02824512     0.01877259     0.01265955     0.00816006     0.00621405     0.00526755     0.00574337     0.00483215     0.00557494     0.00500909     0.00407071     0.00377234
     0.82983190     0.52356762     0.30626178     0.16029403     0.07429379     0.03062270     0.00550684    -0.00639484    -0.00499328    -0.00074994    -0.00174556     0.00074761     0.00154981     0.00274432     0.00328655     0.00398016     0.00377161     0.00231752
     0.03863317     0.03652050     0.02291672     0.00843832    -0.00643408    -0.01431850    -0.01290204    -0.00748751    -0.00439893    -0.00024576    -0.00042782    -0.00195048    -0.00078247    -0.00000146    -0.00247318    -0.00251217    -0.00065521     0.00007717
     1.00000000     0.63174921     0.36991382     0.19375232     0.09020986     0.04123382     0.01946597     0.01446862     0.01124891     0.00749365     0.00647986     0.00692568     0.00624789     0.00738389     0.00829919     0.00736070     0.00772964     0.00582947
     0.82450831     0.50323057     0.27789205     0.13705322     0.05626160     0.02025044     0.00402104     0.00003952    -0.00015141    -0.00087951    -0.00099991    -0.00076317     0.00116023     0.00140588     0.00135313     0.00085199    -0.00052814    -0.00027378
     0.07649250     0.08389221     0.05869522     0.02849580     0.00400204    -0.00817181    -0.01200728    -0.00961597    -0.00459315    -0.00268462    -0.00144285    -0.00011070     0.00058913     0.00021297    -0.00143359    -0.00216033    -0.00247884    -0.00036114
     1.00000000     0.61813313     0.34595093     0.17189871     0.07011284     0.02764434     0.01675692     0.01278931     0.00717845     0.00626081     0.00546329     0.00433202     0.00451731     0.00562793     0.00559218     0.00518947     0.00503861     0.00357525
     0.82036120     0.49003968     0.26249468     0.12026282     0.04240051     0.00582788    -0.00457091    -0.00415694    -0.00508601    -0.00351770    -0.00089195     0.00025419     0.00056151     0.00240840     0.00352187     0.00229804     0.00278639     0.00578751
     0.02874844     0.03038085     0.01814217     0.00516457    -0.00490550    -0.00543854    -0.00383938    -0.00330231    -0.00337877    -0.00012279    -0.00087633    -0.00025422    -0.00161290    -0.00303548    -0.00172956    -0.00029335     0.00303091     0.00241778
     1.00000000     0.59774160     0.32086346     0.14697854     0.05269263     0.01310883     0.01114627     0.00987518     0.00888066     0.00582090     0.00534321     0.00556640     0.00669232     0.00694904     0.00743350     0.00829039     0.00983151     0.00952725
     0.81687802     0.47455442     0.23741427     0.09715405     0.02795788    -0.00042912    -0.00617987    -0.00244729     0.00189445     0.00352615     0.00255197     0.00059798     0.00058734    -0.00090548     0.00211321     0.00085140     0.00072819    -0.00185184
     0.06405769     0.06602441     0.04351496     0.01991253     0.00265731    -0.00487119    -0.00937010    -0.00607589    -0.00513827    -0.00256387    -0.00109950    -0.00019125    -0.00077791     0.00020948    -0.00023541     0.00095798     0.00052078     0.00165907
     1.00000000     0.58695686     0.29778650     0.12392887     0.03563507     0.00801400     0.01524956     0.01006931     0.00899453     0.00745248     0.00656883     0.00519594     0.00513969     0.00581868     0.00571373     0.00548240     0.00585303     0.00695687
   1.404   0.178  400    2    0    0    0  0.000 18.000
