                 MRH
    1    6 2015
    18.4291      37.89       1.94     680.77       6.15    1371.01       3.86  102.6   -0.0  630.0  180.0
    18.9675      40.94       8.99     794.53      33.71     675.50      11.69  102.6   -0.0  630.0  180.0
    19.5057     -84.57       9.66     706.39      33.14     558.14       9.32  102.6   -0.0  630.0  180.0
    20.0442      -3.39      22.22     643.50      81.59     443.40      19.57  102.6   -0.0  630.0  180.0
    20.5826     -66.77      24.97     734.20      99.11     492.67      25.15  102.6   -0.0  630.0  180.0
    21.1212     -14.14      22.78     656.28      87.27     551.29      25.91  102.6   -0.0  630.0  180.0
    21.6599     -25.15      10.74     757.87      42.74    1108.12      23.58  102.6   -0.0  630.0  180.0
    22.1985     -18.83      10.72     740.03      42.55    1350.10      29.02  102.6   -0.0  630.0  180.0
    22.7371      -6.54      23.75     498.81      81.70     924.50      46.12  102.6   -0.0  630.0  180.0
    23.2757      21.77      43.14        NaN        NaN     296.08      52.23  102.6   -0.0  630.0  180.0
    23.8143      54.23      69.01     549.31     467.05     266.64      44.16  102.6   -0.0  630.0  180.0
    24.3532     -93.94      64.76     782.96     336.45     246.10      31.97  102.6   -0.0  630.0  180.0
    24.8919      12.79      69.63     335.65     190.59     177.74      24.72  102.6   -0.0  630.0  180.0
    25.4308      84.72      42.98     329.97     488.38     108.74      19.70  102.6   -0.0  630.0  180.0
    25.9697     -51.04      60.66     260.78     172.73     125.86      16.14  102.6   -0.0  630.0  180.0
    26.5085      13.13      56.01     325.18     136.24     128.01      12.59  102.6   -0.0  630.0  180.0
    27.0469      49.52      28.34     457.02      79.35     143.29       7.15  102.6   -0.0  630.0  180.0
    27.5853      80.25      10.58     421.11      57.30      60.35       2.05  102.6   -0.0  630.0  180.0
    28.1238     -21.59      30.92     406.13      76.57      76.70       4.12  102.6   -0.0  630.0  180.0
    28.6620    -151.85      25.46     357.07      78.92      77.64       2.89  102.6   -0.0  630.0  180.0
    29.2002     -47.27      38.16     568.35     136.25     108.39       8.45  102.6   -0.0  630.0  180.0
    18.3237     -16.71       6.03     944.15      27.18    1781.95      21.45   12.7  -50.2  630.0  180.0
    18.8092     -60.99      10.32     902.77      41.78     871.62      16.55   12.7  -50.2  630.0  180.0
    19.3474     -54.32       3.45     679.59       9.40     964.72       4.01   12.7  -50.2  630.0  180.0
    19.8858     -94.62      19.57     735.01      70.37     556.84      20.00   12.7  -50.2  630.0  180.0
    20.4243     -45.09      30.33     788.59     130.78     411.69      26.75   12.7  -50.2  630.0  180.0
    20.9628     -58.26      23.07     708.52      89.46     575.02      26.76   12.7  -50.2  630.0  180.0
    21.5015     -39.49      16.50     726.60      65.59     874.16      29.32   12.7  -50.2  630.0  180.0
    22.0401     -23.34       6.05     780.14      24.43    1795.22      21.34   12.7  -50.2  630.0  180.0
    22.5787      46.88       5.23     824.13      18.85    1523.83      13.32   12.7  -50.2  630.0  180.0
    23.1172      44.18      10.97     757.09      39.37    1081.81      21.21   12.7  -50.2  630.0  180.0
    23.6559     -34.91      11.64     710.58      45.30     964.23      22.43   12.7  -50.2  630.0  180.0
    24.1948     -14.50      12.47     721.07      49.04     737.01      18.32   12.7  -50.2  630.0  180.0
    24.7336     -72.06      24.80     646.00      83.66     390.62      17.52   12.7  -50.2  630.0  180.0
    25.2724     -20.45      89.29     194.28     268.42     104.79      17.17   12.7  -50.2  630.0  180.0
    25.8113     -28.63      90.36     228.04     293.77     109.06      17.91   12.7  -50.2  630.0  180.0
    26.3501     -74.05      48.29     498.55     138.09     185.68      15.62   12.7  -50.2  630.0  180.0
    26.8886     -39.49      25.72     519.63      83.80     216.13      10.78   12.7  -50.2  630.0  180.0
    27.4270      53.53      23.65     486.78      66.40     181.62       7.24   12.7  -50.2  630.0  180.0
    27.9654      77.26      24.13     413.29      67.94     144.51       6.15   12.7  -50.2  630.0  180.0
    28.5037      12.15      33.80     370.77      79.33     119.09       6.37   12.7  -50.2  630.0  180.0
    29.0419       9.21       5.36     955.46      54.29      76.20       1.70   12.7  -50.2  630.0  180.0
    29.5802     362.85       4.93     613.49      17.90     582.03       5.25   12.7  -50.2  630.0  180.0
    18.3766     -24.89       5.54     926.52      21.53    1529.38      14.33  102.6   50.2  630.0  180.0
    18.9149     -14.21      17.54     775.78      64.26     691.67      21.98  102.6   50.2  630.0  180.0
    19.4531      21.58      25.07     621.17      91.76     437.78      22.10  102.6   50.2  630.0  180.0
    19.9916     -46.31      20.33     351.00     501.00     199.06      28.80  102.6   50.2  630.0  180.0
    20.5300       4.71      36.35     491.50     131.69     365.81      27.16  102.6   50.2  630.0  180.0
    21.0686       7.58      33.76     487.64      99.64     504.50      30.37  102.6   50.2  630.0  180.0
    21.6073       2.28      15.99     715.57      55.29    1145.97      32.33  102.6   50.2  630.0  180.0
    22.1459      -5.40       8.52     782.89      30.81    1556.87      23.39  102.6   50.2  630.0  180.0
    22.6845     -14.04       7.14     786.33      25.67    1322.39      16.22  102.6   50.2  630.0  180.0
    23.2230     -33.21      12.59     734.72      44.44     938.03      20.96  102.6   50.2  630.0  180.0
    23.7618     -25.08      10.17     737.31      35.88     781.79      13.94  102.6   50.2  630.0  180.0
    24.3008     -49.52      19.19     695.14      66.26     515.16      17.82  102.6   50.2  630.0  180.0
    24.8393      33.09      58.46     579.79     217.75     158.99      17.89  102.6   50.2  630.0  180.0
    25.3782      62.72      34.62     300.44     425.63      76.32      12.62  102.6   50.2  630.0  180.0
    25.9171     -46.78      67.36     500.55     203.09     144.25      17.77  102.6   50.2  630.0  180.0
    26.4558     -63.44      36.43     670.76     122.46     179.45      11.75  102.6   50.2  630.0  180.0
    26.9943       3.54       5.49    1150.30      74.59     192.91       5.62  102.6   50.2  630.0  180.0
    27.5327      28.21      28.46     547.09      98.83     100.45       5.35  102.6   50.2  630.0  180.0
    28.0711     -34.19      29.82     416.18      82.17     107.96       5.90  102.6   50.2  630.0  180.0
    28.6094     -50.40      23.49     492.36      76.61     104.25       4.21  102.6   50.2  630.0  180.0
    29.1476     306.86      17.50     611.53      66.29     176.22       6.72  102.6   50.2  630.0  180.0
    18.4819      48.01       9.76     950.11      39.32    1206.17      21.12   45.0  -45.0  630.0  180.0
    19.0202      56.48       2.08    1011.51      13.36     881.46       5.63   45.0  -45.0  630.0  180.0
    19.5584      41.71      14.75     785.43      53.54     649.83      17.06   45.0  -45.0  630.0  180.0
    20.0969     -74.83      22.28     783.35      93.04     521.40      24.04   45.0  -45.0  630.0  180.0
    20.6354     -65.56      22.57     770.13      93.62     569.77      26.75   45.0  -45.0  630.0  180.0
    21.1741     -63.03      17.44     749.74      70.93     757.09      27.10   45.0  -45.0  630.0  180.0
    21.7127     -51.72      11.00     777.13      45.18    1269.84      28.33   45.0  -45.0  630.0  180.0
    22.2513      28.20       7.62     786.94      27.14    1693.98      22.31   45.0  -45.0  630.0  180.0
    22.7898      10.56       4.87     832.87      17.61    1507.45      11.97   45.0  -45.0  630.0  180.0
    23.3283      31.01      13.98     705.12      48.00    1099.44      27.27   45.0  -45.0  630.0  180.0
    23.8670      20.87      10.13     689.80      33.64     926.51      16.13   45.0  -45.0  630.0  180.0
    24.4059      34.95      20.81     604.45      65.13     576.26      20.83   45.0  -45.0  630.0  180.0
    24.9447      13.27      54.40     412.24     188.94     237.91      27.15   45.0  -45.0  630.0  180.0
    25.4835      38.85     125.67     599.00    1236.00      72.45      19.85   45.0  -45.0  630.0  180.0
    26.0224     -14.38     119.73     447.32     399.83     106.43      27.62   45.0  -45.0  630.0  180.0
    26.5610     -72.97      63.79     270.70     165.23     147.19      19.75   45.0  -45.0  630.0  180.0
    27.0996    -109.78      63.21     313.06     171.24     131.31      13.52   45.0  -45.0  630.0  180.0
    27.6380    -117.16      32.10     345.20     211.72      90.65      12.21   45.0  -45.0  630.0  180.0
    28.1763      28.08      75.44     228.70     153.29      88.89       9.72   45.0  -45.0  630.0  180.0
    28.7147      10.27      68.35     303.98     136.82      94.92       9.73   45.0  -45.0  630.0  180.0
    29.2529     244.50      13.89     864.80      71.37     169.60       5.63   45.0  -45.0  630.0  180.0
    18.5344     -65.17       9.05     882.30      40.93    1038.86      19.80   89.9  -45.0  630.0  180.0
    19.0727     -18.78       1.72    1036.01      16.88     797.45       6.14   89.9  -45.0  630.0  180.0
    19.6110     -34.66      17.87     781.97      65.36     521.66      16.82   89.9  -45.0  630.0  180.0
    20.1494       0.81      21.42     656.33      71.12     491.85      18.83   89.9  -45.0  630.0  180.0
    20.6879      11.38      24.20     777.33      88.53     542.45      23.87   89.9  -45.0  630.0  180.0
    21.2265      -3.37      17.92     753.97      63.22     771.98      24.44   89.9  -45.0  630.0  180.0
    21.7652       5.47      13.02     771.37      46.79    1175.62      27.30   89.9  -45.0  630.0  180.0
    22.3039     -30.44       5.01     816.10      18.05    1750.48      14.65   89.9  -45.0  630.0  180.0
    22.8424     -13.85       3.67     832.72      12.90    1722.61       9.63   89.9  -45.0  630.0  180.0
    23.3809       4.12      10.20     760.86      35.89    1370.26      24.49   89.9  -45.0  630.0  180.0
    23.9196      -7.09      11.20     784.62      40.56    1029.09      20.52   89.9  -45.0  630.0  180.0
    24.4585     -79.17      18.79     709.47      74.86     595.11      23.21   89.9  -45.0  630.0  180.0
    24.9973      12.77      62.28     252.89     246.69     135.10      21.61   89.9  -45.0  630.0  180.0
    25.5361     -22.68      65.01     118.00     701.00      67.65      15.69   89.9  -45.0  630.0  180.0
    26.0750     229.50     329.80        NaN        NaN        NaN        NaN   89.9  -45.0  630.0  180.0
    26.6137        NaN        NaN    1313.32     930.72     422.79     153.21   89.9  -45.0  630.0  180.0
    27.1522        NaN        NaN     555.79     618.11     739.53     193.75   89.9  -45.0  630.0  180.0
    27.6906        NaN        NaN    1018.43    1967.52      45.35      31.50   89.9  -45.0  630.0  180.0
    28.2289     -70.16     167.14     771.00    2565.00      30.61      13.50   89.9  -45.0  630.0  180.0
    28.7672      14.60      60.63     654.57     588.31      57.00      10.29   89.9  -45.0  630.0  180.0
    29.3054     173.11      23.41     316.78      48.33     109.26       3.88   89.9  -45.0  630.0  180.0
    18.5870      37.84       4.41     903.13      15.93    1244.58       8.27  134.9  -45.0  630.0  180.0
    18.6392     -62.94       1.57     812.88       8.03    1068.55       4.02  134.9  -45.0  630.0  180.0
    18.6915       5.71       1.51     993.69      11.73    1127.74       6.49  134.9  -45.0  630.0  180.0
    18.7437     -51.46       2.18     647.91       1.99        NaN        NaN  134.9  -45.0  630.0  180.0
    19.1252     -24.92       6.29     779.99      24.25     702.86       9.15  134.9  -45.0  630.0  180.0
    19.1775     -26.03       4.63     836.06      23.28     633.67       8.31  134.9  -45.0  630.0  180.0
    19.2297      54.68       5.51    1066.66      19.85     220.09       2.81  134.9  -45.0  630.0  180.0
    19.2819     -98.27       2.36    1009.13      16.02     537.30       4.08  134.9  -45.0  630.0  180.0
    19.6636      -9.58      14.80     796.69      54.16     477.47      12.57  134.9  -45.0  630.0  180.0
    19.7158      13.36      16.59     742.76      58.15     448.42      13.10  134.9  -45.0  630.0  180.0
    19.7681     -75.30      14.24     788.36      60.03     450.69      13.10  134.9  -45.0  630.0  180.0
    19.8203     -68.96      15.51     830.17      66.46     451.59      14.38  134.9  -45.0  630.0  180.0
    20.2020       6.51      20.47     746.69      72.96     437.11      16.03  134.9  -45.0  630.0  180.0
    20.2542     -26.11      21.45     777.69      76.98     442.16      16.96  134.9  -45.0  630.0  180.0
    20.3065     -64.59      20.63     706.45      80.60     422.39      17.81  134.9  -45.0  630.0  180.0
    20.3587       9.19      24.60     656.52      80.76     405.49      17.76  134.9  -45.0  630.0  180.0
    20.7405     -79.37      22.71     687.54      87.22     422.41      19.34  134.9  -45.0  630.0  180.0
    20.7927      -8.40      22.64     705.94      79.12     434.87      17.90  134.9  -45.0  630.0  180.0
    20.8450     -19.24      21.60     823.12      80.54     477.96      18.61  134.9  -45.0  630.0  180.0
    20.8972     -17.11      21.65     713.32      73.86     482.76      18.46  134.9  -45.0  630.0  180.0
    21.2791     -53.43      18.92     696.67      72.54     627.14      23.79  134.9  -45.0  630.0  180.0
    21.3313     -39.34      19.97     727.65      78.89     632.25      25.40  134.9  -45.0  630.0  180.0
    21.3835     -45.39      18.69     755.18      75.99     684.17      26.18  134.9  -45.0  630.0  180.0
    21.4361     -64.47      17.02     775.51      70.83     741.20      26.08  134.9  -45.0  630.0  180.0
    21.8178     -12.47       9.15     786.79      33.27    1128.59      18.24  134.9  -45.0  630.0  180.0
    21.8700      -8.09       8.57     785.92      30.98    1205.93      18.15  134.9  -45.0  630.0  180.0
    21.9224     -17.08       7.81     807.71      28.73    1299.33      17.93  134.9  -45.0  630.0  180.0
    21.9745      -2.99       7.23     827.50      26.90    1411.22      17.91  134.9  -45.0  630.0  180.0
    22.3565     -15.88       3.60     853.24      12.65    1909.71      10.47  134.9  -45.0  630.0  180.0
    22.4087     -24.27       3.43     856.68      12.13    1942.46      10.15  134.9  -45.0  630.0  180.0
    22.4610     -14.87       3.18     852.69      11.06    1939.41       9.09  134.9  -45.0  630.0  180.0
    22.5132     -21.35       2.88     811.02       9.29    1909.59       7.48  134.9  -45.0  630.0  180.0
    22.8950      -8.84       3.35     801.57      10.96    1600.02       7.58  134.9  -45.0  630.0  180.0
    22.9472      -9.69       4.19     821.96      14.67    1555.36      10.18  134.9  -45.0  630.0  180.0
    22.9995       0.91       3.99     854.51      14.36    1597.76       9.88  134.9  -45.0  630.0  180.0
    23.0517      -1.84       4.45     841.99      16.01    1560.23      11.11  134.9  -45.0  630.0  180.0
    23.4335      11.33       8.15     765.30      28.98    1341.88      19.13  134.9  -45.0  630.0  180.0
    23.4858       3.63       8.58     748.45      29.93    1303.45      19.47  134.9  -45.0  630.0  180.0
    23.5381      10.98       9.16     763.10      32.20    1282.70      20.51  134.9  -45.0  630.0  180.0
    23.5903      -0.51       9.37     750.21      32.52    1233.63      20.06  134.9  -45.0  630.0  180.0
    23.9722       5.14      16.80     742.04      59.59     874.01      26.43  134.9  -45.0  630.0  180.0
    24.0245       8.75      15.86     631.22      50.79     840.49      23.18  134.9  -45.0  630.0  180.0
    24.0768      15.69      17.10     719.18      59.94     832.85      25.68  134.9  -45.0  630.0  180.0
    24.1291       9.54      18.52     674.13      62.94     752.04      24.97  134.9  -45.0  630.0  180.0
    24.5111     -59.52      32.82     613.83     122.01     424.11      28.72  134.9  -45.0  630.0  180.0
    24.5636     -41.89      36.35     466.96     115.73     347.95      25.51  134.9  -45.0  630.0  180.0
    24.6156       5.66      43.57     405.01     150.51     283.04      26.34  134.9  -45.0  630.0  180.0
    24.6679     -15.97      45.17     410.73     139.37     260.58      24.48  134.9  -45.0  630.0  180.0
    25.0499      16.38      79.48     226.64     299.25     131.25      22.48  134.9  -45.0  630.0  180.0
    25.1022     108.39      85.97     232.50     218.91     126.24      21.07  134.9  -45.0  630.0  180.0
    25.1547      56.99      79.01     586.32     553.76     100.56      17.02  134.9  -45.0  630.0  180.0
    25.2068      61.19     121.60     188.94     424.65      80.33      14.37  134.9  -45.0  630.0  180.0
    25.5887     -15.04      80.34     408.68     259.11     111.64      17.97  134.9  -45.0  630.0  180.0
    25.6410     -67.48      84.47     247.81     254.86     116.80      20.88  134.9  -45.0  630.0  180.0
    25.6933    -105.88      90.28     256.61     230.35     105.57      17.85  134.9  -45.0  630.0  180.0
    25.7456      -2.30      97.49     168.59     251.98      92.16      19.23  134.9  -45.0  630.0  180.0
    26.1276     -46.41      79.90     286.13     165.15     153.66      19.07  134.9  -45.0  630.0  180.0
    26.1799     -26.49      62.61     418.06     178.71     169.42      19.88  134.9  -45.0  630.0  180.0
    26.2322     -69.56      61.91     362.95     167.28     167.28      19.31  134.9  -45.0  630.0  180.0
    26.2847     -50.55      56.55     498.85     189.25     173.81      20.27  134.9  -45.0  630.0  180.0
    26.6662     -57.80      40.62     487.89     135.11     186.22      15.50  134.9  -45.0  630.0  180.0
    26.7185     -78.09      42.26     508.06     136.91     181.62      15.17  134.9  -45.0  630.0  180.0
    26.7708     -51.48      42.97     363.33     118.29     159.49      13.07  134.9  -45.0  630.0  180.0
    26.8230     -57.65      45.35     408.12     140.16     151.43      13.85  134.9  -45.0  630.0  180.0
    27.2050     -37.72      43.27     428.78     131.41     147.83      12.57  134.9  -45.0  630.0  180.0
    27.2570      21.34      46.54     384.78     123.59     133.41      10.01  134.9  -45.0  630.0  180.0
    27.3093     -52.25      46.26     460.76     123.07     150.06      11.60  134.9  -45.0  630.0  180.0
    27.3615     -19.61      42.74     275.91     110.69     116.26       8.14  134.9  -45.0  630.0  180.0
    27.7431      89.30      25.30     383.53     143.49      97.23       6.94  134.9  -45.0  630.0  180.0
    27.7954    -128.11      65.03     356.70     125.42     111.71       9.72  134.9  -45.0  630.0  180.0
    27.8477    -141.89      52.70     464.64     169.93     105.74      11.19  134.9  -45.0  630.0  180.0
    27.8999     -56.59      42.52     411.36     138.86      94.64       7.78  134.9  -45.0  630.0  180.0
    28.2815     -69.66      48.28     559.78     168.57      93.46       8.92  134.9  -45.0  630.0  180.0
    28.3337      66.93      53.31     404.74     161.53      74.69       6.09  134.9  -45.0  630.0  180.0
    28.3859     -29.90      37.94     310.48     110.99      80.15       6.00  134.9  -45.0  630.0  180.0
    28.4382     124.44      25.77     361.15     126.38      71.35       4.93  134.9  -45.0  630.0  180.0
    28.8198    -119.41      37.31     389.07      99.52      93.39       6.23  134.9  -45.0  630.0  180.0
    28.8721      -7.70      28.34     392.30      87.26     112.83       6.14  134.9  -45.0  630.0  180.0
    28.9242     -26.13      56.39     554.24     193.07      82.05       7.66  134.9  -45.0  630.0  180.0
    28.9766     -46.67       3.88     294.00      49.00      38.26       0.52  134.9  -45.0  630.0  180.0
    29.3580      41.55      22.47     569.23      68.82     165.22       6.72  134.9  -45.0  630.0  180.0
    29.4102     -18.99      14.51     563.19      43.17     217.30       5.43  134.9  -45.0  630.0  180.0
    29.4624      98.36      12.08     722.72      42.67     239.29       5.81  134.9  -45.0  630.0  180.0
    29.5146     278.86       3.42     571.55      13.76     224.23       1.73  134.9  -45.0  630.0  180.0
    18.8624     -48.84       4.81     762.26      15.78     874.21       6.23  147.5   39.9  630.0  180.0
    19.4005     -34.15       9.09     796.70      32.91     748.53      11.69  147.5   39.9  630.0  180.0
    19.9390      -5.96      23.89     737.62      96.92     450.98      22.24  147.5   39.9  630.0  180.0
    20.4775     -18.46      29.42     672.62     110.05     423.07      24.91  147.5   39.9  630.0  180.0
    21.0160      11.85      26.64     706.55     105.42     527.66      28.85  147.5   39.9  630.0  180.0
    21.5550     -35.01      15.11     740.74      54.25    1165.32      31.99  147.5   39.9  630.0  180.0
    22.0933     -41.55       9.58     758.77      34.45    1601.70      27.47  147.5   39.9  630.0  180.0
    22.6319     -49.39       9.38     817.26      35.67    1390.62      23.65  147.5   39.9  630.0  180.0
    23.1704      17.79      14.32     713.00      55.91     920.83      26.50  147.5   39.9  630.0  180.0
    23.7091     -45.98      15.85     769.80      58.63     827.53      24.19  147.5   39.9  630.0  180.0
    24.2480     -41.48      18.07     708.01      63.70     567.08      18.56  147.5   39.9  630.0  180.0
    24.7867       6.50      33.26     531.82     112.61     296.54      19.68  147.5   39.9  630.0  180.0
    25.3257       5.68     105.60     323.46     488.65      97.91      16.86  147.5   39.9  630.0  180.0
    25.8646     -48.23      50.69     513.00     151.13     162.80      14.66  147.5   39.9  630.0  180.0
    26.4033       1.60      34.74     389.36     104.86     157.34      10.83  147.5   39.9  630.0  180.0
    26.9418     -24.57      17.27     744.23      63.50     177.08       5.61  147.5   39.9  630.0  180.0
    27.4802    -104.61      17.50     435.72      52.38     133.68       4.69  147.5   39.9  630.0  180.0
    28.0186    -104.11      28.80     464.74      81.82     118.71       6.20  147.5   39.9  630.0  180.0
    28.5569     120.20      20.88     400.56      84.40     108.99       5.00  147.5   39.9  630.0  180.0
    29.0951      -5.74      30.40     460.76      74.75     133.15       6.31  147.5   39.9  630.0  180.0
    29.6336     373.66       5.39     722.47      20.42    1188.38      11.87  147.5   39.9  630.0  180.0
