                 MRH
    1    6 2015
      18.25       NaN       NaN       NaN       NaN    680.77      6.15    630.0   1800
      18.75     92.17     12.80       NaN       NaN    838.42     26.51    630.0   1800
      19.25     26.57      2.44       NaN       NaN   1036.01     16.88    630.0   1800
      19.75     49.01     25.27       NaN       NaN    744.18     36.64    630.0   1800
      20.25     -1.14     30.29       NaN       NaN    649.92     54.12    630.0   1800
      20.75    -16.10     34.23       NaN       NaN    755.76     66.45    630.0   1800
      21.25      4.76     25.34       NaN       NaN    705.12     53.88    630.0   1800
      21.75     -7.73     18.41       NaN       NaN    764.62     31.69    630.0   1800
      22.25     43.05      7.08       NaN       NaN    778.07     23.11    630.0   1800
      22.75     19.58      5.19       NaN       NaN    665.76     41.36    630.0   1800
      23.25     -5.83     14.42       NaN       NaN    760.86     35.89    630.0   1800
      23.75     10.03     15.85       NaN       NaN    666.96    234.40    630.0   1800
      24.25    111.96     26.58       NaN       NaN    746.22    172.34    630.0   1800
      24.75    -18.06     88.08       NaN       NaN    294.27    155.87    630.0   1800
      25.25       NaN       NaN       NaN       NaN    329.97    488.38    630.0   1800
      25.75     32.07     91.94       NaN       NaN    189.39    360.98    630.0   1800
      26.25   -324.56    466.41       NaN       NaN       NaN       NaN    630.0   1800
      26.75       NaN       NaN       NaN       NaN    819.25    470.32    630.0   1800
      27.25       NaN       NaN       NaN       NaN    506.41    311.59    630.0   1800
      27.75       NaN       NaN       NaN       NaN    719.77    984.18    630.0   1800
      28.25     99.22    236.38       NaN       NaN    588.57   1283.07    630.0   1800
      28.75    -20.65     85.75       NaN       NaN    505.82    296.79    630.0   1800
      29.25   -244.82     33.11       NaN       NaN    442.57     72.28    630.0   1800
