                 MRH
    1    6 2015
    18.4291        NaN        NaN        NaN        NaN     680.77       6.15  102.6   -0.0  630.0  180.0
    18.9675        NaN        NaN        NaN        NaN     794.53      33.71  102.6   -0.0  630.0  180.0
    19.5057        NaN        NaN        NaN        NaN     706.39      33.14  102.6   -0.0  630.0  180.0
    20.0442        NaN        NaN        NaN        NaN     643.50      81.59  102.6   -0.0  630.0  180.0
    20.5826        NaN        NaN        NaN        NaN     734.20      99.11  102.6   -0.0  630.0  180.0
    21.1212        NaN        NaN        NaN        NaN     656.28      87.27  102.6   -0.0  630.0  180.0
    21.6599        NaN        NaN        NaN        NaN     757.87      42.74  102.6   -0.0  630.0  180.0
    22.1985        NaN        NaN        NaN        NaN     740.03      42.55  102.6   -0.0  630.0  180.0
    22.7371        NaN        NaN        NaN        NaN     498.81      81.70  102.6   -0.0  630.0  180.0
    23.8143        NaN        NaN        NaN        NaN     549.31     467.05  102.6   -0.0  630.0  180.0
    24.3532        NaN        NaN        NaN        NaN     782.96     336.45  102.6   -0.0  630.0  180.0
    24.8919        NaN        NaN        NaN        NaN     335.65     190.59  102.6   -0.0  630.0  180.0
    25.4308        NaN        NaN        NaN        NaN     329.97     488.38  102.6   -0.0  630.0  180.0
    25.9697        NaN        NaN        NaN        NaN     260.78     172.73  102.6   -0.0  630.0  180.0
    26.5085        NaN        NaN        NaN        NaN     325.18     136.24  102.6   -0.0  630.0  180.0
    27.0469        NaN        NaN        NaN        NaN     457.02      79.35  102.6   -0.0  630.0  180.0
    27.5853        NaN        NaN        NaN        NaN     421.11      57.30  102.6   -0.0  630.0  180.0
    28.1238        NaN        NaN        NaN        NaN     406.13      76.57  102.6   -0.0  630.0  180.0
    28.6620        NaN        NaN        NaN        NaN     357.07      78.92  102.6   -0.0  630.0  180.0
    29.2002        NaN        NaN        NaN        NaN     568.35     136.25  102.6   -0.0  630.0  180.0
    18.5344      92.17      12.80        NaN        NaN     882.30      40.93   89.9  -45.0  630.0  180.0
    19.0727      26.57       2.44        NaN        NaN    1036.01      16.88   89.9  -45.0  630.0  180.0
    19.6110      49.01      25.27        NaN        NaN     781.97      65.36   89.9  -45.0  630.0  180.0
    20.1494      -1.14      30.29        NaN        NaN     656.33      71.12   89.9  -45.0  630.0  180.0
    20.6879     -16.10      34.23        NaN        NaN     777.33      88.53   89.9  -45.0  630.0  180.0
    21.2265       4.76      25.34        NaN        NaN     753.97      63.22   89.9  -45.0  630.0  180.0
    21.7652      -7.73      18.41        NaN        NaN     771.37      46.79   89.9  -45.0  630.0  180.0
    22.3039      43.05       7.08        NaN        NaN     816.10      18.05   89.9  -45.0  630.0  180.0
    22.8424      19.58       5.19        NaN        NaN     832.72      12.90   89.9  -45.0  630.0  180.0
    23.3809      -5.83      14.42        NaN        NaN     760.86      35.89   89.9  -45.0  630.0  180.0
    23.9196      10.03      15.85        NaN        NaN     784.62      40.56   89.9  -45.0  630.0  180.0
    24.4585     111.96      26.58        NaN        NaN     709.47      74.86   89.9  -45.0  630.0  180.0
    24.9973     -18.06      88.08        NaN        NaN     252.89     246.69   89.9  -45.0  630.0  180.0
    25.5361      32.07      91.94        NaN        NaN     118.00     701.00   89.9  -45.0  630.0  180.0
    26.0750    -324.56     466.41        NaN        NaN        NaN        NaN   89.9  -45.0  630.0  180.0
    26.6137        NaN        NaN        NaN        NaN    1313.32     930.72   89.9  -45.0  630.0  180.0
    27.1522        NaN        NaN        NaN        NaN     555.79     618.11   89.9  -45.0  630.0  180.0
    27.6906        NaN        NaN        NaN        NaN    1018.43    1967.52   89.9  -45.0  630.0  180.0
    28.2289      99.22     236.38        NaN        NaN     771.00    2565.00   89.9  -45.0  630.0  180.0
    28.7672     -20.65      85.75        NaN        NaN     654.57     588.31   89.9  -45.0  630.0  180.0
    29.3054    -244.82      33.11        NaN        NaN     316.78      48.33   89.9  -45.0  630.0  180.0
