  Image    fringe1  fringe2  fringe3  fringe4  fringe5  fringe6  fringe7
-----------------------------------------------------------------------------
    1     0.717778 0.718128 0.717477 0.708168 0.704696 0.704229 0.700983
    2     0.708581 0.709004 0.704409 0.701523 0.696336 0.695606 0.691883
    3     0.720726 0.721085 0.717614 0.713039 0.706799 0.702701 0.700703
    4     0.721488 0.719952 0.721593 0.716196 0.707175 0.705444 0.701433
    5     0.720569 0.725536 0.725714 0.719980 0.714154 0.711708 0.708272
    6     0.724090 0.723208 0.724181 0.718035 0.711472 0.704818 0.703960
    7     0.725208 0.725280 0.723823 0.718625 0.710352 0.709327 0.704794
    8     0.729715 0.726465 0.726024 0.726044 0.716993 0.713664 0.713003
    9     0.732942 0.730774********* 0.727928********* 0.690502 1.166190
   10     0.711458 0.713689 0.719045 0.701705 0.707008 0.700557 0.702802
   11     0.712476 0.711589 0.710359 0.704318 0.696484 0.693466 0.693861
   12     0.705592 0.706228 0.718111 0.704211 0.698287 0.699073 0.686344
   13     0.723150 0.720813 0.719858 0.712312 0.709017 0.707036 0.706286
   14     0.724278 0.722062 0.720129 0.713617 0.708841 0.704589 0.704500
   15     0.730081 0.726732 0.726520 0.718822 0.713686 0.710573 0.703981
   16     0.732284 0.728236 0.732599 0.720482 0.722508 0.716738 0.750908
   17    ********* 0.730295 0.728740 0.726323 0.714567 0.717675 0.714423
   18     0.732289********* 0.733389 0.727451 0.719980 0.719157 0.712319
   19     0.731524 0.735057 0.735842 0.722470 0.724274 0.718604 0.723226
   20     0.716121 0.714421 0.716311 0.706485 0.700996 0.698992 0.694764
   21     0.709632 0.707494 0.711465 0.702071 0.695844 0.695929 0.692434
   22     0.696292 0.712690 0.727690 0.693248 0.687313 0.707402 0.702536
   23     0.714109 0.717092 0.720779 0.714384 0.710103 0.700849 0.705859
   24     0.723838 0.721467 0.727639 0.716632 0.707862 0.708125 0.705833
   25     0.723459 0.733306 0.732936 0.718781 0.717891 0.719679 0.716351
   26     0.721839 0.726202 0.734862 0.722348 0.716442 0.705308 0.725599
   27     0.727928 0.722587 0.735965 0.716474 0.719556 0.710871 0.717046
   28     0.716498 0.729200 0.732306 0.721707 0.713981 0.712614 0.719332
   29     0.720279 0.727660 0.733321 0.717825 0.718480 0.715005 0.722511
   30     0.713183 0.714775 0.723627 0.713091 0.710561 0.699592 0.707258
   31     0.715955 0.713115 0.729094 0.707827 0.706638 0.705651 0.701236
   32     0.639590 0.685049 0.199883 0.713437 0.690395 0.366495 0.978150
   33     0.709430 0.714780 0.733383 0.705229 0.705209 0.703845 0.705415
   34     0.718127 0.724798 0.734692 0.719139 0.720839 0.714657 0.722176
   35     0.724220 0.722488 0.731664 0.714000 0.722550 0.718299 0.717469
   36     0.722665 0.726479 0.732205 0.719326 0.711945 0.705239 0.722294
   37     0.725152 0.723652 0.730281 0.721479 0.709930 0.718974 0.721490
   38     0.719915 0.724493 0.724604 0.717689 0.717072 0.706624 0.713288
   39     0.725216 0.725003 0.728486 0.712461 0.716044 0.711022 0.716061
   40     0.712940 0.720886 0.737962 0.726185 0.718696 0.711102 0.710777
   41     0.704681 0.707308 0.721292 0.710169 0.715876 0.708630 0.719756
   42     0.700957 0.712882 0.726851 0.707314 0.712966 0.707970 0.718005
   43     0.714416 0.726782 0.720521 0.717436 0.709646 0.711120 0.714040
   44     0.712660 0.722296 0.728722 0.719337 0.717335 0.711873 0.729815
   45     0.726518 0.723933 0.733602 0.720785 0.709131 0.714974 0.708858
   46     0.718817 0.728013 0.731822 0.734732 0.718002 0.711471 0.715857
   47     0.731016 0.726258 0.731134 0.728312 0.718198 0.711654 0.713370
   48     0.727356 0.731963 0.736640 0.725614 0.719212 0.713666 0.716306
   49     0.728144 0.732539 0.737582 0.721457 0.719031 0.710704 0.721318
   50     0.715021 0.725810 0.735245 0.724388 0.716297 0.705967 0.714943
   51     0.700041 0.711744 0.731727 0.718340 0.706278 0.701686 0.703639
   52     0.697228 0.700743 0.728398 0.696663 0.699479 0.695586 0.702374
   53     0.708567 0.721726 0.736998 0.712191 0.712936 0.708110 0.702645
   54     0.720634 0.724764 0.736929 0.718532 0.720374 0.719245 0.714486
   55     0.727443 0.731740 0.732914 0.724138 0.718007 0.714696 0.709211
   56     0.719051 0.722034 0.730462 0.718947 0.716544 0.716379 0.706207
   57     0.716253 0.721614 0.732234 0.719897 0.713665 0.715785 0.708769
   58     0.718089 0.722401 0.729508 0.724303 0.710017 0.706087 0.712000
   59     0.721395 0.726036 0.733294 0.720751 0.716817 0.711827 0.714145
   60     0.715754 0.726958 0.731787 0.719532 0.711931 0.708294 0.712282
   61     0.711110 0.708678 0.715929 0.707319 0.699375 0.701954 0.693411
   62     0.702088 0.709060 0.711936 0.697595 0.698352 0.691470 0.689422
   63     0.720920 0.718361 0.720023 0.714947 0.713128 0.707418 0.701831
   64     0.721096 0.729124 0.728822 0.716636 0.713007 0.711292 0.708871
   65     0.725466 0.730894 0.731184 0.720777 0.719607 0.712753 0.713396
   66     0.734536 0.732559 0.734487 0.722809 0.721529 0.718225 0.716488
   67     0.735320 0.731565 0.732314 0.723396 0.720711 0.716160 0.717572
   68     0.735241 0.733570 0.732752 0.726198 0.721599 0.716400 0.716461
   69     0.735653 0.730503 0.729357 0.723707 0.719768 0.716008 0.714654
   70     0.722731 0.720464 0.719716 0.714009 0.708261 0.706445 0.702630
   71     0.714907 0.713130 0.713233 0.704914 0.701158 0.698963 0.693759
   72     0.708045 0.708558 0.707344 0.701881 0.693827 0.693622 0.685836
   73     0.719844 0.721444 0.722541 0.714424 0.708547 0.704976 0.704278
   74     0.728178 0.727462 0.724432 0.721243 0.714380 0.711885 0.706040
   75     0.738648 0.736383 0.733806 0.729477 0.723699 0.720826 0.717379
   76     0.738102 0.735416 0.733081 0.727888 0.722080 0.718707 0.715718
   77     0.738726 0.735239 0.732249 0.727120 0.722466 0.720148 0.718880
   78     0.736766 0.735604 0.731397 0.727589 0.721088 0.718595 0.715229
   79     0.738264 0.735444 0.731765 0.726460 0.724594 0.720636 0.717479
   80     0.727999 0.723199 0.723043 0.718411 0.715006 0.708944 0.707083
   81     0.715039 0.717308 0.715996 0.707260 0.701435 0.698785 0.698279
   82     0.712491 0.707684 0.709770 0.701733 0.696343 0.692693 0.694879
   83     0.696669 0.716070 0.739497 0.716716 0.708644 0.722849 0.711278
   84     0.731018 0.730360 0.729093 0.723440 0.719541 0.714628 0.713990
   85     0.737612 0.734693 0.732269 0.726894 0.724393 0.719100 0.715610
   86     0.736557 0.735612 0.733108 0.725856 0.721889 0.719267 0.713999
   87     0.735207 0.734943 0.732794 0.727722 0.721423 0.718337 0.716216
   88     0.735434 0.734384 0.732926 0.723849 0.722272 0.717516 0.713528
   89     0.735165 0.731630 0.732019 0.725803 0.719640 0.718749 0.714718
   90     0.726877 0.723904 0.726946 0.717128 0.716585 0.713194 0.706345
   91     0.710710 0.721197 0.723846 0.707380 0.705603 0.705988 0.700926
   92     0.713152 0.714636 0.717758 0.703818 0.698081 0.696721 0.699160
   93     0.570082 0.276642 0.182027 0.399807 0.751981 1.463143 0.666634
   94     0.726676 0.730071 0.733584 0.721201 0.713567 0.708714 0.712549
   95     0.729286 0.734792 0.734730 0.725341 0.721429 0.714811 0.713811
   96     0.732619 0.730388 0.730675 0.723775 0.718509 0.714059 0.714613
   97     0.733996 0.732349 0.732629 0.722966 0.718274 0.717504 0.716693
   98     0.733616 0.730188 0.728935 0.727074 0.719180 0.716526 0.716160
   99     0.734936 0.733917 0.730257 0.725134 0.724351 0.717807 0.717297
  100     0.723872 0.729597 0.722594 0.718678 0.714557 0.710220 0.709663
  101     0.715959 0.713748 0.717917 0.713841 0.706815 0.706101 0.704314
  102     0.715108 0.714214 0.709274 0.708644 0.702094 0.695170 0.692291
  103     0.655725 0.711988 0.737516 0.740839 0.675976 0.717386 0.676787
  104     0.732311 0.730520 0.729568 0.722158 0.720832 0.713319 0.716268
  105     0.736709 0.736456 0.732602 0.728384 0.724386 0.716842 0.718548
  106     0.731155 0.736223 0.732642 0.726254 0.720118 0.716938 0.718481
  107     0.728599 0.733607 0.734836 0.729266 0.718424 0.717238 0.713199
  108     0.729417 0.730699 0.737266 0.726784 0.720164 0.716239 0.712520
  109     0.737756 0.730071 0.732318 0.724617 0.724053 0.723226 0.717385
  110     0.725469 0.724410 0.725309 0.717683 0.713955 0.711131 0.705975
  111     0.724238 0.713418 0.720393 0.708617 0.705724 0.694729 0.701500
  112     0.720029 0.717057 0.720095 0.709703 0.703944 0.702040 0.701724
  113     0.725360 0.687875 0.760296 0.738042 0.730786 0.700238 0.735007
  114     0.732764 0.732362 0.736897 0.719419 0.716285 0.715669 0.712594
  115     0.727446 0.734341 0.739694 0.731357 0.732158 0.719244 0.718015
  116     0.718894 0.732936 0.751158 0.731903 0.721397 0.725289 0.711486
  117     0.707250 0.724965 0.729909 0.728275 0.728313 0.717453 0.725768
  118     0.697996 0.725425 0.737380 0.717357 0.724639 0.715922 0.729074
  119     0.697488 0.710699 0.749755 0.731118 0.724031 0.714539 0.743991
  120     0.721854 0.723383 0.727440 0.718067 0.710115 0.707836 0.706577
  121     0.710517 0.720364 0.728274 0.711598 0.700653 0.710047 0.720944
  122     0.692053 0.720288 0.739656 0.722072 0.705552 0.715276 0.705512
  123     0.701535 0.703315 0.735282 0.717323 0.697943 0.728106 0.760405
  124     0.703018 0.721297 0.729932 0.725121 0.714611 0.712573 0.802132
  125     0.685447 0.725455 0.761950 0.762394 0.728422 0.731854 0.792059
  126     0.661280 0.722588 0.801959 0.742566 0.736105 0.735887 0.811369
  127     0.651371 0.712439 0.754722 0.730140 0.740570 0.725380 0.718634
  128     0.687682 0.714954 0.775429 0.741316 0.723166 0.711406 0.733813
  129     0.635468 0.722759 0.742466 0.743207 0.715262 0.700160 0.683785
  130     0.689300 0.734456 0.753772 0.736380 0.717890 0.722991 0.765801
  131     0.676587 0.694826 0.734861 0.742150 0.741683 0.699863 0.954168
  132     0.674090 0.705770 0.797089 0.718933 0.727716 0.717421 0.758727
  133     0.682145 0.699928 0.833204 0.718000 0.715574 0.729635 0.783839
  134     0.678559 0.720553 0.742061 0.711334 0.730368 0.733505 0.973254
  135     0.639951 0.758406 0.708673 0.722375 0.741852 0.173381 0.853286
  136     0.703928 0.706562 0.737011 0.734614 0.741987 0.724149 0.734375
  137     0.694932 0.720660 0.749948 0.746874 0.716400 0.728612 0.763719
  138     0.702189 0.742196 0.748559 0.732338 0.714187 0.742846 0.952760
  139     0.698418 0.710410 0.329050 0.755045 0.731496 0.709119 0.819654
  140     0.700207 0.715748 0.771064 0.726339 0.742022 0.742590 0.757816
  141     0.714785 0.708085 0.720456 0.721406 0.703848 0.710161 0.723656
  142     0.723835 0.700054 0.741074 0.719227 0.723566 0.701052 0.720272
  143     0.707102 0.725188 0.737896 0.750667 0.705629 0.737393 0.734307
  144     0.692111 0.685987 0.079859 0.789154 0.715258 0.724345 0.827089
  145     0.639929 0.272805 0.169464 0.731362 0.181853 0.312350*********
  146     0.737870 0.724351 0.732030 0.745962 0.729458 0.746602 0.775560
  147     0.725890 0.713138 0.747194 0.722251 0.730127 0.730839 0.780584
  148     0.719616 0.723689 0.737345 0.737429 0.709674 0.731217 0.772627
  149     0.720858 0.722728 0.745774 0.730224 0.727742 0.722792 0.757269
  150     0.716731 0.725969 0.753702 0.723496 0.718876 0.707659 0.722477
  151     0.729147 0.719794 0.716614 0.718003 0.705336 0.712895 0.706396
  152     0.719244 0.722486 0.719624 0.710775 0.700747 0.701582 0.711438
  153     0.741295 0.718060 0.720203 0.728136 0.713668 0.721937 0.754769
  154     0.721877 0.707866 0.752524 0.734212 0.755932 0.730736 0.776792
  155     0.488466 0.238594 0.195811 0.401953 0.229731 0.247074 0.951300
  156     0.730591 0.729676 0.730990 0.727809 0.717308 0.719198 0.720630
  157     0.715529 0.730788 0.746851 0.738606 0.733237 0.739241 0.730244
  158     0.723162 0.714405 0.750994 0.729021 0.720162 0.724593 0.748303
  159     0.717930 0.726797 0.751361 0.736512 0.723665 0.716526 0.736028
  160     0.726141 0.723867 0.732285 0.721740 0.723677 0.726549 0.718788
  161     0.724090 0.708484 0.720032 0.717086 0.704407 0.708558 0.716457
  162     0.730377 0.716177 0.737840 0.698205 0.708577 0.713429 0.705142
  163     0.732747 0.715022 0.735173 0.718915 0.737850 0.734365 0.714731
  164     0.716772 0.721549 0.765198 0.737677 0.714806 0.708969 0.754189
  165     0.625295 0.251179 0.165891 0.391860 0.199978 0.251247 0.413552
  166     0.719896 0.731470 0.744954 0.728919 0.719242 0.722292 0.744710
  167     0.735816 0.729440 0.752285 0.734599 0.706395 0.718728 0.744184
  168     0.734777 0.738916 0.735890 0.728713 0.713710 0.735605 0.750712
  169     0.734029 0.727742 0.742947 0.727317 0.725226 0.727247 0.733890
  170     0.734271 0.721808 0.725658 0.716428 0.719407 0.724984 0.713445
  171     0.728791 0.718383 0.726904 0.735051 0.728820 0.713216 0.730784
  172     0.716382 0.709757 0.713842 0.705635 0.714998 0.689544 0.706037
  173     0.733483 0.742642 0.736280 0.741935 0.714716 0.742002 0.747423
  174     0.720620 0.718976 0.762873 0.741241 0.729010 0.719761 0.745208
  175     0.634700 0.263077 0.239797 0.219570 0.229121 0.147956 1.002369
  176     0.719977 0.722688 0.743256 0.728236 0.741123 0.738536 0.755411
  177     0.734107 0.743980 0.752913 0.741831 0.739300 0.708561 0.843439
  178     0.720775 0.744463 0.770505 0.728312 0.725792 0.712985 0.753418
  179     0.718132 0.745528 0.748108 0.714112 0.736230 0.733401 0.723017
  180     0.737325 0.727414 0.751599 0.728511 0.722271 0.715383 0.723707
  181     0.729860 0.739546 0.714416 0.720335 0.717103 0.712706 0.734092
  182     0.717495 0.713628 0.733241 0.724596 0.711160 0.690339 0.716031
  183     0.752492 0.718266 0.717728 0.734847 0.731353 0.744025 0.770486
  184     0.743416 0.726465 0.763004 0.725012 0.747022 0.747592 0.776540
  185     0.697258 0.704479 0.136860 0.999957 0.738347 0.242361 1.218812
  186     0.744086 0.720480 0.765314 0.763159 0.723298 0.738878 0.745661
  187     0.742284 0.694854 0.737927 0.734451 0.723127 0.738281 0.796213
  188     0.714349 0.716133 0.770721 0.728241 0.732107 0.734651 0.780957
  189     0.753216 0.727862 0.746611 0.720719 0.735620 0.735369 0.792513
  190     0.741407 0.718439 0.725858 0.743474 0.716948 0.722736 0.716489
  191     0.716718 0.719331 0.722054 0.714945 0.703219 0.721035 0.706687
  192     0.723212 0.741291 0.741699 0.716564 0.718581 0.700008 0.721825
  193     0.717597 0.749858 0.722807 0.736837 0.713833 0.706079 0.768785
  194     0.737233 0.725861 0.752057 0.729763 0.711305 0.721540 0.725695
  195     0.725739 0.728843 0.778513 0.748213 0.761475 0.712469 0.976914
  196     0.734997 0.747564 0.741918 0.740711 0.717190 0.738186 0.765294
  197     0.772127 0.723523 0.750850 0.731339 0.723718 0.725686 0.757124
  198     0.759418 0.732373 0.749347 0.727957 0.734873 0.736844 0.737793
  199     0.759635 0.742156 0.746046 0.728902 0.737735 0.723190 0.730754
  200     0.749754 0.732794 0.722878 0.710439 0.715322 0.725318 0.742496
  201     0.741633 0.718256 0.731943 0.726721 0.718241 0.707494 0.728604
  202     0.740797 0.719737 0.736391 0.727304 0.724382 0.717388 0.711022
  203     0.732198 0.725885 0.734011 0.734790 0.716930 0.725586 0.732850
  204     0.750806 0.728270 0.747000 0.749673 0.733122 0.730398 0.717874
  205     0.755176 0.744826 0.740777 0.731943 0.723613 0.710655 0.719638
  206     0.741481 0.724687 0.741246 0.727703 0.729931 0.720158 0.720850
  207     0.742108 0.737998 0.738317 0.721106 0.715851 0.714356 0.722233
  208     0.747116 0.740889 0.728530 0.724226 0.725667 0.727856 0.722938
  209     0.750483 0.734923 0.737276 0.726847 0.725236 0.723984 0.720403
  210     0.739063 0.732106 0.729072 0.726277 0.721157 0.715461 0.714437
  211     0.735503 0.730684 0.729705 0.724779 0.717770 0.714548 0.713577
