   1.658   0.056  18.800
   1.677   0.064  19.333
   1.667   0.065  19.883
   1.660   0.032  20.417
   1.661   0.033  20.967
   1.684   0.023  21.500
   1.697   0.053  22.033
   1.668   0.025  22.583
   1.649   0.034  23.117
   1.664   0.036  23.667
   1.661   0.047  24.200
   1.658   0.031  24.733
   1.700   0.023  25.283
   1.670   0.046  25.817
   1.660   0.067  26.367
   1.688   0.049  26.900
   1.673   0.053  27.433
   1.675   0.067  27.983
   1.673   0.100  28.517
   1.665   0.082  29.067
   1.688   0.071  29.600
   1.674   0.089  29.717
   1.671   0.052
