MRH 20150605
    24.11    70.60   117.05   163.54   209.97   256.43   302.89
    46.49    46.45    46.49    46.44    46.45    46.47    46.47
     0.85580254     0.57886279     0.37399843     0.22689684     0.12632611     0.06367093     0.02587875     0.00704694    -0.00296087    -0.00661330    -0.00641442    -0.00542534    -0.00513464    -0.00385671    -0.00305118    -0.00082693    -0.00016846    -0.00062469
    -0.02271410    -0.02950546    -0.03683040    -0.04309135    -0.04418954    -0.04182886    -0.03530170    -0.02909509    -0.02323956    -0.01512633    -0.00930516    -0.00569199    -0.00395726    -0.00177718    -0.00104266     0.00048504    -0.00010778     0.00034395
     1.00000000     0.67655790     0.43894878     0.26960352     0.15647936     0.08902375     0.05120846     0.03510841     0.02739157     0.01963395     0.01321966     0.00969878     0.00789366     0.00593742     0.00457736     0.00283141     0.00268503     0.00353393
     0.84869182     0.55932254     0.34189814     0.19945426     0.10163067     0.05041615     0.02040973     0.00926091     0.00185000     0.00083721     0.00063601     0.00069838    -0.00001224    -0.00167978    -0.00046251    -0.00335365    -0.00102258    -0.00195182
     0.04531748     0.03831566     0.03004300     0.00821289    -0.00763880    -0.01570361    -0.02089508    -0.01722914    -0.01502691    -0.00829712    -0.00798033    -0.00318611    -0.00247405    -0.00181402    -0.00156897    -0.00168570    -0.00140565    -0.00062591
     1.00000000     0.65797365     0.40403247     0.23390901     0.12048852     0.06173610     0.03495799     0.02388318     0.01868344     0.01160608     0.01029307     0.00684472     0.00479556     0.00465823     0.00450959     0.00537967     0.00492706     0.00450960
     0.84028041     0.53098488     0.30508572     0.16567662     0.08169071     0.04028258     0.01841069     0.00705340     0.00209729    -0.00100412    -0.00297726    -0.00356487    -0.00358838    -0.00490175    -0.00491362    -0.00425473    -0.00134746    -0.00306819
     0.09278115     0.10789195     0.08326383     0.04391269     0.01283081    -0.00901543    -0.01460341    -0.01626822    -0.01165017    -0.00967085    -0.00374500    -0.00243449     0.00089350     0.00210389     0.00240552     0.00474145     0.00353955     0.00406723
     1.00000000     0.64073390     0.37399641     0.20272280     0.09815443     0.04920252     0.02854424     0.02172086     0.01495560     0.01231051     0.00811735     0.00683653     0.00663942     0.00720560     0.00827761     0.00858442     0.00633899     0.00709395
     0.83091253     0.51641494     0.29251096     0.14111273     0.05573196     0.01642688    -0.00537561    -0.00855284    -0.00657974    -0.00774587    -0.00682377    -0.00309334    -0.00207346    -0.00123026     0.00291183     0.00084052     0.00183675     0.00159401
     0.02359780     0.02864223     0.00937581    -0.00618587    -0.01500893    -0.01906710    -0.01997264    -0.01196620    -0.00980187    -0.00674721    -0.00163734    -0.00098852    -0.00218672     0.00240620    -0.00036372    -0.00035760     0.00148220    -0.00066656
     1.00000000     0.62216312     0.35220695     0.17016408     0.06995975     0.03215532     0.02595215     0.01985046     0.01677565     0.01332361     0.01160609     0.00980229     0.00735119     0.00674756     0.00624201     0.00707036     0.00736749     0.00622992
     0.81506711     0.48872072     0.26134276     0.11965619     0.04438974     0.01107782    -0.00017221    -0.00262310    -0.00222425    -0.00089344    -0.00132249    -0.00035951    -0.00026462    -0.00141660    -0.00122557    -0.00208601    -0.00057969     0.00148531
     0.07374869     0.08410601     0.05740033     0.02131970    -0.00172575    -0.01283561    -0.01576325    -0.01232900    -0.00781675    -0.00285736    -0.00154061     0.00317022     0.00386646     0.00513160     0.00781253     0.00738968     0.00321454    -0.00041610
     1.00000000     0.60592532     0.32695162     0.14860320     0.05436527     0.02107231     0.01966288     0.01607414     0.01082310     0.00613044     0.00410663     0.00508262     0.00619409     0.00759505     0.01043290     0.00977010     0.00548162     0.00436610
     0.81751794     0.47960326     0.24261180     0.09775531     0.02258184    -0.00530985    -0.01165714    -0.00865884    -0.00382868     0.00056702     0.00283070     0.00301154     0.00109832     0.00128421     0.00022980    -0.00021890    -0.00052904    -0.00014136
     0.01103688     0.01068596    -0.00553776    -0.01168272    -0.01604463    -0.01250021    -0.01013600    -0.00442666    -0.00141389     0.00159594     0.00144865     0.00240026     0.00332851     0.00304828     0.00113697     0.00088454     0.00061066     0.00372928
     1.00000000     0.58668667     0.29691073     0.12060335     0.03439696     0.01700356     0.01922244     0.01256378     0.00640679     0.00588431     0.00728412     0.00758756     0.00594906     0.00534106     0.00451692     0.00442143     0.00444693     0.00597850
     0.81569064     0.46133104     0.21885273     0.08252768     0.01649195    -0.00516526    -0.00771428    -0.00429664    -0.00272786    -0.00154454    -0.00379857    -0.00327141    -0.00600989    -0.00490856    -0.00378416    -0.00090089    -0.00093310    -0.00092200
     0.06159127     0.06671555     0.04023838     0.01505223    -0.00507907    -0.01154719    -0.01259183    -0.00770327    -0.00473064    -0.00156483    -0.00312013     0.00000214    -0.00110767    -0.00049948    -0.00189025    -0.00311274    -0.00471471    -0.00881259
     1.00000000     0.56994790     0.27226630     0.10285085     0.02145975     0.01592357     0.01842077     0.01139590     0.00719065     0.00452774     0.00726053     0.00536158     0.00810667     0.00666782     0.00652995     0.00535558     0.00768521     0.01224043
   1.671   0.052  400    2    0    0    0  0.000 18.000
