                 MRH
    5    6 2015
    18.4388      21.65       4.00     984.76      22.20    1126.08      10.16  102.6   -0.0  630.0  180.0
    18.9786      19.16      12.66     887.94      68.66     331.63      10.39  102.6   -0.0  630.0  180.0
    19.5179       1.94      25.36     586.82     108.04     183.99      10.88  102.6   -0.0  630.0  180.0
    20.0575      54.93       9.25     354.68      29.40     185.70       3.61  102.6   -0.0  630.0  180.0
    20.5977     -11.51      32.76     650.30     147.85     172.70      13.77  102.6   -0.0  630.0  180.0
    21.1376       2.09      40.74     527.22     173.21     140.88      14.02  102.6   -0.0  630.0  180.0
    21.6777       1.06      32.55     661.95     148.77     206.19      16.36  102.6   -0.0  630.0  180.0
    22.2175       7.34      11.49     794.75      57.73     432.60      11.95  102.6   -0.0  630.0  180.0
    22.7575       5.17       8.91     821.73      45.74     875.76      18.97  102.6   -0.0  630.0  180.0
    23.2975       4.34       3.38     844.76      16.36    1302.44       9.32  102.6   -0.0  630.0  180.0
    23.8379      11.76       5.75     808.19      28.87    1289.75      17.54  102.6   -0.0  630.0  180.0
    24.3780      12.06       7.67     782.54      38.00     936.16      17.15  102.6   -0.0  630.0  180.0
    24.9181      23.43      14.63     734.30      70.15     609.78      21.58  102.6   -0.0  630.0  180.0
    25.4581     -15.45      22.33     627.16      98.83     470.25      25.17  102.6   -0.0  630.0  180.0
    25.9982     -35.27      26.35     720.44     125.43     414.48      26.55  102.6   -0.0  630.0  180.0
    26.5379     -23.41      34.22     497.43     138.23     304.73      25.35  102.6   -0.0  630.0  180.0
    27.0780      -1.08      47.69     670.53     222.50     185.59      21.51  102.6   -0.0  630.0  180.0
    27.6179       5.89      89.61     506.96     348.88     113.65      23.74  102.6   -0.0  630.0  180.0
    28.1576      92.16      76.61     516.42     903.34      37.00      12.46  102.6   -0.0  630.0  180.0
    28.6979    -111.99      44.68        NaN        NaN      30.10      11.07  102.6   -0.0  630.0  180.0
    29.2375     -51.13      87.73     585.19     454.23      71.72      14.21  102.6   -0.0  630.0  180.0
    18.3331      16.90       9.66     941.91      54.89    1011.92      24.88   12.8  -50.2  630.0  180.0
    18.8197      17.97      13.32     880.45      71.94     351.26      11.65   12.8  -50.2  630.0  180.0
    19.3594      40.69      25.90     587.32     108.65     167.32      10.12   12.8  -50.2  630.0  180.0
    19.8987      41.15      12.00     796.07      60.42     494.02      14.35   12.8  -50.2  630.0  180.0
    20.4388      19.66      13.00     662.16      58.27     364.04      11.10   12.8  -50.2  630.0  180.0
    20.9788      23.14      12.15     813.48      61.97     498.81      14.72   12.8  -50.2  630.0  180.0
    21.5187      30.96      12.87     785.70      64.12     564.63      17.58   12.8  -50.2  630.0  180.0
    22.0588      -2.44      10.94     818.33      56.38     751.85      20.27   12.8  -50.2  630.0  180.0
    22.5988     -10.64       3.70     804.33      17.90    1275.93      10.32   12.8  -50.2  630.0  180.0
    23.1387     -12.45       5.87     798.18      29.47    1484.29      20.90   12.8  -50.2  630.0  180.0
    23.6789     -23.24       6.58     765.39      32.28    1310.24      20.66   12.8  -50.2  630.0  180.0
    24.2192     -19.82       7.42     752.74      36.06    1160.44      20.61   12.8  -50.2  630.0  180.0
    24.7592     -27.70       9.75     788.18      49.21     848.96      20.21   12.8  -50.2  630.0  180.0
    25.2995     -41.64      12.45     759.16      61.33     609.64      18.60   12.8  -50.2  630.0  180.0
    25.8394     -51.77      23.15     692.55     110.03     406.94      23.27   12.8  -50.2  630.0  180.0
    26.3794     -29.68      28.70     736.19     145.46     349.76      25.18   12.8  -50.2  630.0  180.0
    26.9193     -34.38      42.09     601.14     186.22     172.77      18.03   12.8  -50.2  630.0  180.0
    27.4590     -48.87      71.14     369.69     296.45      82.45      13.57   12.8  -50.2  630.0  180.0
    27.9990    -142.73     125.35     692.00    2059.00      18.88       9.06   12.8  -50.2  630.0  180.0
    28.5389      46.20     440.49     157.99    2726.89       5.31       7.70   12.8  -50.2  630.0  180.0
    29.0790     232.13      84.48    1253.00    3509.00      31.55      13.46   12.8  -50.2  630.0  180.0
    29.6189      -0.27      20.75     715.20      99.43     467.63      23.79   12.8  -50.2  630.0  180.0
    18.3861      16.14      10.70     994.44      63.80     843.57      23.45  102.6   50.2  630.0  180.0
    18.9259      32.23       8.87     741.76      41.92     324.65       6.76  102.6   50.2  630.0  180.0
    19.4653      16.91      15.00     695.47      74.47     168.92       6.69  102.6   50.2  630.0  180.0
    20.0049      67.00      18.96     661.23      84.35     270.15      11.99  102.6   50.2  630.0  180.0
    20.5450      72.31      11.87     639.30      51.45     264.83       7.20  102.6   50.2  630.0  180.0
    21.0849     108.80      17.50     658.96      76.95     260.45      10.48  102.6   50.2  630.0  180.0
    21.6248      48.37      22.72     678.14     104.63     259.71      14.27  102.6   50.2  630.0  180.0
    22.1648      63.64      20.39     676.35      92.38     418.25      20.08  102.6   50.2  630.0  180.0
    22.7049      59.06      14.69     653.74      65.57     801.20      27.92  102.6   50.2  630.0  180.0
    23.2447      53.12      22.95     568.87      98.52     864.46      48.94  102.6   50.2  630.0  180.0
    23.7850     121.13      33.93     298.93     136.14     614.69      49.21  102.6   50.2  630.0  180.0
    24.3254     204.20      12.93     383.35     132.78     489.39      30.36  102.6   50.2  630.0  180.0
    24.8654      63.16      27.27     518.58     108.60     501.22      32.08  102.6   50.2  630.0  180.0
    25.4055      30.22      22.22     633.79      97.99     464.50      24.62  102.6   50.2  630.0  180.0
    25.9456      -2.80      32.42     664.81     148.48     318.76      25.15  102.6   50.2  630.0  180.0
    26.4853      -6.86      35.29     692.49     170.40     278.96      24.68  102.6   50.2  630.0  180.0
    27.0253     -17.20      54.01     391.69     225.14     134.09      18.69  102.6   50.2  630.0  180.0
    27.5650      48.08     121.82     279.04     386.58      62.85      17.58  102.6   50.2  630.0  180.0
    28.1048      42.79     211.88     763.36    1404.56      35.73      16.65  102.6   50.2  630.0  180.0
    28.6450      10.83     227.69     640.00    2249.00      20.32       9.97  102.6   50.2  630.0  180.0
    29.1849      76.76     136.92     357.14     492.72      41.45      12.97  102.6   50.2  630.0  180.0
    18.4916      13.80       9.07     994.78      53.79     768.66      17.85   44.9  -45.0  630.0  180.0
    19.0315      21.28      18.32     767.34      90.65     286.65      12.71   44.9  -45.0  630.0  180.0
    19.5707     -36.43      40.35     690.41     191.51     156.07      15.86   44.9  -45.0  630.0  180.0
    20.1104       7.29       9.96     684.67      45.58     331.33       7.64   44.9  -45.0  630.0  180.0
    20.6505      12.44       6.88     582.83      26.90     253.98       3.58   44.9  -45.0  630.0  180.0
    21.1903     -61.73       1.68     705.27      19.00     198.55       1.87   44.9  -45.0  630.0  180.0
    21.7304     -36.84       6.36     749.08      29.92     479.45       6.84   44.9  -45.0  630.0  180.0
    22.2705     -36.13      11.57     833.54      60.68     718.51      20.72   44.9  -45.0  630.0  180.0
    22.8104     -34.51       5.84     850.76      30.63    1315.69      18.65   44.9  -45.0  630.0  180.0
    23.3505     -46.14       5.83     791.68      29.19    1492.10      20.82   44.9  -45.0  630.0  180.0
    23.8907     -40.50       6.42     797.74      32.47    1344.28      20.88   44.9  -45.0  630.0  180.0
    24.4309     -47.12       8.07     766.74      39.97    1044.08      20.42   44.9  -45.0  630.0  180.0
    24.9710     -47.27      11.62     771.92      57.96     708.76      20.21   44.9  -45.0  630.0  180.0
    25.5110     -57.11      10.41     803.59      53.04     577.61      14.75   44.9  -45.0  630.0  180.0
    26.0510     -29.27      26.23     668.84     122.29     340.33      21.89   44.9  -45.0  630.0  180.0
    26.5908     -24.21      33.81     640.68     153.42     272.44      22.91   44.9  -45.0  630.0  180.0
    27.1308     -22.20      59.38     440.05     221.38     132.51      18.07   44.9  -45.0  630.0  180.0
    27.6706      -3.34      98.76     260.18     438.91      63.93      15.03   44.9  -45.0  630.0  180.0
    28.2104     105.80     365.45     556.00    2219.00      26.32      15.91   44.9  -45.0  630.0  180.0
    28.7506     233.49      43.79     303.73     744.48      18.23      10.02   44.9  -45.0  630.0  180.0
    29.2905     -74.75      82.92     564.65     427.40      80.93      17.12   44.9  -45.0  630.0  180.0
    18.5442      19.04      11.07     854.05      58.53     653.92      17.82   89.9  -45.0  630.0  180.0
    19.0840       0.54      27.58     773.63     137.02     240.85      16.34   89.9  -45.0  630.0  180.0
    19.6233      11.67      12.46     529.53      52.22     181.07       5.73   89.9  -45.0  630.0  180.0
    20.1630     -27.63      27.11     637.93     121.89     212.76      13.97   89.9  -45.0  630.0  180.0
    20.7032     -74.19      27.44     793.09     142.22     204.64      14.22   89.9  -45.0  630.0  180.0
    21.2432     -82.95      24.70     605.22     108.31     208.49      12.41   89.9  -45.0  630.0  180.0
    21.7831     -85.67      23.73     779.03     120.24     297.70      17.63   89.9  -45.0  630.0  180.0
    22.3231     -84.22      11.97     737.69      57.98     574.15      16.67   89.9  -45.0  630.0  180.0
    22.8630     -67.61       6.67     831.41      34.80    1156.90      18.91   89.9  -45.0  630.0  180.0
    23.4033     -57.90       2.93     820.09      13.98    1725.93      10.73   89.9  -45.0  630.0  180.0
    23.9435     -54.88       2.70     827.79      11.93    1656.10       7.52   89.9  -45.0  630.0  180.0
    24.4835     -56.13       5.68     822.87      29.15    1159.18      15.75   89.9  -45.0  630.0  180.0
    25.0237     -51.82       9.55     807.90      48.95     788.13      18.51   89.9  -45.0  630.0  180.0
    25.5637     -39.79      17.97     758.19      89.30     474.61      20.97   89.9  -45.0  630.0  180.0
    26.1037     -38.35      24.87     782.44     126.75     325.44      20.20   89.9  -45.0  630.0  180.0
    26.6435      12.34      35.14     601.54     153.86     256.82      21.87   89.9  -45.0  630.0  180.0
    27.1837       0.14      67.79     463.42     268.07     121.12      20.07   89.9  -45.0  630.0  180.0
    27.7233      -3.21     115.85     214.30     350.82      61.56      18.30   89.9  -45.0  630.0  180.0
    28.2632     -41.47      47.58     406.23    1147.72      25.74       8.67   89.9  -45.0  630.0  180.0
    28.8034     -11.04     251.49    1200.00    4556.00      22.72       8.60   89.9  -45.0  630.0  180.0
    29.3431     -75.83      50.41     280.18     363.04      71.63      13.15   89.9  -45.0  630.0  180.0
    18.5969      20.39       2.16     644.08      10.43     480.78       2.50  135.0  -45.0  630.0  180.0
    18.6492      15.61      11.13     949.80      63.70     569.60      16.15  135.0  -45.0  630.0  180.0
    18.7015      17.70      15.85     857.49      84.86     430.35      17.08  135.0  -45.0  630.0  180.0
    18.7538      13.30       1.90     812.23      15.66     336.07       2.70  135.0  -45.0  630.0  180.0
    19.1369      21.34      10.73     721.75      54.22     211.94       6.19  135.0  -45.0  630.0  180.0
    19.1891      33.82      22.76     785.32     113.77     209.31      11.57  135.0  -45.0  630.0  180.0
    19.2414      20.04      31.29     663.41     148.74     184.37      14.25  135.0  -45.0  630.0  180.0
    19.2936      -9.39      17.83     671.70      86.18     176.10       8.22  135.0  -45.0  630.0  180.0
    19.6760     -40.26      23.57     764.45     119.06     236.80      14.06  135.0  -45.0  630.0  180.0
    19.7283     -34.97      31.13     608.69     135.49     204.50      15.33  135.0  -45.0  630.0  180.0
    19.7806     -57.90      11.48     637.90      53.12     219.31       6.70  135.0  -45.0  630.0  180.0
    19.8329     -33.86      24.23     570.32     100.88     203.15      11.51  135.0  -45.0  630.0  180.0
    20.2157     -80.31      14.35     511.56      63.08     136.26       5.34  135.0  -45.0  630.0  180.0
    20.2681     -54.86      28.68     603.40     124.71     128.21       8.74  135.0  -45.0  630.0  180.0
    20.3206     -99.91      39.27     707.11     189.54     147.59      14.46  135.0  -45.0  630.0  180.0
    20.3730     -20.87      10.78     404.64      40.81      27.34       1.81  135.0  -45.0  630.0  180.0
    20.7559     -14.01      51.69     494.56     204.95     110.91      13.60  135.0  -45.0  630.0  180.0
    20.8083     -32.31      18.37     520.65      84.42     102.15       5.22  135.0  -45.0  630.0  180.0
    20.8607     -66.85      40.26     525.62     175.54     123.62      12.62  135.0  -45.0  630.0  180.0
    20.9133     -73.29      24.12     460.57      95.64     117.68       7.02  135.0  -45.0  630.0  180.0
    21.2957     -44.68      35.03     457.84     131.67     121.55       9.99  135.0  -45.0  630.0  180.0
    21.3481     -41.35      13.58     439.50      50.27     118.76       3.53  135.0  -45.0  630.0  180.0
    21.4006     -82.30      47.39     710.35     224.67     138.26      15.91  135.0  -45.0  630.0  180.0
    21.4530    -101.64      19.52     726.79     103.92     145.76       7.83  135.0  -45.0  630.0  180.0
    21.8358      -7.69       5.62    1024.00      95.00     213.96       7.79  135.0  -45.0  630.0  180.0
    21.8882     -76.88      32.53     622.18     146.39     187.85      14.84  135.0  -45.0  630.0  180.0
    21.9406     -94.68      28.06     760.08     141.21     217.58      15.34  135.0  -45.0  630.0  180.0
    21.9931     -67.18      19.76     816.19     104.79     231.26      11.55  135.0  -45.0  630.0  180.0
    22.3758     -63.15      15.80     770.36      79.12     435.80      17.00  135.0  -45.0  630.0  180.0
    22.4282     -70.05      15.74     846.72      84.75     493.35      19.88  135.0  -45.0  630.0  180.0
    22.4805     -65.57       6.94     871.16      36.85     566.98       9.30  135.0  -45.0  630.0  180.0
    22.5327     -64.26      13.53     827.18      71.27     578.34      19.68  135.0  -45.0  630.0  180.0
    22.9157     -46.89       5.58     798.68      27.76     969.21      12.62  135.0  -45.0  630.0  180.0
    22.9680     -54.69       6.12     877.29      32.84    1062.70      15.82  135.0  -45.0  630.0  180.0
    23.0203     -48.44       8.18     855.83      43.86    1018.27      20.83  135.0  -45.0  630.0  180.0
    23.0729     -42.08       4.21     810.54      20.86    1163.69      11.09  135.0  -45.0  630.0  180.0
    23.4560     -43.35       6.06     833.89      31.53    1394.87      20.69  135.0  -45.0  630.0  180.0
    23.5084     -37.58       3.38     773.31      15.99    1533.06      11.27  135.0  -45.0  630.0  180.0
    23.5608     -38.26       5.75     884.55      31.27    1483.44      20.97  135.0  -45.0  630.0  180.0
    23.6132     -42.86       2.28     749.15       9.57    1561.56       6.40  135.0  -45.0  630.0  180.0
    23.9963     -30.88       5.84     792.30      29.12    1440.54      20.24  135.0  -45.0  630.0  180.0
    24.0487     -28.66       4.43     833.30      22.66    1537.70      15.98  135.0  -45.0  630.0  180.0
    24.1011     -27.46       6.16     810.66      31.34    1358.93      20.22  135.0  -45.0  630.0  180.0
    24.1533     -26.27       4.63     835.24      23.73    1442.57      15.69  135.0  -45.0  630.0  180.0
    24.5362     -20.26       7.77     804.52      39.59    1045.46      19.76  135.0  -45.0  630.0  180.0
    24.5886     -15.08       6.52     765.59      31.76    1058.76      16.34  135.0  -45.0  630.0  180.0
    24.6410     -10.95       7.90     842.74      41.39    1012.36      19.50  135.0  -45.0  630.0  180.0
    24.6932     -10.49       3.11     719.75      13.04     980.01       5.80  135.0  -45.0  630.0  180.0
    25.0763     -17.51      11.77     789.91      59.52     670.41      19.41  135.0  -45.0  630.0  180.0
    25.1287     -24.48      11.22     763.75      55.38     678.03      18.54  135.0  -45.0  630.0  180.0
    25.1811     -20.20       9.36     795.51      47.28     681.94      15.46  135.0  -45.0  630.0  180.0
    25.2335     -23.98      11.06     793.51      56.20     675.23      18.30  135.0  -45.0  630.0  180.0
    25.6166     -42.53      11.54     763.55      56.95     548.91      15.35  135.0  -45.0  630.0  180.0
    25.6688     -32.32      21.35     725.07     102.74     413.49      21.49  135.0  -45.0  630.0  180.0
    25.7210     -39.79      14.84     816.43      77.39     464.36      17.27  135.0  -45.0  630.0  180.0
    25.7735     -27.33      20.75     712.68     100.73     419.03      21.59  135.0  -45.0  630.0  180.0
    26.1565     -22.91      29.29     721.79     140.38     318.42      22.83  135.0  -45.0  630.0  180.0
    26.2089     -20.45      26.53     664.57     122.03     317.29      20.31  135.0  -45.0  630.0  180.0
    26.2612      -2.68      28.26     698.87     135.44     318.99      22.05  135.0  -45.0  630.0  180.0
    26.3136     -35.37      27.58     647.63     126.72     311.21      20.93  135.0  -45.0  630.0  180.0
    26.6962     -13.86      37.62     805.78     202.78     262.11      26.07  135.0  -45.0  630.0  180.0
    26.7485     -36.31      41.93     653.90     197.78     217.61      22.88  135.0  -45.0  630.0  180.0
    26.8009     -63.38      40.36     638.27     180.68     203.43      19.98  135.0  -45.0  630.0  180.0
    26.8534     -63.06      44.47     595.44     227.10     168.21      19.26  135.0  -45.0  630.0  180.0
    27.2364     -24.14      63.70     403.95     248.44     129.24      21.18  135.0  -45.0  630.0  180.0
    27.2887      21.96      64.73     206.43     175.52      96.86      14.41  135.0  -45.0  630.0  180.0
    27.3412       7.19      82.31     535.86     336.37     104.11      20.94  135.0  -45.0  630.0  180.0
    27.3936     -58.01      51.78     550.61     287.84      90.67      12.05  135.0  -45.0  630.0  180.0
    27.7759     148.32      45.76     267.00    1099.00      45.60      11.08  135.0  -45.0  630.0  180.0
    27.8282    -108.70      52.98     491.59     860.00      46.24      10.68  135.0  -45.0  630.0  180.0
    27.8806      42.42      83.57     805.00    1609.00      31.69      11.77  135.0  -45.0  630.0  180.0
    27.9330     -90.57      50.59        NaN        NaN      39.54      10.73  135.0  -45.0  630.0  180.0
    28.3160     102.13     317.53     504.19    1259.21      26.14      10.74  135.0  -45.0  630.0  180.0
    28.3684      23.54     136.15     541.48     991.02      25.83      11.92  135.0  -45.0  630.0  180.0
    28.4207      48.35     211.05    1097.58    2802.04      28.47      13.95  135.0  -45.0  630.0  180.0
    28.4730     108.52     208.27    1310.40    2474.93      28.08      12.45  135.0  -45.0  630.0  180.0
    28.8561     221.56     305.16     585.80    1387.43      28.79      12.60  135.0  -45.0  630.0  180.0
    28.9084    -283.51      67.24     615.62    1969.36      14.51      11.53  135.0  -45.0  630.0  180.0
    28.9606    -121.53     313.72     933.95    2079.23      24.25      12.49  135.0  -45.0  630.0  180.0
    29.0130    -116.67      48.19     461.74    1027.06      26.55       9.47  135.0  -45.0  630.0  180.0
    29.3957     -32.17      55.35     421.37     226.83     112.86      13.29  135.0  -45.0  630.0  180.0
    29.4481     -37.71      40.54     653.90     189.31     183.22      18.82  135.0  -45.0  630.0  180.0
    29.5004     -12.82      31.38     690.21     148.48     263.47      20.58  135.0  -45.0  630.0  180.0
    29.5528      -0.53      22.33     699.13     105.33     335.00      18.21  135.0  -45.0  630.0  180.0
    18.8731      33.85      17.67     867.54      95.40     379.00      16.85  147.4   40.0  630.0  180.0
    19.4127      27.74      32.36     764.72     164.11     184.85      14.94  147.4   40.0  630.0  180.0
    19.9524      59.63       6.52     605.78      26.32     350.20       4.66  147.4   40.0  630.0  180.0
    20.4923      92.18       6.54     738.18      33.42     357.94       6.38  147.4   40.0  630.0  180.0
    21.0321      94.99       9.79     702.41      44.38     359.07       7.78  147.4   40.0  630.0  180.0
    21.5721      74.39       5.47     597.07      20.54     309.79       3.12  147.4   40.0  630.0  180.0
    22.1122      48.80       7.65     754.88      36.28     587.88      10.19  147.4   40.0  630.0  180.0
    22.6522      42.79       9.15     809.03      46.16     985.64      21.74  147.4   40.0  630.0  180.0
    23.1920      27.33       7.03     783.99      34.71    1241.33      20.78  147.4   40.0  630.0  180.0
    23.7323      34.38       6.03     809.41      30.20    1276.37      18.10  147.4   40.0  630.0  180.0
    24.2726      25.32       8.85     705.60      41.08     986.60      20.59  147.4   40.0  630.0  180.0
    24.8126      21.15      13.91     717.04      65.63     706.03      23.64  147.4   40.0  630.0  180.0
    25.3529       1.94      22.29     646.91     100.56     500.94      27.00  147.4   40.0  630.0  180.0
    25.8930     -31.69      27.72     614.50     125.25     370.21      25.31  147.4   40.0  630.0  180.0
    26.4327     -10.68      31.66     626.24     139.94     327.22      25.12  147.4   40.0  630.0  180.0
    26.9727     -32.27      40.73     563.01     251.83     131.05      16.09  147.4   40.0  630.0  180.0
    27.5124      23.79      80.00     418.17     357.41      82.02      18.33  147.4   40.0  630.0  180.0
    28.0521     112.62      86.77     382.19     579.67      40.86      11.56  147.4   40.0  630.0  180.0
    28.5922    -242.16     296.50    1067.00    4034.00      25.16      11.33  147.4   40.0  630.0  180.0
    29.1322     -37.12      71.41     449.15     829.31      34.09      12.04  147.4   40.0  630.0  180.0
    29.6723     -21.47      16.35     685.89      76.58     664.84      26.43  147.4   40.0  630.0  180.0
