                 MRH
    5    6 2015
    18.4388        NaN        NaN        NaN        NaN     984.76      22.20  102.6   -0.0  630.0  180.0
    18.9786        NaN        NaN        NaN        NaN     887.94      68.66  102.6   -0.0  630.0  180.0
    19.5179        NaN        NaN        NaN        NaN     586.82     108.04  102.6   -0.0  630.0  180.0
    20.0575        NaN        NaN        NaN        NaN     354.68      29.40  102.6   -0.0  630.0  180.0
    20.5977        NaN        NaN        NaN        NaN     650.30     147.85  102.6   -0.0  630.0  180.0
    21.1376        NaN        NaN        NaN        NaN     527.22     173.21  102.6   -0.0  630.0  180.0
    21.6777        NaN        NaN        NaN        NaN     661.95     148.77  102.6   -0.0  630.0  180.0
    22.2175        NaN        NaN        NaN        NaN     794.75      57.73  102.6   -0.0  630.0  180.0
    22.7575        NaN        NaN        NaN        NaN     821.73      45.74  102.6   -0.0  630.0  180.0
    23.2975        NaN        NaN        NaN        NaN     844.76      16.36  102.6   -0.0  630.0  180.0
    23.8379        NaN        NaN        NaN        NaN     808.19      28.87  102.6   -0.0  630.0  180.0
    24.3780        NaN        NaN        NaN        NaN     782.54      38.00  102.6   -0.0  630.0  180.0
    24.9181        NaN        NaN        NaN        NaN     734.30      70.15  102.6   -0.0  630.0  180.0
    25.4581        NaN        NaN        NaN        NaN     627.16      98.83  102.6   -0.0  630.0  180.0
    25.9982        NaN        NaN        NaN        NaN     720.44     125.43  102.6   -0.0  630.0  180.0
    26.5379        NaN        NaN        NaN        NaN     497.43     138.23  102.6   -0.0  630.0  180.0
    27.0780        NaN        NaN        NaN        NaN     670.53     222.50  102.6   -0.0  630.0  180.0
    27.6179        NaN        NaN        NaN        NaN     506.96     348.88  102.6   -0.0  630.0  180.0
    28.1576        NaN        NaN        NaN        NaN     516.42     903.34  102.6   -0.0  630.0  180.0
    29.2375        NaN        NaN        NaN        NaN     585.19     454.23  102.6   -0.0  630.0  180.0
    18.5442     -26.93      15.66        NaN        NaN     854.05      58.53   89.9  -45.0  630.0  180.0
    19.0840      -0.76      39.01        NaN        NaN     773.63     137.02   89.9  -45.0  630.0  180.0
    19.6233     -16.50      17.63        NaN        NaN     529.53      52.22   89.9  -45.0  630.0  180.0
    20.1630      39.07      38.34        NaN        NaN     637.93     121.89   89.9  -45.0  630.0  180.0
    20.7032     104.92      38.81        NaN        NaN     793.09     142.22   89.9  -45.0  630.0  180.0
    21.2432     117.31      34.94        NaN        NaN     605.22     108.31   89.9  -45.0  630.0  180.0
    21.7831     121.15      33.56        NaN        NaN     779.03     120.24   89.9  -45.0  630.0  180.0
    22.3231     119.10      16.93        NaN        NaN     737.69      57.98   89.9  -45.0  630.0  180.0
    22.8630      95.61       9.43        NaN        NaN     831.41      34.80   89.9  -45.0  630.0  180.0
    23.4033      81.89       4.15        NaN        NaN     820.09      13.98   89.9  -45.0  630.0  180.0
    23.9435      77.62       3.82        NaN        NaN     827.79      11.93   89.9  -45.0  630.0  180.0
    24.4835      79.38       8.03        NaN        NaN     822.87      29.15   89.9  -45.0  630.0  180.0
    25.0237      73.28      13.51        NaN        NaN     807.90      48.95   89.9  -45.0  630.0  180.0
    25.5637      56.27      25.41        NaN        NaN     758.19      89.30   89.9  -45.0  630.0  180.0
    26.1037      54.23      35.17        NaN        NaN     782.44     126.75   89.9  -45.0  630.0  180.0
    26.6435     -17.45      49.70        NaN        NaN     601.54     153.86   89.9  -45.0  630.0  180.0
    27.1837      -0.20      95.88        NaN        NaN     463.42     268.07   89.9  -45.0  630.0  180.0
    27.7233       4.54     163.83        NaN        NaN     214.30     350.82   89.9  -45.0  630.0  180.0
    28.2632      58.64      67.28        NaN        NaN     406.23    1147.72   89.9  -45.0  630.0  180.0
    28.8034      15.61     355.66        NaN        NaN    1200.00    4556.00   89.9  -45.0  630.0  180.0
    29.3431     107.23      71.30        NaN        NaN     280.18     363.04   89.9  -45.0  630.0  180.0
