                 MRH
    5    6 2015
      18.25       NaN       NaN       NaN       NaN    984.76     22.20    630.0   1800
      18.75    -26.93     15.66       NaN       NaN    870.99     45.11    630.0   1800
      19.25     -0.76     39.01       NaN       NaN    773.63    137.02    630.0   1800
      19.75    -16.50     17.63       NaN       NaN    558.18     60.00    630.0   1800
      20.25     39.07     38.34       NaN       NaN    496.30     62.69    630.0   1800
      20.75    104.92     38.81       NaN       NaN    721.69    102.57    630.0   1800
      21.25    117.31     34.94       NaN       NaN    566.22    102.14    630.0   1800
      21.75    121.15     33.56       NaN       NaN    720.49     95.64    630.0   1800
      22.25    119.10     16.93       NaN       NaN    766.22     40.91    630.0   1800
      22.75     95.61      9.43       NaN       NaN    826.57     28.74    630.0   1800
      23.25     81.89      4.15       NaN       NaN    832.42     10.76    630.0   1800
      23.75     77.62      3.82       NaN       NaN    817.99     15.62    630.0   1800
      24.25     79.38      8.03       NaN       NaN    802.70     23.95    630.0   1800
      24.75       NaN       NaN       NaN       NaN    734.30     70.15    630.0   1800
      25.25     73.28     13.51       NaN       NaN    717.53     55.15    630.0   1800
      25.75     56.27     25.41       NaN       NaN    739.31     76.99    630.0   1800
      26.25     54.23     35.17       NaN       NaN    782.44    126.75    630.0   1800
      26.75    -17.45     49.70       NaN       NaN    549.49    103.42    630.0   1800
      27.25     -0.20     95.88       NaN       NaN    566.98    174.19    630.0   1800
      27.75      4.54    163.83       NaN       NaN    360.63    247.38    630.0   1800
      28.25     58.64     67.28       NaN       NaN    461.33    730.29    630.0   1800
      28.75     15.61    355.66       NaN       NaN   1200.00   4556.00    630.0   1800
      29.25    107.23     71.30       NaN       NaN    432.68    290.74    630.0   1800
