  Image    fringe1  fringe2  fringe3  fringe4  fringe5  fringe6  fringe7
-----------------------------------------------------------------------------
    1     0.724999 0.725759 0.726840 0.717291 0.715824 0.714876 0.712979
    2     0.727701 0.727275 0.723366 0.719546 0.714369 0.712085 0.714368
    3     0.724847 0.726258 0.723720 0.719387 0.714873 0.711180 0.711222
    4     0.729929 0.726248 0.727640 0.718416 0.714083 0.713233 0.711688
    5     0.725520 0.725942 0.724578 0.716795 0.715332 0.714679 0.713605
    6     0.727187 0.728420 0.725470 0.716042 0.715369 0.712168 0.706194
    7     0.732238 0.723691 0.723145 0.721066 0.715131 0.709922 0.712741
    8     0.726498 0.724878 0.718335 0.719444 0.720154 0.713549 0.715342
    9     0.727991 0.727694 0.722650 0.713727 0.715225 0.711376 0.717793
   10     0.728530 0.724237 0.726295 0.718548 0.719623 0.706394 0.711484
   11     0.725756 0.724044 0.719725 0.717058 0.709294 0.706241 0.717484
   12     0.727979 0.722724 0.724238 0.718690 0.710252 0.713935 0.701089
   13     0.721554 0.726090 0.726573 0.716301 0.716113 0.707945 0.721174
   14     0.727135 0.728304 0.723157 0.716422 0.716490 0.701301 0.718292
   15     0.733445 0.727056 0.728104 0.719023 0.713605 0.711891 0.720313
   16     0.723302 0.720249 0.724516 0.717219 0.719871 0.713737 0.715247
   17     0.727789 0.726822 0.712470 0.714975 0.712591 0.702254 0.721611
   18     0.723509 0.720140 0.726403 0.714166 0.712467 0.714899 0.724289
   19     0.730798 0.720501 0.726722 0.724218 0.729568 0.709950 0.727166
   20     0.721524 0.720060 0.716594 0.722308 0.714363 0.705258 0.709022
   21     0.720890 0.730736 0.719420 0.705666 0.714356 0.708891 0.725876
   22     0.718940 0.722531 0.725068 0.714577 0.712875 0.714990 0.734284
   23     0.722505 0.726284 0.733566 0.718989 0.715079 0.711142 0.727947
   24     0.737456 0.732339 0.728479 0.720258 0.719363 0.724204 0.728999
   25     0.727016 0.716441 0.721608 0.726126 0.723155 0.705316 0.727289
   26     0.731393 0.727386 0.735938 0.730591 0.724816 0.724877 0.723796
   27     0.726050 0.735345 0.736718 0.727338 0.718736 0.721690 0.731459
   28     0.725545 0.738372 0.739139 0.730562 0.728462 0.729129 0.736940
   29     0.735948 0.732861 0.729866 0.728565 0.717049 0.723227 0.727162
   30     0.726466 0.718643 0.720103 0.715945 0.709327 0.707933 0.706702
   31     0.718671 0.722085 0.715955 0.713609 0.708724 0.702669 0.704117
   32     0.721722 0.717957 0.711002 0.707402 0.704860 0.700885 0.715047
   33     0.715724 0.720924 0.714300 0.716121 0.710995 0.707087 0.704740
   34     0.725164 0.728617 0.725656 0.718358 0.718643 0.708658 0.716161
   35     0.736472 0.730793 0.727437 0.720244 0.731147 0.719891 0.717602
   36     0.735731 0.745449 0.737991 0.736913 0.728943 0.724437 0.734870
   37     0.742932 0.728930 0.743041 0.719644 0.729015 0.717689 0.728621
   38     0.731318 0.742783 0.731158 0.734720 0.743342 0.739012 0.754857
   39     0.732704********* 0.737976 0.774822 0.722314 0.727209 0.731439
   40     0.729145 0.723746 0.723942 0.715261 0.707608 0.713357 0.715679
   41     0.713386 0.718573 0.714945 0.704526 0.699486 0.704710 0.696856
   42     0.724847 0.710196 0.714020 0.707631 0.705581 0.697228 0.705130
   43     0.736036 0.732601 0.712904 0.716292 0.723449 0.719273 0.730563
   44     0.727727 0.723234 0.721784 0.720886 0.715131 0.711932 0.710360
   45     0.723779 0.731732 0.746344 0.737485 0.726057 0.730047 0.744458
   46     0.725863 0.721717 0.737680 0.707146 0.730141 0.707278 0.742761
   47     0.731701 0.742197 0.724515 0.740438 0.720394 0.707778 0.733525
   48     0.738900 0.731022 0.758883 0.730861 0.720410 0.710775 0.745183
   49     0.747971 0.728240 0.734078 0.731247 0.712616 0.727009 0.741391
   50     0.723297 0.722563 0.725523 0.717558 0.712438 0.707536 0.714532
   51     0.716647 0.711324 0.712688 0.704256 0.698118 0.705518 0.693405
   52     0.708542 0.707890 0.707677 0.704078 0.703871 0.702576 0.692410
   53     0.727888 0.713987 0.718867 0.718849 0.710758 0.724373 0.733405
   54     0.721022 0.728319 0.731550 0.730873 0.728030 0.721851 0.735147
   55     0.745296 0.738108 0.749143 0.730796 0.722182 0.715673 0.735768
   56     0.739676 0.723995 0.730205 0.725126 0.728384 0.719097 0.729744
   57     0.748177 0.728953 0.733947 0.726319 0.721211 0.707409 0.721385
   58     0.740372 0.737974 0.737575 0.739970 0.731986 0.725955 0.758339
   59     0.750216 0.742098 0.748754 0.735181 0.737065 0.704206 0.752379
   60     0.722639 0.723727 0.720105 0.714847 0.714163 0.705331 0.711814
   61     0.717766 0.717807 0.714714 0.708404 0.701511 0.695335 0.702330
   62     0.719053 0.718014 0.719870 0.710513 0.700293 0.700491 0.721906
   63     0.722482 0.720440 0.721655 0.728318 0.716376 0.710689 0.733726
   64     0.733218 0.733233 0.728920 0.721399 0.726012 0.723843 0.719891
   65     0.744300 0.739448 0.741635 0.731203 0.724062 0.725129 0.735652
   66     0.740506 0.751138 3.957577 0.743814 1.786599 0.744240 0.721716
   67     0.732580 0.731166 0.746461 0.731056 0.716808 0.731322 0.752564
   68     0.733525 0.730219 0.742038 0.735419 0.736476 0.732646 0.744213
   69     0.741610 0.735755 0.736187 0.720963 0.734629 0.726477 0.722316
   70     0.728967 0.727515 0.725945 0.721501 0.716596 0.712975 0.713882
   71     0.720568 0.720503 0.712900 0.713766 0.708810 0.707733 0.705094
   72     0.715157 0.716301 0.713963 0.709685 0.711062 0.704102 0.703586
   73     0.726383 0.724986 0.729259 0.718774 0.714543 0.709322 0.713624
   74     0.730943 0.731066 0.732440 0.725863 0.723967 0.718865 0.722806
   75     0.741685 0.739005 0.740580 0.735732 0.727041 0.727440 0.726932
   76     0.737396 0.735812 0.732489 0.732416 0.723132 0.725532 0.730182
   77     0.739721 0.740831 0.735208 0.728976 0.724626 0.726677 0.727305
   78     0.735112 0.736476 0.736692 0.731814 0.727352 0.723677 0.726315
   79     0.737045 0.734905 0.739020 0.729143 0.730153 0.721540 0.725578
   80     0.729511 0.728812 0.727979 0.723334 0.717812 0.714694 0.713290
   81     0.721805 0.721281 0.715309 0.713075 0.710993 0.709159 0.705034
   82     0.712177 0.711688 0.726516 0.707294 0.708124 0.708264 0.706466
   83     0.726349 0.725610 0.725853 0.717091 0.718526 0.713054 0.714025
   84     0.735663 0.732899 0.732464 0.724729 0.721278 0.717962 0.718622
   85     0.739731 0.737575 0.736308 0.729617 0.729518 0.725467 0.723435
   86     0.736747 0.734545 0.732257 0.729867 0.723195 0.719679 0.720850
   87     0.737282 0.737312 0.730947 0.727733 0.725165 0.725418 0.724062
   88     0.737078 0.732981 0.734389 0.727266 0.726663 0.719807 0.721929
   89     0.735763 0.734091 0.731932 0.726623 0.723433 0.720848 0.719799
   90     0.732114 0.729674 0.726560 0.723658 0.719040 0.715421 0.713034
   91     0.724704 0.722328 0.720737 0.714281 0.713029 0.710750 0.709750
   92     0.695747 0.713005 0.735455 0.705069 0.717518 0.716528 0.710071
   93     0.727325 0.725937 0.724762 0.720687 0.717250 0.714183 0.710158
   94     0.737212 0.734471 0.732227 0.728747 0.723982 0.720527 0.720260
   95     0.738847 0.737665 0.733210 0.729876 0.726253 0.722684 0.721465
   96     0.737946 0.732606 0.731923 0.726791 0.724306 0.721902 0.719490
   97     0.735331 0.733416 0.729817 0.726650 0.723918 0.720908 0.718663
   98     0.734487 0.733263 0.730936 0.728388 0.725225 0.721580 0.715989
   99     0.735423 0.734871 0.731130 0.726249 0.723457 0.720688 0.718242
  100     0.731381 0.731729 0.730246 0.723271 0.721695 0.717244 0.717452
  101     0.721538 0.721145 0.720218 0.713166 0.711802 0.712664 0.708124
  102     0.681431 0.702997 0.768432 0.706780 0.706729 0.708924 0.704644
  103     0.726884 0.725763 0.723157 0.718790 0.715422 0.713223 0.711159
  104     0.734958 0.732325 0.731185 0.727005 0.725231 0.722261 0.719849
  105     0.738208 0.736550 0.734373 0.729334 0.725415 0.722992 0.719659
  106     0.733533 0.733938 0.730613 0.726164 0.721220 0.718791 0.717192
  107     0.734103 0.731357 0.729362 0.726405 0.720846 0.719848 0.717140
  108     0.733730 0.732352 0.730802 0.724847 0.721779 0.717478 0.717167
  109     0.731942 0.732851 0.731518 0.723588 0.720971 0.718320 0.717920
  110     0.731557 0.731457 0.728799 0.724454 0.721556 0.715577 0.716135
  111     0.724445 0.722848 0.723616 0.715817 0.711314 0.712202 0.709272
  112     0.682363 0.700506 0.746396 0.706423 0.715752 0.703387 0.698782
  113     0.724305 0.728885 0.723923 0.719574 0.715372 0.713481 0.709780
  114     0.738485 0.734215 0.733179 0.729933 0.724693 0.720907 0.719363
  115     0.739926 0.736300 0.733191 0.728922 0.726137 0.723724 0.723540
  116     0.734785 0.731136 0.729144 0.722242 0.721370 0.716943 0.716464
  117     0.731079 0.731232 0.729239 0.723150 0.719489 0.716569 0.715796
  118     0.730959 0.730341 0.727386 0.723594 0.721063 0.714089 0.715786
  119     0.732535 0.731151 0.728765 0.722097 0.719227 0.716008 0.709291
  120     0.733809 0.735197 0.728006 0.728089 0.720518 0.717393 0.716727
  121     0.717148 0.726661 0.726187 0.717063 0.716017 0.710005 0.715645
  122     0.711521 0.710667 0.721599 0.708704 0.707691 0.705828 0.718197
  123     0.721301 0.723887 0.723673 0.719448 0.713423 0.708798 0.712367
  124     0.737890 0.734566 0.732684 0.728216 0.722727 0.718719 0.725028
  125     0.736186 0.734070 0.734973 0.729102 0.723045 0.723934 0.724897
  126     0.730980 0.727762 0.734732 0.722382 0.717141 0.716101 0.717148
  127     0.732137 0.731650 0.728360 0.722705 0.722330 0.717952 0.719420
  128     0.734246 0.729528 0.728398 0.724339 0.718699 0.714504 0.717941
  129     0.732041 0.729059 0.729559 0.724908 0.722105 0.715584 0.718483
  130     0.731494 0.736182 0.732292 0.724953 0.722708 0.725160 0.717392
  131     0.715851 0.721768 0.731157 0.722226 0.719822 0.711353 0.724250
  132     0.709880 0.725087 0.730035 0.717543 0.702077 0.711800 0.716270
  133     0.718349 0.722256 0.732155 0.727050 0.722222 0.719294 0.723773
  134     0.732679 0.734078 0.732986 0.727806 0.730424 0.722834 0.728709
  135     0.731034 0.729852 0.737754 0.726581 0.719810 0.721449 0.722641
  136     0.734795 0.732282 0.735261 0.726945 0.721164 0.722824 0.716124
  137     0.729997 0.733495 0.729321 0.726593 0.721258 0.716026 0.724279
  138     0.733907 0.729093 0.731544 0.722035 0.725941 0.720751 0.725430
  139     0.731372 0.731143 0.724957 0.724303 0.724161 0.713233 0.727838
  140     0.728540 0.733253 0.735613 0.725590 0.721390 0.727840 0.734929
  141     0.729640 0.722540 0.734282 0.728065 0.721543 0.714726 0.727971
  142     0.717716 0.722083 0.739031 0.723779 0.722272 0.710881 0.712170
  143     0.714602 0.731999 0.745809 0.723493 0.723747 0.716347 0.735070
  144     0.719760 0.731789 0.732435 0.724924 0.718822 0.724732 0.731272
  145     0.724848 0.726556 0.740778 0.721729 0.721098 0.727141 0.728680
  146     0.721765 0.728609 0.738536 0.718837 0.721525 0.716851 0.731235
  147     0.730099 0.725155 0.731293 0.722248 0.719470 0.718330 0.725856
  148     0.717727 0.729568 0.729976 0.717998 0.726797 0.712374 0.718513
  149     0.724534 0.726118 0.743981 0.723367 0.719632 0.720939 0.731662
  150     0.720023 0.732096 0.729515 0.732520 0.723835 0.712156 0.733113
  151     0.716317 0.734925 0.735000 0.713860 0.718909 0.720333 0.726024
  152     0.715216 0.724892 0.735326 0.730225 0.715883 0.714484 0.721515
  153     0.709855 0.729692 0.738116 0.715382 0.718033 0.727779 0.748520
  154     0.728561 0.724799 0.736694 0.711751 0.724472 0.722721 0.727125
  155     0.719055 0.712452 0.734923 0.712135 0.721622 0.718362 0.730055
  156     0.705674 0.727215 0.737125 0.732203 0.717697 0.712944 0.732722
  157     0.718237 0.720945 0.754304 0.721593 0.719604 0.715051 0.756787
  158     0.726481 0.734176 0.753408 0.724800 0.718085 0.724354 0.741345
  159     0.725831 0.735045 0.745582 0.720668 0.714434 0.739604 0.741386
  160     0.719303 0.722937 0.743122 0.725454 0.731454 0.729482 0.717239
  161     0.713722 0.731453 0.726957 0.711470 0.724197 0.724658 0.727988
  162     0.716009 0.724706 0.744796 0.727720 0.721236 0.710939 0.732103
  163     0.709446 0.721564 0.741751 0.741288 0.716386 0.705626 0.719611
  164     0.726028 0.731653 0.736194 0.726795 0.724089 0.708921 0.764866
  165     0.703900 0.730339 0.737644 0.722454 0.724646 0.702418 0.972523
  166     0.688943 0.706951 0.739158 0.731527 0.733470 0.731945 0.772161
  167     0.716536 0.721324 0.714921 0.721380 0.712111 0.731095 0.794603
  168     0.695437 0.716719 0.765101 0.726778 0.733329 0.706827 0.786368
  169     0.734235 0.713440 0.739115 0.708937 0.722359 0.710888 0.805006
  170     0.696600 0.714835 0.767195 0.754594 0.733479 0.716573 0.775650
  171     0.696747 0.709525 0.752005 0.716117 0.747614 0.679804 0.746129
  172     0.676116 0.718821 0.746206 0.723225 0.710407 0.769960 0.795284
  173     0.719798 0.726002 0.775111 0.713711 0.726950 0.717769 0.839622
  174     0.734334 0.719557 0.747595 0.721760 0.703472 0.689365 0.629773
  175     0.683633 0.716711 0.759622 0.723913 0.745128 0.707834 0.962093
  176     0.687960 0.710656 0.774469 0.741915 0.698026 0.733495 0.684404
  177     0.714312 0.715890 0.735323 0.757629 0.777462 0.720117 0.957953
  178     0.665216 0.724353 0.746577 0.725603 0.698488 0.718834 0.733112
  179     0.660076 0.731675 0.720433 0.739078 0.736912 0.668537 1.230920
  180     0.66111020.808514 0.730545 0.703003 0.746123 0.687161 0.993211
  181     0.693255 0.741536 0.264537 0.662925 0.725429 0.983539 0.870093
  182     0.721343 0.693144 0.090223 0.779887 0.692027 0.734613 0.883613
  183     0.718038 0.490939 0.731780 0.710668 0.748458 0.726925 0.909517
  184    -5.550114 0.694468 0.150569 0.707289 0.807108 0.665545 0.932427
  185     0.711115 0.635829 0.706358 0.736888 0.736850 0.828778 0.981641
  186     0.643973 0.712344 0.747653 0.704791 0.706906 0.604464 0.950787
  187     0.663928 0.653451 0.086125 0.709354 0.664015 0.733664 0.947573
  188     0.826960 0.736079 0.659973 0.703505 0.724074 0.592349 0.976912
  189     0.704084 0.678607 0.740331 0.796027 0.723109 0.701365 0.890269
  190     0.072365 0.808362-7.168031 0.745766 0.756860 0.023885 0.713466
  191     0.755441 0.066913 0.905228 0.754454 0.760174 0.034215 0.946982
  192     0.508375 0.725647 0.696017 0.060595 0.644019 0.719868 0.916860
  193     0.592852 0.247516 0.152889 0.747520 0.721385 0.753492 0.860533
  194     0.806251 0.710914 0.257151 0.777686 0.719166 0.742049 0.861342
  195     0.696237 0.757022 0.000841 0.795488 0.154577 0.736716 0.973370
  196     0.658527 0.429504 0.688082 0.684274 0.742098 0.167139 0.920313
  197     0.710081 1.001720 0.250198 0.756463 0.711912 0.650024 0.903809
  198     0.715401 0.665884 0.796286 0.760300 0.733956 0.762867 0.893345
  199     0.661683 0.787915 0.737292 0.682934 0.788485 0.747409 0.645721
  200     0.646945 0.696000 0.180214 0.704809 0.725056 0.682846 0.804721
  201     0.692790 0.694904 0.208396 0.750719 0.711458 0.703149 0.897046
  202     0.696081 0.731551 0.735130 0.697502 0.696779 0.702830 0.838497
  203     0.722634 0.717120 0.760884 0.722354 0.746904 0.718030 0.799295
  204     0.722251 0.732428 0.751683 0.735421 0.747335 0.715130 0.747404
  205     0.711786 0.729391 0.731948 0.715255 0.719742 0.731603 0.739176
  206     0.704716 0.740445 0.738864 0.729959 0.733044 0.721819 0.743804
  207     0.721507 0.732030 0.736847 0.726971 0.719736 0.721228 0.748418
  208     0.725817 0.729467 0.728456 0.720263 0.722629 0.720820 0.731467
  209     0.717735 0.732393 0.736805 0.720595 0.711931 0.721342 0.720665
  210     0.726386 0.726603 0.727309 0.726481 0.717463 0.717212 0.720349
  211     0.724398 0.734070 0.737675 0.723567 0.721713 0.718517 0.725566
